488
   0 1072.9762  862.5204    17     2     9   997    -1
   1 1033.1536  885.6692    23     6     5  3165   471
   2 1126.8837  900.1213    42     8     8  5105   459
   3 1107.5992  902.6404    43     7     7  7562   427
   4 1088.3807  905.2647    45     7     8  7965    -1
   5 1069.1972  907.6554    46     8     7  8356   394
   6 1050.0984  910.2697    47     8     8  8707   380
   7 1031.1898  912.6505    47     8     8  8720   258
   8 1012.3314  915.2692    46     8     8  8717   367
   9  993.5070  917.6243    43     7     7  8578   365
  10 1127.4502  919.3500    42     7     7  5914   448
  11  974.7711  920.2273    46     8     8  8531   378
  12  769.3255  920.6653    22     5     6  2733   477
  13 1108.2267  921.6879    49     8     8  8545   361
  14  956.2237  922.5839    46     8     7  8619   352
  15 1088.7385  924.3771    48     8     8  8543   478
  16  937.6348  925.0794    45     7     8  8424   387
  17 1069.5407  926.7155    45     7     8  8488   351
  18  919.2308  927.4961    45     8     7  8465   371
  19 1050.4565  929.3647    44     7     8  8453   359
  20  900.8269  929.8736    46     8     8  8275   376
  21 1031.4483  931.6795    46     7     8  8529   236
  22  882.5502  932.3576    43     7     7  8240   405
  23 1012.4836  934.3199    45     7     8  8464   364
  24  864.3939  934.6232    42     7     7  8066   385
  25  993.5970  936.6109    43     7     7  8335   363
  26  846.2834  937.0699    45     8     8  7937   388
  27 1128.1671  938.5896    44     8     7  6051   433
  28  974.8439  939.1631    46     8     8  8267   345
  29  828.3063  939.4595    43     7     7  7874   409
  30 1108.6280  941.1310    48     8     8  8627   332
  31  956.2388  941.5223    46     8     7  8396   348
  32  810.3883  941.7673    43     7     7  7619   423
  33 1089.3240  943.5297    46     8     7  8557   395
  34  937.5892  943.8944    46     7     8  8307   357
  35  792.5886  944.2154    43     7     7  7365   432
  36 1069.9289  946.0735    48     8     8  8683   304
  37  919.0977  946.3525    44     8     7  8052   370
  38  774.8432  946.5246    45     8     7  7411   437
  39 1050.6949  948.5074    45     8     7  8571   301
  40  900.6665  948.6285    43     7     7  8089   346
  41  757.2462  948.8507    40     7     7  6653   451
  42 1031.6294  950.9278    47     8     8  8654    -1
  43  882.3367  951.0474    44     7     8  7914   381
  44  739.6841  951.2212    41     7     7  6239   455
  45 1012.6108  953.4320    44     7     7  8419   333
  46  864.0902  953.4333    45     8     7  7921   389
  47  722.1625  953.5797    39     7     7  5917   460
  48  845.9473  955.6902    43     8     7  7677   379
  49  993.7283  955.7089    46     8     8  8508   324
  50  704.8353  955.8953    40     7     7  5671   463
  51  687.6419  958.0869    33     7     6  3659   469
  52  827.8675  958.1208    44     8     8  7530   406
  53 1128.5609  958.1832    44     8     8  6127   414
  54  974.9058  958.2436    46     8     8  8369   330
  55  809.9307  960.4266    45     8     7  7579   412
  56 1109.2791  960.5082    46     8     7  8605   251
  57  956.2362  960.5399    46     8     7  8437   303
  58  792.0745  962.6912    43     8     7  7264   420
  59  937.5412  962.8762    46     7     8  8395   325
  60 1089.6592  962.9958    49     8     8  8824   377
  61  774.2794  965.0535    43     7     8  7032   431
  62  918.9493  965.3261    46     8     8  8234   337
  63 1070.3779  965.4560    45     8     7  8608   253
  64  756.5816  967.3707    41     7     7  6953   439
  65  900.4883  967.5556    42     7     7  8148   314
  66 1051.1094  967.7907    48     8     8  8696   227
  67  738.9586  969.6137    44     8     7  6960   446
  68  882.1129  969.8733    46     8     8  8073   319
  69 1031.8878  970.3056    49     8     8  8727    -1
  70  721.4257  971.8764    42     7     8  6609   454
  71  863.7548  972.2912    44     8     8  7899   350
  72 1012.8174  972.5770    45     8     7  8551   267
  73  704.0207  974.1738    42     8     7  6438   457
  74  845.5756  974.5111    41     7     7  7791   344
  75  993.8622  975.0118    48     8     8  8610   285
  76  686.8684  976.3945    38     7     7  4297   468
  77  827.4617  976.7798    46     7     8  7812   360
  78  974.9712  977.3997    46     8     7  8473   294
  79 1129.2817  977.6252    42     7     7  6022   339
  80  809.4321  979.1632    46     7     8  7614   382
  81  956.2314  979.6234    47     8     8  8486   230
  82 1109.6649  980.1818    50     8     8  8855   243
  83  791.5186  981.4393    41     7     7  7359   407
  84  937.4755  982.0263    47     7     8  8504   276
  85 1090.2334  982.5071    46     8     7  8672   203
  86  773.6887  983.6320    43     7     7  7265   417
  87  918.8043  984.3804    46     8     7  8344   327
  88 1070.6642  984.8972    47     8     8  8810   195
  89  755.9316  985.9115    45     8     8  7062   426
  90  900.3383  986.5869    44     8     7  8231   275
  91 1051.4253  987.3701    45     7     8  8661   199
  92  738.2406  988.2236    41     7     7  6761   440
  93  881.8262  988.8783    46     8     8  8131   286
  94 1032.2128  989.5948    47     8     8  8669   188
  95  720.6690  990.4481    41     7     7  6772   447
  96  863.4816  991.2577    46     7     8  8123   312
  97 1013.0457  992.0156    48     8     8  8733   201
  98  703.2202  992.6165    42     7     7  6631   450
  99  845.2272  993.4676    46     8     7  8040   308
 100  993.9773  994.3985    48     8     8  8658   224
 101  685.9608  994.8550    34     6     7  4024   467
 102  827.0490  995.6583    44     8     7  7734   336
 103  975.0647  996.6105    47     8     8  8550   225
 104 1129.8381  997.4810    45     8     7  6302   326
 105  808.9568  997.9433    47     8     8  7674   349
 106  956.1945  998.9234    47     8     8  8534   219
 107 1110.3372  999.7912    51     8     8  8976   162
 108  790.9605 1000.2631    45     8     8  7433   383
 109  937.4118 1001.3217    45     7     8  8476   217
 110 1090.5610 1002.2624    49     8     8  8857   177
 111  773.0823 1002.4519    45     8     7  7369   401
 112  918.6623 1003.5052    43     7     7  8286   256
 113 1071.1540 1004.5230    47     8     7  8755   117
 114  755.2918 1004.6129    42     7     7  7124   415
 115  900.1338 1005.7154    46     8     8  8267   249
 116  737.5596 1006.8269    45     7     8  6985   425
 117 1051.6631 1006.8410    47     8     8  8899   149
 118  881.5758 1008.0290    46     7     8  8238   255
 119  719.9027 1009.0695    44     8     8  6762   436
 120 1032.4364 1009.2800    46     7     8  8781   181
 121  863.1664 1010.3145    46     8     8  8067   268
 122  702.3886 1011.2826    43     7     7  6639   444
 123 1013.2674 1011.5128    46     8     7  8685   147
 124  844.8128 1012.4805    46     8     7  8055   288
 125  685.0907 1013.4348    34     6     7  4170   465
 126  994.1294 1013.7605    50     8     8  8773   142
 127  826.6044 1014.6207    43     7     7  7791   316
 128  975.0950 1016.1088    48     8     8  8676   185
 129  808.4580 1016.8791    46     7     8  7699   313
 130 1130.3888 1017.4176    43     7     7  6180   307
 131  956.1823 1018.4036    47     8     8  8592   191
 132  790.4108 1019.1496    46     7     8  7525   355
 133 1110.7538 1019.6418    48     8     8  8916   140
 134  937.3537 1020.5493    45     8     7  8435   156
 135  772.4688 1021.3806    43     7     7  7307   386
 136 1091.1151 1022.0230    50     8     8  9049   132
 137  918.5558 1022.7460    46     7     8  8519   175
 138  754.6103 1023.4903    41     7     7  7091   398
 139 1071.4808 1024.3641    47     7     8  8797   148
 140  899.8754 1025.0640    47     8     8  8339   198
 141  736.8347 1025.6188    45     8     7  7063   403
 142 1052.0579 1026.5684    49     8     8  8869   127
 143  881.3283 1027.3242    46     8     8  8280   207
 144  719.1456 1027.7608    42     8     8  6713   419
 145 1032.6194 1028.8562    48     8     8  8966    85
 146  862.8039 1029.4536    46     8     7  8160   221
 147  701.5758 1029.9603    45     7     8  6680   429
 148 1013.4237 1031.2233    47     7     8  8827   131
 149  844.4499 1031.5701    43     7     7  7942   228
 150  684.2016 1032.0951    35     6     7  4079   464
 151  994.2712 1033.4534    46     8     7  8650   113
 152  826.1832 1033.7507    45     8     8  7787   269
 153  975.1765 1035.5868    47     8     8  8584    81
 154  807.9586 1035.9674    47     8     8  7714   291
 155 1131.0922 1037.4176    45     8     7  6424   234
 156  956.1683 1037.8173    50     8     8  8740    75
 157  789.8449 1038.1950    45     8     8  7463   311
 158 1111.3781 1039.6127    50     8     8  8971   101
 159  937.2599 1040.0772    48     8     8  8639    72
 160  771.8302 1040.3415    45     8     7  7347   341
 161 1091.5298 1041.9168    48     7     8  9017   123
 162  918.4427 1042.3354    45     7     8  8441   155
 163  753.9424 1042.4630    45     8     7  7246   373
 164 1071.8544 1044.2606    51     8     8  9070   120
 165  899.6520 1044.4573    45     8     7  8291   180
 166  736.1083 1044.5448    45     8     7  7098   400
 167 1052.3788 1046.4632    47     8     7  8785    66
 168  881.0613 1046.5648    47     8     7  8256   170
 169  718.3718 1046.6173    42     7     7  6833   410
 170 1032.8808 1048.6558    50     8     8  9013    57
 171  862.5074 1048.6703    46     7     8  8212   166
 172  700.7743 1048.7264    41     7     7  6497   422
 173  844.0672 1050.8624    47     8     8  8023   173
 174  683.3042 1050.8951    37     7     7  4199   462
 175 1013.5533 1050.8955    48     7     8  8961    79
 176  825.7159 1053.0582    46     7     8  7834   209
 177  994.3625 1053.1796    48     8     8  8860    99
 178  807.4616 1055.2381    46     7     8  7737   262
 179  975.2169 1055.3820    48     8     8  8748    74
 180  789.3046 1057.3789    43     7     7  7426   300
 181  956.1529 1057.5091    46     8     7  8555    48
 182 1131.5540 1057.5526    44     8     7  6345   237
 183  771.2611 1059.4344    44     8     7  7323   309
 184  937.1779 1059.6042    47     8     8  8518    30
 185 1111.7864 1059.7241    49     8     8  9099    88
 186  753.2936 1061.5030    44     7     7  7190   342
 187  918.3121 1061.7525    49     8     8  8565    73
 188 1092.0079 1062.0114    51     8     8  9199    68
 189  735.3929 1063.5530    41     7     7  6914   375
 190  899.4798 1063.9224    48     7     8  8534   119
 191 1072.3141 1064.2646    48     8     8  9039    67
 192  717.5931 1065.5986    42     7     7  6774   393
 193  880.7600 1066.0919    48     8     8  8273   121
 194 1052.6127 1066.4826    48     8     7  8825    95
 195  699.9347 1067.6750    43     8     7  6636   392
 196  862.1721 1068.2473    47     8     8  8163   109
 197 1033.1877 1068.5793    50     8     8  8929    46
 198  682.4460 1069.7941    37     7     7  4237   456
 199  843.6381 1070.3717    44     7     8  7891   163
 200 1013.6918 1070.7944    48     8     8  8932    50
 201  825.2758 1072.4320    46     8     7  7871   182
 202  994.4580 1073.0061    48     7     8  8924    23
 203  806.9456 1074.4917    46     8     7  7717   229
 204  975.2539 1075.1710    49     8     8  8869    20
 205  788.7096 1076.5409    44     7     7  7482   250
 206  956.1004 1077.3212    50     8     8  8809    40
 207 1132.3049 1077.7512    47     7     8  6482   245
 208  770.6138 1078.5767    43     7     7  7298   252
 209  937.0557 1079.4276    48     8     8  8589    53
 210 1112.4157 1080.0363    51     8     8  9313    93
 211  752.5895 1080.6087    43     7     7  7134   260
 212  918.1386 1081.5100    46     8     7  8122    76
 213 1092.4606 1082.2283    47     7     8  8956    69
 214  734.6599 1082.6491    44     7     8  7010   297
 215  899.3174 1083.5349    45     8     7  7928    98
 216 1072.6104 1084.4082    50     8     8  9038    34
 217  716.8110 1084.7073    46     8     8  6930   328
 218  880.4872 1085.6144    46     7     8  8067   122
 219 1052.9707 1086.5438    49     8     8  9004    17
 220  699.0933 1086.7501    44     8     8  6650   366
 221  861.8250 1087.7051    47     8     8  8157   105
 222 1033.4414 1088.6835    49     8     8  8952     3
 223  681.5747 1088.8100    37     7     7  4221   452
 224  843.2780 1089.7513    47     8     8  8025   143
 225 1013.8988 1090.8140    50     8     8  9025    16
 226  824.7925 1091.8348    48     8     8  7946   157
 227  994.5227 1092.9757    48     7     8  8965    38
 228  899.2139 1093.4571    59     8     9 10331    19
 229  806.4231 1093.8790    47     7     8  7822   192
 230  975.3052 1095.1223    49     8     8  8894    32
 231  788.1558 1095.9448    46     8     8  7527   213
 232  956.0862 1097.2180    50     8     8  8837    33
 233  769.9788 1097.9908    46     8     8  7381   240
 234 1132.7903 1098.3026    47     8     8  6498   246
 235  936.9611 1099.2998    50     8     8  8703    41
 236  751.8911 1100.0054    47     8     8  7293   261
 237 1112.8949 1100.4124    51     8     8  9332   112
 238  917.9555 1101.3652    47     8     8  8120    54
 239  733.9115 1102.0142    47     8     8  7128   282
 240  907.3475 1102.4929    28     6     7  5183   239
 241 1092.9246 1102.5427    50     8     9  9172    89
 242  898.9528 1103.4590    45     8     7  7787    71
 243  716.0005 1103.9999    46     8     8  6919   305
 244 1073.0554 1104.6351    52     8     8  9247    44
 245  880.2397 1105.4521    46     8     7  7997    84
 246  698.2176 1105.9918    44     7     8  6659   334
 247 1053.3581 1106.7659    51     8     8  9196    15
 248  861.4889 1107.4692    43     7     7  7938   108
 249  680.7106 1107.9381    39     7     8  4210   442
 250 1033.6007 1108.8875    49     8     8  9114    13
 251  842.8256 1109.4652    46     8     7  7961   152
 252 1014.1184 1111.0230    50     8     8  9056     1
 253  824.3553 1111.4910    44     7     7  7749   161
 254  994.5959 1113.1039    49     8     8  8935     0
 255  805.8916 1113.4763    46     8     7  7691   184
 256  975.3500 1115.1854    49     8     8  8902     2
 257  787.5625 1115.4767    41     7     7  7331   196
 258  956.0561 1117.2336    50     8     8  8799     8
 259  769.3603 1117.4812    44     7     7  7303   214
 260 1133.4334 1118.7156    45     7     8  6499   232
 261  936.8550 1119.2892    51     8     8  8708    26
 262  751.2125 1119.4602    46     8     7  7250   247
 263 1113.4689 1120.8819    50     8     8  9487   126
 264  917.7610 1121.3375    50     8     8  8419    63
 265  733.1545 1121.4267    46     8     7  7087   281
 266 1093.4276 1123.0284    49     8     8  9414    55
 267  898.7914 1123.3286    50     8     8  8381    65
 268  715.1967 1123.3941    46     8     7  6910   298
 269 1073.4633 1125.0961    48     7     8  9238    78
 270  879.9135 1125.3054    50     8     8  8357    86
 271  697.3611 1125.3792    44     7     8  6678   317
 272 1053.5542 1127.1836    52     8     8  9297    22
 273  679.8087 1127.2145    38     7     7  4268   428
 274  861.1510 1127.2905    50     8     8  8271    87
 275 1033.8681 1129.2764    51     8     8  9157    29
 276  842.4511 1129.2805    46     7     8  8023   115
 277  823.8432 1131.2427    50     8     8  7999   118
 278 1014.3264 1131.3047    48     8     8  8933     5
 279  805.3697 1133.2105    46     7     8  7751   141
 280  994.7074 1133.3826    50     8     8  8873     4
 281  786.9816 1135.1327    47     8     8  7556   138
 282  975.3725 1135.3644    47     8     8  8679    14
 283  768.6979 1137.0797    47     7     8  7449   171
 284  956.0199 1137.3960    51     8     8  8811    28
 285  750.5028 1138.9698    47     7     8  7303   200
 286  936.7408 1139.3881    49     8     8  8601    12
 287 1134.0914 1139.4333    44     8     7  6341   293
 288  732.3903 1140.8394    47     7     8  7155   226
 289  917.5990 1141.3582    49     8     8  8531     9
 290 1113.9724 1141.5870    52     8     9  9672   106
 291  714.3849 1142.7197    45     7     8  6898   263
 292  898.5598 1143.3233    47     7     8  8367    11
 293 1093.7863 1143.6087    50     8     8  9326    91
 294  696.5143 1144.6181    44     7     8  6662   296
 295  879.6006 1145.2771    48     7     8  8254    18
 296 1073.8055 1145.6511    50     8     8  9362    39
 297  678.9375 1146.5529    39     7     7  4293   421
 298  860.7365 1147.2385    49     8     8  8094    62
 299 1053.8946 1147.6769    51     8     8  9276    35
 300  842.0230 1149.1410    49     8     8  8004    92
 301 1034.1578 1149.6861    53     8     8  9258     7
 302  823.3957 1151.0614    48     7     8  7999   107
 303 1014.4863 1151.7188    50     7     8  8986     6
 304  804.8409 1152.9644    46     8     8  7619   145
 305  994.8196 1153.6947    50     8     8  8965    24
 306  786.3896 1154.8163    47     7     8  7639   167
 307  975.4190 1155.6800    51     8     8  8896    43
 308  768.0550 1156.7265    49     8     8  7475   186
 309  955.9711 1157.6254    51     8     8  8784    49
 310  749.7945 1158.6041    48     8     8  7272   223
 311  936.6446 1159.5972    48     8     8  8513    37
 312 1134.5938 1160.2842    40     7     7  5860   274
 313  731.6176 1160.4987    44     7     7  6935   248
 314  917.4794 1161.5294    48     7     8  8383    47
 315 1114.4891 1162.3037    49     7     8  9504   125
 316  713.5607 1162.4404    43     7     8  6732   292
 317  898.3988 1163.4401    48     8     8  8289    83
 318 1094.3311 1164.3150    50     8     8  9464    60
 319  695.6408 1164.3227    45     7     8  6717   306
 320  879.3643 1165.3804    48     8     8  8194   124
 321  677.9807 1166.1143    37     6     8  4155   430
 322 1074.2498 1166.3224    50     8     8  9403    77
 323  860.4188 1167.3004    46     7     8  7965   134
 324 1054.2852 1168.3170    50     8     8  9212    25
 325  841.5855 1169.2014    47     7     8  7920   160
 326 1034.3989 1170.2891    51     8     8  9109    10
 327  822.8943 1171.0390    49     8     8  7875   168
 328 1014.5757 1172.2971    51     8     8  9037    31
 329  804.3027 1172.8686    48     8     8  7736   179
 330  994.9826 1174.2565    52     8     8  9023    51
 331  785.7824 1174.7265    47     8     8  7471   202
 332  975.4322 1176.1610    49     8     8  8818    42
 333  767.3972 1176.5713    44     7     8  7180   235
 334  955.9465 1178.0975    52     8     8  8839    27
 335  749.0745 1178.4759    47     8     7  7158   265
 336  936.5405 1179.9732    48     7     8  8678    58
 337  730.8341 1180.3262    48     8     8  7066   299
 338 1135.1115 1181.3053    44     7     8  6463   287
 339  917.3591 1181.8581    51     8     8  8627    94
 340  712.7349 1182.1389    47     8     8  6897   322
 341 1115.0006 1183.2387    51     8     8  9700   114
 342  898.1572 1183.7201    51     8     8  8471   103
 343  694.7757 1183.8859    44     7     8  6574   343
 344 1094.7083 1185.2326    53     8     8  9680   116
 345  879.0566 1185.5918    51     8     8  8236   104
 346  677.0551 1185.6291    37     6     7  4127   443
 347 1074.5759 1187.1719    52     8     8  9515    36
 348  860.0903 1187.4792    50     8     9  8031   139
 349 1054.5295 1189.1173    51     8     8  9297    56
 350  841.2020 1189.3438    49     8     8  7917   144
 351 1034.5655 1191.0354    50     8     8  9176    45
 352  822.4125 1191.1895    48     7     8  7884   172
 353 1014.7395 1192.9596    52     8     8  9193    82
 354  803.7454 1192.9735    50     8     8  7786   189
 355  785.2047 1194.7454    50     8     8  7577   210
 356  995.0765 1194.8715    52     8     8  9001    21
 357  766.7066 1196.5558    48     8     8  7327   241
 358  975.4731 1196.7894    50     7     8  8778    59
 359  748.3673 1198.4248    46     7     8  7085   266
 360  955.8801 1198.6355    50     8     8  8632    70
 361  730.0784 1200.1735    48     8     8  7018   295
 362  936.4834 1200.4908    51     7     9  8521    64
 363  711.9049 1201.9138    46     8     8  6788   320
 364 1136.0777 1202.1862    40     7     7  4801   390
 365  917.1545 1202.3529    50     8     8  8454    61
 366  693.8704 1203.6621    47     8     8  6675   356
 367  897.8874 1204.1903    51     8     8  8392   102
 368 1115.4886 1204.3192    49     7     8  9496   165
 369  676.0623 1205.4485    36     6     7  4071   441
 370  878.7064 1205.9839    50     8     8  8290   128
 371 1095.2598 1206.2361    51     8     8  9643   135
 372  859.6655 1207.7768    49     8     8  8076   133
 373 1075.0335 1208.1696    53     8     8  9671   129
 374  840.7332 1209.5749    48     8     8  7804   151
 375 1054.8521 1210.0491    53     8     8  9518   130
 376  821.8950 1211.4066    49     8     8  7716   174
 377 1034.8321 1211.9372    53     8     8  9338    96
 378  803.2081 1213.1718    49     8     8  7620   205
 379 1014.9479 1213.8082    52     8     8  9108    97
 380  784.5707 1214.9182    48     7     8  7534   244
 381  995.1975 1215.6722    52     8     8  8878    80
 382  766.0695 1216.6619    50     8     8  7362   277
 383  975.4846 1217.5103    51     7     9  8665   111
 384  747.6141 1218.4443    45     7     8  6937   315
 385  955.8572 1219.3462    51     8     8  8591    52
 386  729.2936 1220.2096    47     8     8  6947   335
 387  936.4119 1221.1309    49     8     8  8535   110
 388  711.0645 1221.8691    48     8     8  6816   368
 389  916.9576 1222.9388    52     8     8  8518    90
 390  692.9704 1223.5905    47     8     8  6595   374
 391 1135.3676 1223.9128    30     5     7  3472   384
 392  897.6154 1224.7463    50     8     8  8343   100
 393  675.0850 1225.3741    37     6     7  4098   453
 394 1116.0706 1225.5279    53     8     9  9885   193
 395  878.4514 1226.4944    50     7     9  8071   146
 396 1095.6797 1227.3943    53     8     9  9766   153
 397  859.3671 1228.2766    49     8     8  7982   164
 398 1075.4432 1229.2526    52     8     8  9551   204
 399  840.3511 1230.0174    49     8     8  7931   190
 400 1055.2599 1231.1217    53     8     8  9456   158
 401  821.4403 1231.7264    47     7     8  7645   238
 402 1035.1664 1232.9798    53     8     8  9334   159
 403  802.6334 1233.4837    47     7     9  7371   273
 404 1015.1792 1234.7956    53     8     8  9084   169
 405  783.9523 1235.2309    50     8     8  7457   271
 406  995.3075 1236.6031    53     8     9  8849   137
 407  765.3690 1236.8798    47     7     8  7258   323
 408  975.5026 1238.3797    52     7     9  8670   176
 409  746.8784 1238.6060    48     8     8  7040   338
 410  955.7967 1240.1698    53     8     8  8683   136
 411  728.5115 1240.3459    46     7     8  6823   358
 412  936.3176 1241.9494    53     8     8  8658   154
 413  710.2103 1241.9558    48     8     8  6781   399
 414  692.0726 1243.6280    49     8     8  6652   402
 415  916.7497 1243.6895    49     8     8  8261   150
 416 1136.3954 1244.9741    35     6     7  3720   362
 417  674.1088 1245.3685    37     6     7  4033   466
 418  897.4196 1245.3939    51     8     9  8194   178
 419 1116.5861 1246.9388    51     8     8  9776   211
 420  878.1612 1247.1580    50     8     8  8100   183
 421 1096.2033 1248.7268    54     8     8  9859   254
 422  858.9456 1248.8485    51     8     8  7985   197
 423 1075.7695 1250.5484    54     8     9  9624   222
 424  839.8584 1250.5561    50     8     9  7759   242
 425  820.9210 1252.2745    50     8     8  7654   278
 426 1055.5156 1252.3097    53     8     9  9244   212
 427  802.0785 1253.9247    49     8     8  7463   321
 428 1035.4066 1254.1011    51     8     8  8983   208
 429  783.3464 1255.6041    48     7     8  7204   340
 430 1015.3477 1255.9102    53     8     8  9020   218
 431  764.6716 1257.2928    47     8     8  7075   354
 432  995.4009 1257.6958    54     8     9  8808   187
 433  746.1479 1258.8994    48     8     8  6987   397
 434  975.5157 1259.4040    51     7     9  8489   215
 435  727.6855 1260.5400    46     7     8  6699   408
 436  955.7196 1261.1438    53     8     8  8615   231
 437  709.3635 1262.2326    47     7     8  6651   411
 438  936.1638 1262.8685    53     8     8  8504   194
 439  691.1573 1263.7997    46     8     8  6414   434
 440  916.5784 1264.5874    52     8     9  8238   216
 441  673.1455 1265.4565    39     6     7  4043   474
 442  897.1815 1266.2693    50     8     8  8135   206
 443 1137.5592 1266.5434    43     7     7  6002   418
 444  877.7571 1267.9276    52     8     8  8119   233
 445 1117.1452 1268.2214    50     8     8  8914   347
 446  858.5645 1269.6265    49     7     9  7722   259
 447 1096.5538 1270.0550    52     8     8  9176   284
 448  839.4500 1271.2390    48     7     8  7637   310
 449 1076.1864 1271.9124    53     8     8  9457   302
 450  820.4342 1272.8820    48     7     8  7570   329
 451 1055.7870 1273.7400    56     8     9  9601   272
 452  801.5047 1274.5406    50     7     9  7355   372
 453 1035.5853 1275.4815    55     8     9  9397   264
 454  782.6746 1276.1803    48     8     8  7204   369
 455 1015.4997 1277.1208    52     8     8  9095   283
 456  763.9985 1277.7490    49     8     8  7060   396
 457  995.4619 1278.9321    52     8     8  9113   257
 458  745.4005 1279.3824    47     7     8  6823   416
 459 1124.2913 1279.5696     6     4     3   415    -1
 460  975.5132 1280.6403    53     7     9  8958   220
 461  726.8901 1280.9631    47     8     8  6654   424
 462  955.6668 1282.2566    55     8     9  9033   279
 463  708.4799 1282.5297    46     7     9  6376   438
 464  935.9875 1283.9493    55     8     8  8967   270
 465  690.2071 1284.1337    47     8     8  6358   449
 466  916.3986 1285.6128    53     8     9  8634   289
 467  672.1934 1285.6198    36     6     7  3845   475
 468  896.8692 1287.2383    51     8     8  8446   290
 469  877.4844 1288.9016    49     8     8  8297   280
 470  858.1670 1290.4809    54     8     9  8261   318
 471  838.9489 1292.1014    52     8     8  8087   331
 472  819.8495 1293.6823    51     8     9  7854   353
 473 1067.8309 1293.9534     8     3     6   808    -1
 474  800.8961 1295.2729    51     8     8  7675   391
 475  782.0344 1296.8250    51     8     8  7522   404
 476  763.2736 1298.4052    49     8     9  7220   413
 477  744.5923 1299.9273    48     7     8  7071   435
 478  726.0715 1301.4264    49     8     9  6606   445
 479  707.6333 1302.8950    48     7     8  6203   458
 480  689.3038 1304.4141    44     7     7  5671   461
 481  671.2022 1305.8656    38     6     8  3522   470
 482 1084.1250 1318.5278     6     3     3   372    -1
 483  727.4356 1322.4085    14    12     2   995   472
 484  763.0095 1326.3859    26     6     5  2615   476
 485 1066.7105 1421.2368    10     3     6   519    -1
 486 1100.7500 1422.5000     5     3     3   258    -1
 487 1100.5909 1428.6818     6     3     4   311    -1
