486
   0  938.9150  727.1122    20     3    10  1147   474
   1  933.7045  736.1256    17     6     4  1427    -1
   2  889.0016  753.2489    33     7     6  5103   461
   3 1000.0669  768.1404    54     8     8  8676    -1
   4  977.0561  771.7532    56     8     9 11405    -1
   5  954.1098  775.1863    54     8     8 11516    -1
   6  931.2997  778.8269    56     9     8 11662   421
   7  908.7775  782.1367    54     8     8 11584   304
   8  886.2390  785.7755    52     8     8 11290   340
   9  863.9406  789.1514    54     8     8 11449   324
  10 1000.2896  790.9571    55     9     8  8937   450
  11  841.7298  792.6468    53     8     9 11044   314
  12  977.1916  794.3618    60     9     9 11978   383
  13  819.6379  796.0117    51     8     8 11041   336
  14  954.1570  797.9312    56     8     8 11603    -1
  15  797.7059  799.4325    54     8     9 10836   351
  16  931.2554  801.3293    58     9     9 11378   384
  17  579.4911  802.1994    30     7     6  4424   472
  18  775.8446  802.8413    53     8     8 10900   371
  19  908.5919  804.9068    53     9     8 10986    -1
  20  754.2136  806.1120    53     8     8 10779   409
  21  886.0237  808.2444    53     8     8 10998   293
  22  732.5674  809.5261    51     8     9 10323   424
  23  863.5972  811.7791    51     8     8 10514   403
  24  711.1474  812.8188    51     8     8 10567   419
  25 1000.6137  813.9446    54     9     8  8960   442
  26  841.3581  815.0436    52     8     8 10613   286
  27  689.8042  816.0966    50     8     8 10433   425
  28  977.3448  817.2996    60     9     9 12061   399
  29  819.1570  818.4464    51     8     9 10348   393
  30  668.6157  819.3846    49     8     8 10033   429
  31  954.1589  820.8768    54     8     8 11484   437
  32  797.1274  821.8270    51     8     8 10409   397
  33  647.5918  822.6856    50     8     8 10182   423
  34  931.2077  824.1659    55     8     9 11336   420
  35  775.2192  825.0843    52     8     8 10336   394
  36  626.6880  825.9470    50     8     8 10353   428
  37  908.4019  827.7272    58     9     9 11205   435
  38  753.4376  828.3817    48     8     8  9695   404
  39  605.9408  829.1768    51     8     8 10288   422
  40  885.7457  831.0246    54     8     8 11091   254
  41  731.6829  831.7389    50     8     8  9968   414
  42  585.3114  832.4030    51     8     9 10059   426
  43  863.2583  834.3257    53     8     9 10698   438
  44  710.2186  834.9488    50     8     8  9978   405
  45  564.8216  835.6571    51     8     8  9825   434
  46 1000.7864  837.0540    56     8     8  9273   402
  47  840.8323  837.7682    52     8     8 10722   441
  48  688.7709  838.1864    50     8     8  9867   408
  49  544.3969  838.8734    49     8     8  9435   444
  50  977.4843  840.4838    63     9     9 12347   287
  51  818.5772  841.0225    50     8     8 10514   464
  52  667.5324  841.4405    48     7     9  9475   418
  53  524.0906  842.0728    53     8     8  9572   448
  54  954.1894  843.9291    57     9     8 11708   401
  55  796.4937  844.2512    49     7     8 10082    -1
  56  646.4405  844.6735    46     7     8  9471   415
  57  503.9304  845.2255    53     8     8  9500   452
  58  931.1240  847.2087    55     8     9 11483   294
  59  774.4744  847.6463    50     7     9  9950    -1
  60  625.4569  847.8741    48     7     8  9701   413
  61  484.0683  848.3581    47     8     8  6466   458
  62  908.2099  850.6741    56     8     9 11289   406
  63  752.5427  850.8941    49     8     8 10140   373
  64  604.5845  851.0728    49     8     8  9730   398
  65  885.4854  853.9731    52     9     8 10903    -1
  66  730.8204  854.0650    50     8     8 10118   382
  67  583.8756  854.2228    50     8     8  9643   411
  68  862.8844  857.1977    52     8     8 10896   320
  69  709.2705  857.2393    50     8     8  9912   370
  70  563.2948  857.3861    49     8     8  9447   432
  71 1000.9359  860.4463    57     8     9  9280   354
  72  687.7093  860.4713    49     8     9  9663   376
  73  542.7888  860.5281    51     8     9  9481   439
  74  840.4148  860.5528    54     8     9 10578    -1
  75  522.4526  863.6541    51     8     8  9593   436
  76  666.4389  863.6565    46     7     8  9496   380
  77  818.0787  863.8209    51     8     8 10614   316
  78  977.6178  863.8933    60     9     9 12041   251
  79  502.2242  866.7420    51     8     8  9679   443
  80  645.2552  866.8293    49     8     8  9766   368
  81  795.7963  867.0388    53     8     8 10642   330
  82  954.2134  867.0950    57     9     8 11746   463
  83  482.3262  869.7961    45     7     8  6566   456
  84  624.1838  869.9492    49     8     8  9740   358
  85  773.7217  870.1878    51     8     8 10346   323
  86  931.0476  870.4773    56     8     9 11646   250
  87  603.2522  873.0716    51     8     8  9859   363
  88  751.7586  873.4119    52     8     9 10183   322
  89  908.0577  873.8130    55     8     8 11428   282
  90  582.4661  876.1921    49     7     8  9669   391
  91  729.9431  876.6458    52     8     9 10118   328
  92  885.2523  877.0269    53     8     8 11116    -1
  93  561.7701  879.2883    51     8     8  9677   392
  94  708.2948  879.7908    51     8     8 10050   321
  95  862.5362  880.1846    56     9     9 10948   240
  96  541.2208  882.3665    50     8     8  9534   416
  97  686.6520  882.9225    51     8     8 10077   338
  98  839.9288  883.5430    54     8     9 10956   265
  99 1001.1338  884.0136    55     9     8  9164   292
 100  520.7901  885.4262    53     8     9  9657   417
 101  665.3171  885.9826    50     8     8  9985   319
 102  817.4913  886.8471    52     9     8 10515   301
 103  977.7693  887.2716    60     9     9 12344   174
 104  500.5087  888.4916    53     9     9  9701   430
 105  644.0069  889.0860    51     8     8  9936   305
 106  795.2399  889.9275    53     8     8 10701   281
 107  954.1949  890.6809    59     9     9 12086   229
 108  480.5040  891.5194    42     7     7  6322   455
 109  622.8554  892.1707    51     8     8  9865   325
 110  773.0072  893.0534    53     8     8 10505   273
 111  930.9846  893.9025    56     8     8 11819   199
 112  601.8459  895.2518    50     8     8  9751   347
 113  750.9683  896.1532    51     8     8 10306   263
 114  907.8823  897.0811    56     8     8 11602   187
 115  580.9906  898.3197    50     8     8  9650   350
 116  729.0697  899.2361    51     8     8 10189   248
 117  884.9500  900.2831    54     8     9 11328   222
 118  560.2626  901.3639    50     8     9  9584   362
 119  707.3069  902.3477    50     8     9  9931   244
 120  862.1064  903.5406    55     8     9 11252   208
 121  539.6049  904.3892    51     8     9  9616   389
 122  685.5931  905.4837    50     8     9  9817   279
 123  839.4621  906.8099    55     9     9 10826   241
 124  519.1199  907.3874    52     8     9  9671   388
 125 1001.3339  907.8840    59     9     9  9440   288
 126  664.1417  908.5512    52     8     9  9863   275
 127  816.9098  909.8663    54     8     8 10939   236
 128  498.7791  910.3910    54     8     9  9799   395
 129  977.8882  911.0159    56     8     8 12159   150
 130  642.7315  911.6300    50     8     9  9762   261
 131  794.5222  912.9685    50     8     8 10600   219
 132  478.6851  913.4153    43     7     8  6483   453
 133  954.2519  914.2242    60     9     9 12149   162
 134  621.5227  914.6648    48     7     8  9656   291
 135  772.3343  916.0188    51     8     8 10528   200
 136  930.9340  917.4524    58     8     9 11963   163
 137  600.4558  917.6927    48     7     8  9644   318
 138  750.1912  919.0898    52     8     8 10465   193
 139  579.5047  920.6958    48     7     8  9623   310
 140  907.7279  920.7198    57     8     9 11575   154
 141  728.1765  922.1286    52     8     8 10367   180
 142  558.6814  923.6772    49     8     8  9562   343
 143  884.6600  923.8964    52     8     8 11076   169
 144  706.3236  925.1458    51     8     8 10277   203
 145  537.9949  926.6391    52     8     9  9724   348
 146  861.7268  926.9596    54     8     8 11232   164
 147  684.5442  928.1779    48     7     8 10004   207
 148  517.4270  929.5712    52     8     9  9733   361
 149  839.0008  930.0487    55     8     8 11226   152
 150  662.9526  931.1867    50     8     8 10026   197
 151 1001.6684  931.8190    60     9     9  9693   221
 152  497.0223  932.4972    52     8     9  9765   360
 153  816.4054  933.0674    51     8     8 10775   143
 154  641.5358  934.1841    47     7     8  9866   224
 155  977.9622  934.9776    56     8     8 12302   129
 156  476.8555  935.4173    46     8     8  6618   451
 157  793.8711  936.1593    51     8     8 10763   141
 158  620.2514  937.1608    51     8     8  9987   201
 159  954.2424  938.0785    60     9     9 12220   137
 160  771.5174  939.1303    52     8     8 10520   131
 161  599.0663  940.1413    52     8     8 10015   243
 162  930.8420  941.2020    57     8     9 12000   110
 163  749.3715  942.1567    51     8     8 10494   122
 164  578.0492  943.0984    52     8     8  9998   276
 165  907.5290  944.3029    58     9     9 11794   117
 166  727.2707  945.1657    51     8     8 10418   106
 167  557.1677  946.0467    52     8     8 10015   274
 168  884.3374  947.4465    59     9     9 11737   105
 169  705.3110  948.1427    51     8     8 10337   138
 170  536.3888  948.9689    50     8     8  9902   278
 171  861.3431  950.5646    56     8     9 11377   123
 172  683.4870  951.1160    49     7     8 10195   139
 173  515.7155  951.8948    51     8     8  9928   302
 174  838.5011  953.6502    56     9     9 11191   118
 175  661.7640  954.1045    51     8     8 10168   177
 176  495.2339  954.7827    52     8     8  9925   337
 177 1001.8485  955.9937    56     8     8  9584   223
 178  815.7800  956.6895    56     8     9 11199   104
 179  640.2932  957.0391    51     8     8 10194   165
 180  475.0544  957.6463    48     8     8  6727   427
 181  978.0100  959.0199    57     8     9 12417    99
 182  793.2104  959.6609    54     8     9 11045   100
 183  618.8629  959.9987    52     8     8 10122   188
 184  954.2550  962.1308    61     9     9 12409    83
 185  770.7317  962.6654    54     8     9 10813    69
 186  597.6203  962.9381    51     8     8 10112   195
 187  930.7703  965.1853    58     9     9 12095    82
 188  748.4733  965.5788    53     8     9 10617    86
 189  576.5261  965.8442    49     7     8  9951   216
 190  907.3041  968.2480    60     9     9 11996    63
 191  726.3031  968.4897    53     8     9 10598    39
 192  555.5676  968.7079    51     8     9  9871   234
 193  884.0477  971.2944    58     8     9 11948    75
 194  704.2747  971.3486    54     8     9 10565    59
 195  534.7342  971.5132    53     8     9  9935   237
 196  682.3941  974.2092    52     8     9 10402    50
 197  514.0407  974.2738    53     8     9  9983   252
 198  860.9713  974.3232    56     8     9 11697    52
 199  493.4832  977.1050    52     9     8 10084   262
 200  660.5700  977.1319    50     8     8 10228   103
 201  838.0095  977.3124    57     8     9 11613    58
 202  473.2162  979.9625    49     8     8  6956   381
 203  638.9966  980.0601    53     8     8 10342    80
 204  815.2296  980.2143    56     8     9 11316    32
 205 1001.9635  980.2697    61     8     9  9984   212
 206  617.5165  982.9605    48     7     8 10146   156
 207  792.5489  983.1346    56     9     9 11142    27
 208  978.0959  983.3517    63     9     9 13068    98
 209  596.2317  985.8407    52     8     8 10182   142
 210  769.9925  986.1190    55     8     8 11049    28
 211  954.2637  986.4075    62     9     9 12810    88
 212  575.0556  988.6505    52     8     9 10106   179
 213  747.5726  988.9871    50     8     8 10347    43
 214  930.6667  989.3729    61     9     9 12562    70
 215  554.0120  991.3815    53     8     9 10078   172
 216  725.3920  991.9449    51     8     8 10161    25
 217  907.0902  992.3958    59     8     9 12320    48
 218  533.1067  994.1345    53     8     8 10221   206
 219  703.2161  994.8507    53     8     8 10398    45
 220  883.7921  995.3356    58     8     9 12059    42
 221  512.3094  996.9953    52     8     8 10180   190
 222  681.2393  997.6618    53     8     9 10579    31
 223  860.6085  998.2607    58     9     9 11829    21
 224  491.6726  999.8276    53     8     9 10215   189
 225  659.4211 1000.4111    53     8     9 10447    61
 226  837.5469 1001.1786    58     9     9 11644    18
 227  471.3782 1002.5106    49     8     9  6882   290
 228  637.6980 1003.1836    55     8     9 10537    68
 229  724.9022 1003.6852    68     8     9 13915     0
 230  814.6408 1004.0725    55     8     9 11339     2
 231 1002.1102 1004.8834    58     9     9  9598   210
 232  616.2048 1006.0360    53     8     8 10424    89
 233  791.8264 1007.0083    55     8     8 11447    10
 234  978.1725 1007.8383    62     9     9 12852    91
 235  594.7428 1008.9052    52     8     8 10334    96
 236  769.2555 1009.9239    54     8     8 11153    12
 237  954.2594 1010.8126    61     9     9 12639   101
 238  573.5141 1011.6688    54     8     9 10301   111
 239  746.7073 1012.8014    54     8     9 10563     4
 240  930.5133 1013.7794    61     9     9 12483    90
 241  734.3681 1014.2523    34     8     7  6452   168
 242  552.4342 1014.2922    54     8     9 10302   120
 243  724.3789 1015.5707    54     8     9 10354    24
 244  906.9471 1016.7236    60     8     9 12446    64
 245  531.4295 1017.0574    51     8     8 10227   127
 246  702.1902 1018.2500    56     8     9 10748     1
 247  883.4508 1019.6288    60     9     9 12245    35
 248  510.5496 1019.8757    52     9     8 10236   144
 249  680.1500 1021.0774    54     8     8 10792    20
 250  860.1585 1022.5186    59     8     9 12175    30
 251  489.8678 1022.5254    57     8     9 10496   132
 252  658.2104 1023.9194    54     8     8 10700    19
 253  469.4850 1025.1437    49     7     8  7132   258
 254  837.0183 1025.3596    58     8     9 11983    15
 255  636.4282 1026.6684    54     8     9 10651    29
 256  814.0396 1028.1551    58     8     9 11807    11
 257  614.7990 1029.3170    53     8     9 10536    65
 258 1002.4360 1029.6585    58     9     9  9192   218
 259  791.1912 1031.0031    55     8     8 11519     6
 260  593.3526 1032.0497    51     8     8 10438    60
 261  978.2853 1032.5338    62     9     9 12966    97
 262  768.4446 1033.8771    58     9     9 11351     8
 263  571.9847 1034.8589    55     8     9 10534    79
 264  954.2534 1035.4833    62     9     9 12987   121
 265  745.8607 1036.6100    57     8     9 11308    13
 266  550.8046 1037.4503    55     8     9 10501   115
 267  930.4216 1038.3283    63     9     9 12772    67
 268  723.4331 1039.2603    55     8     9 11037     9
 269  529.7410 1040.0795    55     8     8 10494   128
 270  906.7527 1041.1844    61     9     9 12477    51
 271  701.1539 1042.0350    55     8     8 11068    23
 272  508.7853 1042.8702    55     8     9 10494   147
 273  883.0944 1044.0186    57     8     9 12166    49
 274  678.9526 1044.8243    56     8     9 11051    38
 275  488.0565 1045.4056    57     8     9 10679   149
 276  859.7987 1046.9098    59     8     9 12070    34
 277  656.9623 1047.4653    54     8     9 10969    26
 278  467.5812 1048.0448    48     7     8  7176   255
 279  836.5083 1049.6883    60     9     9 12085     7
 280  635.1494 1050.1071    55     8     9 10830    74
 281  813.4211 1052.4368    60     9     9 12083     5
 282  613.4382 1052.9111    54     8     9 10651    77
 283 1002.5058 1054.4709    55     8     9  7725   192
 284  790.4906 1055.1618    58     9     9 11690    14
 285  591.8550 1055.4908    56     8     9 10813    78
 286  978.4498 1057.5321    64     9     9 13150   124
 287  767.6497 1057.9671    56     8     9 11380     3
 288  570.4543 1058.0822    52     9     8 10525   135
 289  954.2102 1060.2917    62     9     9 12669    93
 290  744.9759 1060.6330    57     8     9 11667    16
 291  549.1681 1060.8342    56     8     9 10673   130
 292  930.2741 1063.1224    63     9     9 12771    85
 293  722.4554 1063.2572    57     9     9 11413    33
 294  528.0504 1063.3050    56     8     9 10712   140
 295  906.5015 1065.8885    62     9     9 12602    57
 296  507.0321 1065.9808    56     8     8 10684   167
 297  700.0741 1065.9843    56     8     8 11307    41
 298  486.1966 1068.5505    60     8     9 10937   161
 299  677.7785 1068.6757    58     8     9 11385    47
 300  882.8875 1068.6776    61     8     9 12749    37
 301  465.6626 1071.0872    48     7     8  7240   298
 302  655.7169 1071.2271    56     8     9 11173    92
 303  859.3521 1071.4703    61     9     9 12630    46
 304  633.7746 1073.9199    56     8     9 11106    72
 305  835.9920 1074.1429    59     8     9 12348    22
 306  612.0188 1076.4967    55     8     9 11039   102
 307  812.8445 1076.9190    59     8     9 12047    17
 308  590.3921 1079.0657    53     8     9 10742   119
 309  789.7873 1079.5504    59     8     9 12222    44
 310 1002.3686 1079.7922    51     8     8  6249   227
 311  568.8660 1081.7208    57     8     9 11035   126
 312  766.8458 1082.2052    59     8     9 12022    40
 313  978.5394 1082.5153    64     9     9 13211    95
 314  547.5352 1084.1811    58     9     9 10950   157
 315  744.0858 1084.8873    58     8     9 11825    36
 316  954.2427 1085.3483    64     9     9 13209   113
 317  526.3080 1086.8230    57     8     9 10911   171
 318  721.4702 1087.4754    59     9     9 11839    53
 319  930.1239 1088.0866    63     9    10 12994    84
 320  505.2383 1089.2502    57     8     9 10958   184
 321  698.9577 1090.0650    57     8     9 11598    56
 322  906.2267 1090.7697    63     9     9 12868    73
 323  484.3091 1091.8593    59     9     9 11018   185
 324  676.6138 1092.7045    59     9     9 11641    54
 325  882.5436 1093.5023    63     9     9 12975    55
 326  463.7222 1094.2420    52     8     9  7430   364
 327  654.4820 1095.2066    57     9     9 11315   108
 328  858.9329 1096.2041    60     8     9 12702    87
 329  632.4782 1097.8560    58     9     9 11277   114
 330  835.4882 1098.8638    62     9     9 12432    66
 331  610.6116 1100.3114    57     8     9 11240   146
 332  812.1888 1101.5402    60     8     9 12523    62
 333  588.8721 1102.9106    57     8     9 11097   153
 334  789.0187 1104.1156    60     8     9 12347    81
 335 1002.3780 1105.1129    56     8     9  7897   215
 336  567.3148 1105.3471    58     8     9 11248   170
 337  766.0545 1106.7413    59     8     9 12238    71
 338  978.5670 1107.8386    62     9     9 12617   112
 339  545.8816 1107.9242    57     8     9 11020   183
 340  743.1968 1109.3198    60     8     9 12066    76
 341  524.5836 1110.3299    59     9     9 11182   214
 342  954.2312 1110.5783    62     9     9 13100   145
 343  720.4602 1111.8617    59     9     9 11726    94
 344  503.4187 1112.8540    59     9     9 11130   213
 345  930.0501 1113.2682    61     8     9 13157   116
 346  697.8987 1114.3957    60     8     9 11980   109
 347  482.4386 1115.2454    62     9     9 11352   238
 348  906.0371 1115.9067    60     8    10 12821   133
 349  675.4836 1116.9318    61     9     9 11601   125
 350  461.7315 1117.8044    52     8     9  7550   335
 351  882.1945 1118.5593    63     9     9 13179   107
 352  653.2336 1119.4101    58     8     9 11706   159
 353  858.5371 1121.2282    65     9     9 12932   134
 354  631.1286 1121.9479    58     8     9 11456   160
 355  834.9976 1123.7842    60     8     9 12733   136
 356  609.1950 1124.3629    57     8     9 11459   186
 357  811.5966 1126.3830    61     9     9 12629   155
 358  587.3781 1126.8827    59     9     9 11385   196
 359  788.3000 1128.8732    63     9    10 12404   151
 360  565.7181 1129.2633    58     8     9 11400   226
 361 1004.0132 1130.0035    37     6     9  3284   454
 362  765.2285 1131.4557    60     8     9 12462   148
 363  544.2197 1131.7480    60     8     9 11438   230
 364  978.6017 1133.4308    62     9     9 12011   158
 365  742.2503 1133.9246    60     9    10 11991   173
 366  522.8598 1134.1030    59     8     9 11279   257
 367  954.2099 1136.0605    64     9    10 13150   176
 368  719.4743 1136.4435    61     9     9 12268   166
 369  501.6091 1136.5213    62     9     9 11609   260
 370  929.9814 1138.6454    63     8     9 13473   175
 371  696.8184 1138.9120    58     8     9 11794   178
 372  480.5417 1138.9135    65     9     9 11577   272
 373  459.7920 1141.2309    55     8     9  7733   447
 374  905.8886 1141.2710    63     9     9 13310   181
 375  674.3051 1141.3435    60     9     9 11978   182
 376  881.9415 1143.7813    62     8    10 13224   198
 377  651.9534 1143.7930    59     8     9 11826   194
 378  629.7554 1146.1907    59     8     9 11745   211
 379  858.0659 1146.3970    63     8     9 13347   191
 380  607.7400 1148.6197    59     8     9 11713   232
 381  834.4306 1148.8813    65     9    10 13026   204
 382  585.8516 1150.9999    59     8    10 11505   249
 383  810.9400 1151.4003    64     8     9 13149   202
 384  564.1234 1153.3577    59     8     9 11649   268
 385  787.6298 1153.8547    66     9    10 12873   217
 386  542.5332 1155.7402    62     9     9 11688   271
 387  764.4044 1156.4039    63     9     9 12729   205
 388 1001.7582 1157.1804    29     5     8  2980   445
 389  521.0718 1158.0800    58     8     9 11339   295
 390  741.3368 1158.7502    62     9     9 12446   220
 391  978.8086 1159.2010    64     9     9 13009   209
 392  499.7772 1160.3997    63     9     9 11776   299
 393  718.4645 1161.2389    64     9     9 12423   235
 394  954.2566 1161.6909    67     9     9 13512   225
 395  478.6344 1162.7249    63     9     9 11751   344
 396  695.7175 1163.5731    62     9     9 12455   239
 397  929.9115 1164.3086    66     9     9 13665   228
 398  457.7951 1164.9844    54     8     8  7725   459
 399  673.1070 1165.9753    60     8    10 12080   246
 400  905.6660 1166.7049    67     9    10 13893   231
 401  650.6709 1168.3541    62     9     9 12268   242
 402  881.5769 1169.3411    67     9     9 13732   233
 403  628.3967 1170.6852    61     9     9 12095   245
 404  857.6952 1171.7000    67     9    10 13684   259
 405  606.2666 1173.0366    63     9    10 11898   264
 406  833.9215 1174.2758    64     8    10 13294   247
 407  584.3056 1175.3608    61     9     9 11950   277
 408  810.2715 1176.6187    65     9     9 13301   256
 409  562.4943 1177.6504    63     9     9 12066   297
 410  786.9093 1179.0965    64     8    10 12973   253
 411  540.8401 1179.9500    62     9    10 11778   315
 412  763.5837 1181.4612    64     9     9 12998   270
 413  519.2921 1182.2401    64     9     9 11888   332
 414 1002.9821 1182.5917    51     7     9  5624   378
 415  740.4221 1183.7624    65     9    10 12857   269
 416  497.9177 1184.4773    63     9     9 11975   367
 417  978.9318 1185.2723    65     8    10 13261   267
 418  717.4361 1186.2153    65     9    10 12696   285
 419  476.7083 1186.7151    66     9     9 12026   446
 420  954.2231 1187.5853    69     9     9 14248   266
 421  694.6029 1188.4827    63     9     9 12699   296
 422  455.7934 1188.9384    56     8     9  7882   467
 423  929.7461 1190.0877    70     9    10 14176   280
 424  671.9290 1190.7734    60     8     9 12364   306
 425  905.3835 1192.5221    68     9     9 14171   284
 426  649.3693 1193.1312    66     9    10 12474   312
 427  881.2154 1194.9662    69     9    10 14044   289
 428  627.0009 1195.3980    62     8     9 12377   313
 429  857.1519 1197.4113    67     9     9 13969   283
 430  604.8257 1197.6283    63     9     9 12323   346
 431  833.3452 1199.7159    68     9    10 13810   308
 432  582.7754 1199.8853    66     9    10 12322   345
 433  560.8560 1202.1561    63     9    10 12148   352
 434  809.6735 1202.1640    68     9    10 13596   309
 435  539.0982 1204.3662    64     9     9 12250   359
 436  786.0823 1204.4755    66     9     9 13579   311
 437  517.5032 1206.5379    66     9     9 12375   366
 438  762.7497 1206.7054    68     9    10 13453   339
 439  496.0615 1208.6935    62     8     9 12009   412
 440 1003.7128 1208.9587    62     9    10 10281   433
 441  739.4827 1209.0854    66     9    10 13144   327
 442  474.7678 1210.8988    70     9    10 12237   466
 443  978.9615 1211.3684    66     9     9 13924   307
 444  716.3903 1211.4105    65     9     9 13063   333
 445  453.7952 1213.0200    56     8     9  7894   468
 446  693.4522 1213.5629    64     9     9 12953   349
 447  954.1880 1213.6842    71     9    10 14660   326
 448  670.6987 1215.8020    67     9    10 12920   357
 449  929.5868 1216.1739    72     9    10 14963   317
 450  648.0493 1218.0681    63     8    10 12631   356
 451  905.1105 1218.5503    67     9     9 14748   300
 452  625.6100 1220.3191    65     9     9 12716   353
 453  880.8590 1220.8952    71     9    10 14906   303
 454  603.3169 1222.4847    65     9     9 12726   365
 455  856.7986 1223.2297    71     9    10 14610   331
 456  581.1816 1224.6210    64     9     9 12617   375
 457  832.8128 1225.5626    67     9     9 14532   329
 458  559.2040 1226.7508    65     9    10 12529   387
 459  808.9710 1227.8084    69    10    10 14352   341
 460  537.3624 1228.9319    69     9    10 12691   385
 461  785.3079 1230.1320    70     9    10 14560   342
 462  515.6860 1231.0863    69     9    10 12588   390
 463  761.8641 1232.4190    67     9    10 14173   334
 464  494.1431 1233.2100    69     9    10 12413   407
 465  738.5112 1234.5773    68     9     9 14102   355
 466  472.7863 1235.3141    64     9     9 11940   457
 467  715.3133 1236.7300    70     9    10 14128   374
 468  451.7756 1237.3616    59     8     9  8051   469
 469  692.2683 1238.9536    69     9    10 13996   372
 470  669.4090 1241.1378    70     9    10 13893   377
 471  646.7039 1243.3489    70     9    10 13881   369
 472  919.3032 1243.4743    13     5     7  1468    -1
 473  624.1401 1245.4767    68     9     9 13731   379
 474  601.7728 1247.5389    68     9     9 13764   386
 475  579.5448 1249.6164    70     9    10 13780   396
 476  557.4687 1251.6967    70     9    10 13675   400
 477  535.5619 1253.7465    72     9    10 13602   410
 478  513.8432 1255.7609    70     9    10 13053   431
 479  492.2319 1257.7350    67     9    10 12347   440
 480  470.7968 1259.7575    70     9    10 12050   449
 481  449.7211 1261.7580    55     8     9  7572   460
 482  938.2202 1274.5060    13     6     5   818   473
 483  555.7330 1285.3419    41     7     7  6174   471
 484  527.2897 1291.0101    10     3     4   947    -1
 485  513.4259 1311.8889    11     5     4   604   462
