494
   0  664.5524  551.2974    57     9     8  5886   444
   1  799.3772  565.3497    91    11    11  9386   427
   2  771.0126  570.6568    97    12    11 12139   396
   3  742.6709  575.9003    95    11    11 12537   390
   4  714.6037  581.0321    92    11    11 12707   382
   5  686.8037  586.1737    90    11    11 12846   378
   6  659.2302  591.3326    93    11    11 13172   374
   7  798.5813  593.2718    90    11    11  9935   407
   8  631.8775  596.4253    92    11    11 13350   370
   9  770.0524  598.4872    96    12    11 13006   375
  10  604.7263  601.4982    92    11    11 13558   367
  11  741.5812  603.6831    96    11    11 13449   365
  12  577.7769  606.5286    93    11    11 13681   358
  13  713.3335  608.8330    94    11    11 13599   355
  14  272.4211  610.5789    14     7     3   738   461
  15  551.0263  611.5083    90    11    11 13438   351
  16  685.3989  613.9170    93    11    11 13784   350
  17  524.4804  616.4482    90    11    11 13367   349
  18  657.6896  618.9736    94    11    11 14049   346
  19  498.1355  621.3394    90    11    11 13068   353
  20  797.6925  621.5669    93    11    11 10849   391
  21  290.3313  622.9896    46     8     8  3936   448
  22  630.2030  623.9628    91    11    11 14098   338
  23  472.0030  626.2012    86    10    11 12571   354
  24  769.0455  626.6450    99    12    11 14114   339
  25  602.9270  628.9630    90    11    11 14238   331
  26  446.0483  631.0609    86    10    10 12276   361
  27  740.4336  631.7526    96    11    11 14444   333
  28  575.8517  633.9288    91    11    11 14364   327
  29  242.3718  634.6282    14     6     3   739    -1
  30  420.3302  635.9107    86    11    10 11951   363
  31  712.0524  636.7984    98    12    11 14867   323
  32  548.9690  638.8242    92    12    11 14319   322
  33  394.8542  640.6807    83    10    11 11298   366
  34  236.0319  641.3365   310    70    27 18166    -1
  35  683.9825  641.8175    98    12    11 15187   314
  36  522.2766  643.6758    91    11    11 14199   320
  37  369.5685  645.4406    88    11    11 10968   368
  38  656.1225  646.7996    96    12    11 15258   305
  39  495.8419  648.4477    90    11    11 13750   321
  40  796.7986  650.0946    94    12    11 11533   364
  41  344.4962  650.1946    81    11    10 10124   371
  42  628.4851  651.7349    95    11    11 15480   298
  43  469.5832  653.2295    89    11    11 13474   319
  44  319.6366  654.9160    80    11    10  9572   380
  45  768.0501  655.0985   103    12    12 15204   301
  46  601.0769  656.6345    96    11    11 15745   289
  47  443.4959  658.0301    87    11    10 12984   326
  48  294.9754  659.5937    76    10    10  8722   384
  49  739.2674  660.1072    98    11    12 15495   291
  50  573.8435  661.4633    94    11    11 15727   283
  51  417.6803  662.7961    88    11    11 12592   328
  52  270.5098  664.3233    76    11    10  8101   392
  53  710.7418  665.0568    99    11    12 15879   268
  54  546.8405  666.2439    92    11    11 15486   274
  55  392.0424  667.4804    84    10    11 11872   335
  56  246.1817  668.8883    74    10    10  7501   395
  57  682.5183  669.9867   100    11    12 16211   260
  58  520.0341  671.0485    88    12    10 15079   275
  59  366.6607  672.1472    86    11    10 11479   336
  60  221.9986  673.5204    73    10     9  6937   398
  61  654.5042  674.8866    96    11    11 16349   254
  62  493.4405  675.8748    92    11    11 15056   281
  63  341.4528  676.8570    84    11    10 10807   341
  64  198.1007  678.0615    71    10    10  6300   402
  65  795.9037  678.9366    96    12    11 12367   324
  66  626.7270  679.7575    97    11    11 16714   247
  67  467.0699  680.5533    91    11    11 14545   280
  68  316.4856  681.4709    84    11    11 10108   345
  69  174.6705  682.4056    53     9     9  3794   434
  70  767.0072  683.8035   105    12    12 16324   245
  71  599.1855  684.5866    95    11    11 16837   240
  72  440.9024  685.1702    88    11    11 13990   279
  73  291.6935  686.1023    78    10    10  9284   357
  74  738.0849  688.7333   103    12    11 16828   226
  75  571.8159  689.3234    95    11    11 16903   230
  76  414.9359  689.8976    86    11    10 13444   286
  77  267.1137  690.6393    77    10    10  8652   360
  78  709.4238  693.6242    99    11    11 17053   218
  79  544.6974  694.0583    95    11    11 16692   225
  80  389.1691  694.5036    88    11    11 12940   288
  81  242.6526  695.2392    75    10    10  8049   376
  82  681.0361  698.4813   101    12    11 17539   207
  83  517.7360  698.8204    95    11    11 16532   229
  84  363.6923  699.0703    86    11    10 12357   295
  85  218.4509  699.6261    71    10    10  7237   381
  86  652.8883  703.2884   100    12    11 17654   198
  87  491.0578  703.4233    93    11    11 16159   221
  88  338.3414  703.7391    86    11    11 11640   307
  89  194.4072  704.2186    72     9    10  6724   393
  90  464.5485  708.0491    92    11    10 15676   233
  91  624.9618  708.0626    99    12    12 17733   190
  92  795.0289  708.0930    98    11    12 13262   296
  93  313.2662  708.2410    80    10    10 10719   309
  94  170.8648  708.4993    58     8     9  4254   419
  95  438.2077  712.7035    92    11    11 15218   232
  96  597.2657  712.8064    98    11    11 17961   191
  97  288.3798  712.8085    81    11    10 10098   313
  98  765.9520  712.8640   106    12    12 17343   200
  99  412.1552  717.1954    89    11    11 14500   228
 100  263.6823  717.2619    78    10    10  9364   318
 101  569.7743  717.4887    96    11    11 18077   178
 102  736.8873  717.6892   102    12    11 17728   177
 103  239.1692  721.7051    79    10    10  8835   330
 104  386.2728  721.8532    89    11    11 13904   241
 105  542.5111  722.1300    97    11    11 17816   176
 106  708.0742  722.5031   102    12    11 18202   160
 107  214.7988  726.1930    77    10    10  8091   347
 108  360.6930  726.2584    90    11    11 13308   234
 109  515.4409  726.7711    95    11    11 17532   180
 110  679.5282  727.2885   102    11    11 18459   157
 111  190.7055  730.5401    72    10    10  7142   362
 112  335.2273  730.8531    85    11    10 12387   244
 113  488.6163  731.3166    94    11    11 17262   165
 114  651.2561  731.9909   102    12    12 18689   142
 115  167.0558  734.8426    59     8    10  4573   400
 116  310.0447  735.2547    85    10    11 11673   246
 117  461.9613  735.9295    91    11    11 16566   172
 118  623.1785  736.6546   102    12    11 19075   137
 119  794.1297  737.5298   100    11    11 14185   266
 120  285.0350  739.7609    83    10    10 10907   256
 121  435.5454  740.3680    93    11    11 16336   163
 122  595.3372  741.3175    99    11    11 19129   132
 123  764.8982  742.2903   107    12    12 18215   185
 124  260.2412  744.1366    82    10    10 10275   264
 125  409.3450  744.9104    92    11    11 15582   166
 126  567.7135  745.9135    97    11    12 18848   126
 127  735.6793  746.9767   107    12    12 18722   153
 128  235.6247  748.5243    80    10    11  9380   282
 129  383.3826  749.3061    93    11    11 15026   164
 130  540.3290  750.4810    96    11    11 18815   120
 131  706.7244  751.6558   100    12    11 18901   130
 132  211.1996  752.8476    79    10    10  8723   300
 133  357.6167  753.8291    93    11    11 14273   173
 134  513.1284  755.0089    95    11    12 18197   107
 135  678.0343  756.3864   103    12    11 19431   103
 136  186.9767  757.2120    75    10    10  7788   312
 137  332.0958  758.1538    84    10    10 13059   186
 138  486.1590  759.5202    97    11    11 18318   119
 139  649.5802  760.9917   102    11    12 19530    96
 140  163.2135  761.4152    59     8     9  4849   387
 141  306.7853  762.6179    88    11    11 12483   187
 142  459.3871  763.9720    95    11    11 17696   112
 143  621.3918  765.5651   100    11    11 19831    86
 144  281.6579  766.9686    85    11    10 11693   196
 145  793.1716  767.3715   100    11    12 14708   252
 146  432.8209  768.3633    95    11    11 17298   109
 147  593.3985  770.1671   100    11    12 19765    83
 148  256.7747  771.2385    82    11    10 10823   201
 149  763.8364  771.9049   111    12    12 19080   156
 150  406.5102  772.8147    94    11    11 16596   105
 151  565.6389  774.6533    99    11    11 19852    73
 152  232.0162  775.5913    82    10    11 10121   219
 153  734.4706  776.5457   105    11    11 19390   133
 154  380.4155  777.1265    93    11    11 15762   104
 155  538.1174  779.1390    99    12    11 19422    74
 156  207.4896  779.8475    81    11    10  9337   235
 157  705.3338  781.2266   105    12    12 19710   111
 158  354.5479  781.5212    93    11    11 15054   106
 159  510.7554  783.5754    98    11    11 19323    67
 160  183.2038  784.0833    79    10    10  8478   248
 161  676.5075  785.7059   104    11    12 20046    91
 162  328.9051  785.9002    86    11    10 13830   123
 163  483.6846  787.9887    98    11    12 18807    63
 164  159.3175  788.3101    62     9    10  5248   340
 165  303.4868  790.1119    89    11    10 13214   116
 166  647.9006  790.3486   106    12    11 20413    77
 167  456.7852  792.3339    96    11    11 18497    69
 168  278.2350  794.4291    89    11    11 12404   129
 169  619.5505  794.7729   102    11    12 20330    58
 170  430.1000  796.7037    97    12    11 17985    56
 171  792.2636  797.4511   101    11    11 15109   237
 172  253.2090  798.7276    85    11    11 11534   144
 173  591.4154  799.3016   101    11    11 20424    49
 174  403.6781  800.9857    95    11    12 17140    60
 175  762.7548  801.9038   111    12    12 19499   134
 176  228.3941  802.9154    83    11    10 10751   143
 177  563.5479  803.6680   100    11    11 20365    41
 178  377.4413  805.2506    94    11    11 16508    53
 179  733.2245  806.4855   106    12    11 19821   115
 180  203.7702  807.0526    79    10    10  9741   161
 181  535.8294  808.0834   103    12    12 20118    38
 182  351.4572  809.5604    94    11    11 15709    54
 183  703.9585  810.9877   110    12    12 20496    94
 184  179.3981  811.2152    79    10    10  8859   189
 185  508.3958  812.4306    97    11    11 19786    32
 186  325.7113  813.8404    92    11    11 14701    62
 187  155.4236  815.3367    63     9    10  5545   271
 188  674.9521  815.4852   105    12    11 20531    79
 189  481.1695  816.7349    96    11    11 19274    29
 190  300.1436  818.0113    88    11    10 13682    64
 191  646.2190  819.8943   107    12    12 20830    52
 192  454.1467  821.0139    99    12    12 18858    27
 193  274.8633  822.1208    88    11    11 12854    59
 194  617.6811  824.3766   104    12    11 20907    50
 195  427.3475  825.2585    96    11    11 18403    23
 196  249.7337  826.3191    88    11    11 12154    70
 197  791.3643  827.7366   106    11    12 15637   213
 198  589.4539  828.6614   102    11    11 20854    34
 199  400.7673  829.4719    97    11    11 17879    12
 200  224.7882  830.4556    86    11    11 11236    82
 201  761.6563  832.2764   111    12    12 19809   136
 202  561.4079  833.0395   103    11    12 20751    28
 203  374.4273  833.6886    97    11    11 17022    22
 204  200.0313  834.5737    83    10    11 10252    97
 205  731.9968  836.6511   112    12    12 20297    98
 206  533.5796  837.3503   102    11    11 20596    21
 207  348.3057  837.8725    94    11    11 16001    24
 208  175.5508  838.6844    81    11    11  9245   122
 209  702.5411  841.1458   106    11    12 20428    88
 210  505.9904  841.5609   103    12    11 20377     9
 211  322.4448  842.0034    93    11    10 15053    15
 212  151.5300  842.5673    68     9    10  6031   243
 213  673.3943  845.5003   104    11    11 20606    66
 214  478.6779  845.7500    98    11    11 19436     6
 215  296.8340  846.0800    92    11    11 14218    20
 216  644.5016  849.8090   106    11    12 20942    45
 217  451.5086  849.8920    98    11    12 17919     4
 218  271.3700  850.1759    92    11    11 13382    30
 219  424.4845  854.1525    97    11    11 18088     2
 220  615.8326  854.2060   109    12    12 21270    42
 221  246.1326  854.2417    86    10    11 12354    46
 222  397.8625  858.2376    97    12    11 17865     1
 223  221.0959  858.2623    87    10    11 11599    76
 224  587.4359  858.4494   104    11    11 21055    31
 225  790.3716  858.5499   104    11    11 15667   227
 226  196.2449  862.2764    84    10    11 10528   102
 227  371.3950  862.3482    95    11    11 17093     0
 228  559.2824  862.6170   105    12    11 21067    25
 229  760.5622  862.8677   112    12    12 20140   138
 230  450.1433  864.5573   119    12    13 21321     5
 231  171.6735  866.2580    82    10    11  9529   150
 232  345.1733  866.4188    96    11    11 16300     3
 233  531.3359  866.8327   105    11    12 20778    16
 234  730.7207  867.2736   111    12    12 20375   118
 235  147.5377  870.2050    70     9    10  6232   255
 236  319.1805  870.4932    95    11    11 15391     8
 237  503.5702  871.0203   102    11    12 20297    17
 238  701.1481  871.5452   110    12    12 20602    95
 239  293.4161  874.5448    94    11    11 14486    26
 240  476.1562  875.1565    98    11    12 18628    18
 241  671.8308  875.8117   112    12    12 21067    84
 242  460.8672  877.3368    65    11    10 11359    13
 243  267.8736  878.5478    94    11    11 13618    40
 244  448.7245  879.2794    95    11    11 17343    14
 245  642.7675  880.1300   109    12    12 21103    78
 246  242.5197  882.5149    92    11    11 12782    57
 247  421.6698  883.3173   101    11    11 18588    10
 248  613.9642  884.3627   110    12    12 21240    65
 249  217.3649  886.4304    90    11    11 11889    92
 250  394.9165  887.3167    99    12    11 17996     7
 251  585.4200  888.4939   106    11    11 21068    51
 252  789.4484  889.6189   104    11    12 15795   265
 253  192.4205  890.3084    90    11    11 10931   125
 254  368.3357  891.3294    97    11    11 17123    11
 255  557.1059  892.5685   106    12    11 21066    44
 256  759.4398  893.8418   114    12    12 20692   182
 257  167.7810  894.1967    84    10    11  9716   167
 258  341.9877  895.2896    97    12    11 16249    19
 259  529.0140  896.6439   106    12    12 20830    37
 260  143.5139  898.0161    68     9    10  6200   287
 261  729.4385  898.1403   112    12    12 20694   159
 262  315.8824  899.2410    96    11    11 15353    33
 263  501.1680  900.6996   107    12    12 20493    35
 264  699.7023  902.3449   111    12    12 20719   139
 265  289.9967  903.1807    94    11    11 14367    47
 266  473.5276  904.7896   102    11    12 19695    39
 267  670.2431  906.5130   109    12    13 20684   124
 268  264.3223  907.0994    95    11    11 13555    61
 269  446.1101  908.7299   104    12    12 19408    36
 270  641.0441  910.6236   110    12    12 20947   100
 271  238.9013  910.9811    87    11    10 12444    89
 272  418.8955  912.6938   101    12    11 18655    43
 273  612.0906  914.7441   112    12    12 21243    93
 274  213.6249  914.8844    89    11    11 11744   108
 275  391.9572  916.6532   101    12    11 17941    48
 276  188.5727  918.7214    89    11    11 10836   145
 277  583.3915  918.8175   109    12    12 21159    80
 278  365.2440  920.5664    98    11    11 17066    55
 279  788.4274  920.9426   107    11    12 15993   306
 280  163.8053  922.4644    86    10    11  9800   195
 281  554.9096  922.8658   110    12    12 21132    71
 282  338.7735  924.4638    98    11    11 16266    75
 283  758.3439  925.2185   118    12    12 21351   224
 284  139.4751  926.1009    71     9    10  6324   310
 285  526.6701  926.8259   105    11    12 20542    68
 286  312.5529  928.3486    97    11    11 15351    87
 287  728.1158  929.3219   115    12    12 20744   197
 288  498.6618  930.7947   105    11    12 20160    72
 289  286.5594  932.1867    96    11    11 14361   101
 290  698.2727  933.4381   114    12    13 20781   179
 291  470.9029  934.6964   108    12    12 19962    81
 292  260.7922  935.9858    92    11    12 13211   127
 293  668.6332  937.4975   114    12    13 20662   154
 294  443.3838  938.5880   102    11    11 19204    85
 295  235.1898  939.8107    92    11    11 12592   147
 296  639.2700  941.5627   110    12    13 20546   141
 297  416.0436  942.4876   103    12    11 18562    90
 298  209.8440  943.5188    89    11    11 11733   174
 299  610.1759  945.5630   110    12    12 20734   131
 300  388.9360  946.3699   100    12    11 17446    99
 301  184.7156  947.1884    90    11    11 10793   210
 302  581.3263  949.5289   107    12    12 20511   121
 303  362.1093  950.1882   101    12    12 16705   114
 304  159.8091  950.9491    82    10    10  9509   250
 305  787.3381  952.6716   105    11    12 15002    -1
 306  552.7006  953.4709   107    12    11 20491   113
 307  335.5445  953.9232   101    11    12 16077   135
 308  135.3635  954.5833    70     9    10  6189   348
 309  757.2001  956.8016   115    12    12 21296    -1
 310  524.3472  957.3849   110    12    12 20371   110
 311  309.1921  957.6853    97    11    11 15075   152
 312  726.8582  960.8658   117    12    12 21119    -1
 313  496.2045  961.2410   108    12    12 19962   117
 314  283.0690  961.4443    97    11    11 14324   171
 315  696.8055  964.8759   117    12    12 20924    -1
 316  468.3036  965.0321   107    12    12 19544   128
 317  257.1493  965.1505    95    11    11 13233   194
 318  440.6113  968.7726   104    11    12 18875   140
 319  231.4756  968.8313    94    11    11 12499   215
 320  667.0183  968.8430   114    12    12 20579    -1
 321  206.0182  972.4745    92    10    11 11771   242
 322  413.1226  972.5376   104    12    11 18127   149
 323  637.4876  972.7854   113    11    12 20393    -1
 324  180.7940  976.0568    89    11    11 10592   277
 325  385.8718  976.3535   103    12    12 17078   162
 326  608.2381  976.6847   112    12    12 20462   433
 327  155.7771  979.7553    84    10    11  9495   299
 328  358.9554  980.0269   105    12    12 16425   183
 329  579.2361  980.5561   111    12    13 20261   412
 330  131.2619  983.1359    69     9    10  6029   386
 331  332.2813  983.6451    99    11    11 15677   204
 332  550.4831  984.3822   109    11    12 20090   410
 333  785.5106  984.7680   104    11    12 13680    -1
 334  305.8004  987.3787    98    11    11 14888   216
 335  521.9455  988.1752   113    12    12 20322   408
 336  755.9333  988.8151   117    12    12 21041    -1
 337  279.5602  991.0111    99    11    12 13981   238
 338  493.6618  991.8876   110    12    12 19691   406
 339  725.5236  992.7853   116    13    12 20532    -1
 340  253.5532  994.5853    96    11    11 13127   259
 341  465.6266  995.5943   107    11    12 19042   404
 342  695.3239  996.6772   115    12    13 20211    -1
 343  227.7595  998.1728    93    11    11 12203   278
 344  437.7889  999.3610   108    12    12 18644   403
 345  665.3716 1000.5155   116    12    13 20078    -1
 346  202.1452 1001.7508    91    11    11 11384   304
 347  410.2424 1002.9456   108    12    12 17839   409
 348  635.7095 1004.3081   113    12    12 19836    -1
 349  176.8234 1005.2211    89    10    11 10448   317
 350  382.8824 1006.5721   102    12    11 16736   413
 351  606.2966 1008.1119   116    12    12 20182   441
 352  151.6953 1008.8046    85    10    11  9335   342
 353  355.7681 1010.2486   105    12    12 16259   414
 354  577.1326 1011.8795   113    12    12 19950   428
 355  127.1035 1012.0549    67     8    10  5799   399
 356  328.9605 1013.7096   104    12    12 15465   417
 357  548.2287 1015.6097   111    12    12 19614   425
 358  783.8763 1017.3473    72     9    12  5840   294
 359  302.3534 1017.3623   100    11    11 14588   272
 360  519.5689 1019.2829   111    11    12 19505   424
 361  276.0132 1020.8350    97    11    12 13519   297
 362  754.7320 1021.1845   117    12    13 20433   202
 363  491.1536 1022.8910   112    12    12 19281   421
 364  249.8850 1024.3584    96    11    11 12806   315
 365  724.2283 1024.9732   118    12    12 20197   193
 366  462.9386 1026.5186   107    12    12 18388   420
 367  223.9891 1027.8099    94    11    12 11871   329
 368  693.8526 1028.8114   119    12    12 19793   175
 369  434.9817 1030.1315   112    12    12 18288   418
 370  198.2595 1031.2769    93    11    11 11132   343
 371  663.7143 1032.5132   118    12    13 19421   158
 372  407.2820 1033.6070   107    12    12 17268   422
 373  172.7988 1034.6848    90    11    11 10159   359
 374  633.9009 1036.1923   113    12    12 19166   148
 375  379.7726 1037.2190   106    12    12 16515   423
 376  147.5930 1038.0564    88    11    11  9184   377
 377  604.3221 1039.9260   116    12    12 19402   146
 378  352.5827 1040.6215   104    11    12 15791   430
 379  122.8939 1041.3372    73     9    11  5935   415
 380  575.0166 1043.5901   118    12    13 19294   151
 381  325.5943 1044.1690   104    11    12 15037   431
 382  545.9407 1047.1632   113    12    12 19200   155
 383  298.9031 1047.5531    99    11    11 14005   435
 384  517.1448 1050.7307   113    12    12 18965   168
 385  783.3503 1050.7793   100    10    12 12199   273
 386  272.4036 1051.0197   102    11    12 13369   438
 387  753.6912 1053.8826   121    12    13 19986   223
 388  488.5587 1054.2571   111    11    12 18369   192
 389  246.1618 1054.4138    96    11    11 12333   439
 390  722.8970 1057.5743   122    12    13 19112   209
 391  220.1440 1057.7383    92    10    11 11356   442
 392  460.2561 1057.7476   110    12    12 18000   208
 393  194.3213 1061.1175    94    11    11 10672   379
 394  692.3454 1061.1803   120    12    13 18610   199
 395  432.1515 1061.2494   109    12    12 17407   222
 396  168.7810 1064.3945    89    10    11  9748   388
 397  404.2974 1064.6303   108    12    12 16718   253
 398  662.0541 1064.8891   118    12    12 18493   184
 399  143.4568 1067.7046    87    11    11  8837   385
 400  376.6448 1068.0884   106    11    12 15996    -1
 401  632.0696 1068.4748   122    12    13 18648   181
 402  118.6615 1070.8600    74     9    10  5750   445
 403  349.3153 1071.4571   102    11    11 14999    -1
 404  602.3361 1072.0234   116    12    12 18526   170
 405  322.2359 1074.7588   103    11    12 14340    -1
 406  572.8551 1075.5946   118    12    13 18444   169
 407  295.3777 1078.1879   102    11    12 13546   453
 408  543.6378 1079.0560   114    12    12 18350   188
 409  268.7935 1081.4633    98    11    11 12632   454
 410  514.6657 1082.5227   113    12    13 17970   203
 411  783.4005 1083.2886   115    12    13 15127   292
 412  242.4298 1084.6740    98    11    12 11835   455
 413  485.9581 1085.9434   114    12    12 17789   217
 414  752.5090 1086.9935   119    13    12 17592   257
 415  216.2575 1087.9988    98    11    12 11089   432
 416  457.4978 1089.3027   110    11    12 17043   239
 417  721.5124 1090.5395   124    13    13 17725   236
 418  190.3618 1091.2674    91    11    11 10062   436
 419  429.2839 1092.6693   110    12    12 16609   251
 420  690.7969 1094.0502   118    12    12 17247   214
 421  164.6847 1094.4211    89    11    11  9291   440
 422  401.2853 1095.9726   110    12    12 16095   290
 423  139.2779 1097.6043    88    10    11  8524   443
 424  660.3463 1097.6163   119    12    13 17374   205
 425  373.5220 1099.2981   107    11    12 15177   308
 426   99.2778 1100.2778     7     2     6   359    -1
 427  114.3440 1100.7329    69     9    11  5232   446
 428  630.2020 1101.0398   118    12    12 17445   211
 429  346.0401 1102.5281   103    12    12 14235   325
 430  600.3013 1104.5324   118    12    13 17417   212
 431  318.8172 1105.7702   104    11    12 13653   344
 432  570.6592 1107.9512   116    12    12 17415   206
 433  291.8474 1109.0211   102    11    12 12847   369
 434  541.3189 1111.2809   118    12    13 17518   220
 435  265.0992 1112.2617    99    11    12 11966    -1
 436  512.2008 1114.6774   115    12    13 17162   231
 437  238.6337 1115.4118    94    11    11 11028   452
 438  782.2964 1116.9058   114    11    12 12955   332
 439  483.3446 1117.9398   111    12    12 16625   249
 440  212.3851 1118.5187    93    11    11 10317    -1
 441  751.2134 1120.3527   122    12    13 15731   303
 442  454.6985 1121.1983   109    12    12 16083   269
 443  186.3871 1121.6076    93    11    11  9670    -1
 444  720.0853 1123.8820   122    12    13 16069   284
 445  426.3485 1124.4668   112    12    13 15697   293
 446  160.5916 1124.6742    88    11    11  8722    -1
 447  689.2247 1127.2426   122    12    13 16340   276
 448  398.2103 1127.6491   111    12    12 15121   311
 449  135.0463 1127.8062    87    10    11  7998    -1
 450  658.6067 1130.7066   120    12    13 16378   267
 451  110.0476 1130.8099    67     8    10  4873   447
 452  370.3382 1130.8330   106    11    12 14343   337
 453  342.6849 1133.9928   104    11    12 13620   352
 454  628.3107 1134.0319   119    12    12 16414   263
 455  747.5549 1134.5733     6     5     2   573    -1
 456  315.3480 1137.1401   102    11    12 12791   372
 457  598.2951 1137.3089   120    12    13 16352   262
 458  761.1753 1137.7143     8     5     3   554    -1
 459  288.2287 1140.2601   102    11    12 12071   383
 460  568.4459 1140.7064   116    12    13 16394   258
 461  261.3908 1143.3420   101    11    12 11340   394
 462  538.9186 1143.9521   115    12    12 16452   261
 463  234.7955 1146.3821    95    11    11 10399   401
 464  509.6603 1147.1121   114    12    12 16187   270
 465  208.4201 1149.4289    93    11    11  9730   411
 466  480.6497 1150.2954   112    11    13 15628   285
 467  182.3015 1152.4015    90    10    11  8989   429
 468  451.8667 1153.4882   115    12    13 15410   302
 469  156.3954 1155.3742    87    10    11  8213    -1
 470  423.3690 1156.6258   111    11    13 14800   316
 471  130.7359 1158.3275    87    10    11  7550    -1
 472  395.0880 1159.7112   112    12    12 14279   334
 473  105.7506 1161.0853    69     9    11  4699    -1
 474  367.0841 1162.7236   109    12    12 13524   356
 475  339.3200 1165.7819   106    11    12 12832   373
 476  311.8211 1168.7727   104    11    12 12064   389
 477  284.6153 1171.7634   102    11    12 11387   397
 478  257.6368 1174.7266   101    11    12 10729   405
 479  637.2577 1177.4984    11     4     3  1169   449
 480  230.8958 1177.6617    97    11    12  9976   416
 481  664.0309 1178.1773    11     5     3   987    -1
 482  641.0506 1180.4569    22     8     8  1959    -1
 483  204.4027 1180.5760    93    11    12  9203   426
 484  178.1552 1183.5112    91    10    11  8581   437
 485  152.1400 1186.4014    87    10    11  7758    -1
 486  126.4233 1189.2377    84    10    11  6991    -1
 487  101.2490 1191.9846    64     8    10  4236    -1
 488  169.6980 1216.3365   135    54     6  7765    -1
 489  225.7755 1220.0510    59     8    10  4576   450
 490  179.4836 1224.4918    19     4     6  1072   459
 491  698.1436 1246.5346   196     6    45 10754    -1
 492  684.8084 1246.8188   220     6    49 12057    -1
 493  711.5086 1246.9416   210     7    49 11544    -1
