484
   0 1178.0157  987.3272     9     5     3   832   482
   1 1154.0968  990.1879    15     4     4  1628   479
   2 1233.6581 1003.8867    30     6     6  2974   464
   3 1217.2704 1005.7450    33     7     7  4307   443
   4 1201.0165 1007.5499    32     6     7  4605   430
   5 1184.9226 1009.3605    33     6     7  4975   415
   6 1168.8219 1011.1379    35     7     7  5326   393
   7 1152.7490 1013.0277    34     7     6  5314   376
   8 1136.7766 1014.9201    33     7     6  5316   361
   9  929.3430 1016.1161    17     5     5  1595   480
  10 1120.8314 1016.8203    30     6     6  5172   373
  11 1104.9472 1018.6189    33     6     7  5293   338
  12 1234.3069 1020.0300    31     7     6  3565   442
  13 1089.0931 1020.3557    33     6     7  5260   341
  14 1217.9766 1021.9117    33     6     6  5332   392
  15 1073.3325 1022.1462    32     7     6  5159   350
  16  886.8301 1022.6024   454    57    28 31124    -1
  17  906.0102 1023.1735    13     4     5   748   483
  18 1201.7980 1023.7878    35     7     7  5398   378
  19 1057.7049 1023.9893    32     7     6  5144   382
  20 1185.4493 1025.5589    37     7     7  5399   360
  21 1042.0111 1025.8381    32     6     6  5167   396
  22 1169.2386 1027.3221    35     7     7  5354   365
  23 1026.4503 1027.5975    34     7     7  5003   410
  24 1153.1663 1029.1625    30     6     6  5150   351
  25 1010.9994 1029.3206    32     6     7  5022   406
  26 1137.1390 1031.0522    33     6     6  5326   362
  27  995.5303 1031.0886    34     7     6  5037   413
  28 1121.1427 1032.9130    33     6     6  5246   322
  29  980.1453 1032.9400    33     6     6  5011   422
  30 1105.2343 1034.6862    36     7     7  5274   348
  31  964.8530 1034.7215    31     6     7  4805   436
  32 1235.0282 1036.2408    30     6     6  3664   448
  33 1089.4197 1036.3830    35     7     7  5237   284
  34  949.6346 1036.3910    33     7     7  4659   440
  35 1218.7966 1038.0831    34     7     6  5442   354
  36 1073.6730 1038.1097    33     7     6  5142   323
  37  934.4598 1038.1550    33     7     6  4711   445
  38  919.3610 1039.9562    31     6     6  4349   456
  39 1057.9342 1039.9647    32     6     6  5181   327
  40 1202.3197 1040.0352    34     7     6  5433   342
  41  904.3199 1041.7229    29     6     6  3837   458
  42 1042.1881 1041.8169    34     6     7  5124   404
  43 1186.0102 1041.8878    33     6     6  5441   343
  44  889.3306 1043.4825    28     6     6  3567   465
  45 1026.6388 1043.4964    34     7     7  4993   384
  46 1169.8941 1043.6917    34     6     7  5430   313
  47  874.4830 1045.1871    28     6     6  3346   467
  48 1011.0924 1045.1881    31     6     6  4987   398
  49 1153.7734 1045.4271    36     7     7  5465   314
  50  859.5183 1046.8996    25     5     6  2286   472
  51  995.5993 1046.9973    33     7     6  5002   386
  52 1137.6718 1047.1281    36     7     7  5433   208
  53  980.1455 1048.7788    32     6     6  4864   420
  54 1121.6436 1048.9708    33     7     6  5327   276
  55  964.8409 1050.4602    32     6     7  4765   421
  56 1105.7167 1050.8499    32     7     6  5255   259
  57  949.5479 1052.1535    32     7     6  4708   432
  58 1089.8332 1052.5774    34     6     7  5319   261
  59 1235.7874 1052.8371    30     6     6  3772   438
  60  934.3202 1053.9566    32     7     6  4714   431
  61 1073.9588 1054.2266    33     6     7  5318   270
  62 1219.3909 1054.6240    37     7     7  5681   340
  63  919.1753 1055.6830    33     6     7  4622   435
  64 1058.1178 1056.0417    32     6     6  5279   332
  65 1203.0300 1056.3384    34     6     7  5549   302
  66  904.0848 1057.3149    32     6     7  4572   452
  67 1042.3971 1057.8490    34     7     6  5179   374
  68 1186.7115 1058.0857    35     7     6  5566   288
  69  889.0589 1059.0435    31     6     6  4536   454
  70 1026.7900 1059.5015    34     6     7  5127   301
  71 1170.3735 1060.0026    34     7     6  5502   293
  72  874.1636 1060.7787    31     6     6  4184   461
  73 1011.1620 1061.1663    30     6     6  5027   364
  74 1154.1090 1061.8152    35     7     7  5579   227
  75  859.4004 1062.5245    26     6     5  2645   470
  76  995.6565 1062.9458    33     7     6  5120   363
  77 1138.0430 1063.4765    35     6     7  5538   220
  78  980.1433 1064.6828    33     6     7  4992   407
  79 1122.0388 1065.1914    34     6     7  5514   232
  80  964.8198 1066.3132    33     6     7  4905   403
  81 1106.0038 1066.9962    32     6     6  5463   252
  82  949.4585 1068.0379    33     7     6  4926   401
  83 1090.0103 1068.7876    34     6     7  5500   267
  84 1236.6485 1069.2130    30     6     6  3695   414
  85  934.2022 1069.8159    33     6     6  4803   427
  86 1074.1216 1070.4043    34     6     7  5410   282
  87 1220.0690 1071.0828    32     6     6  5586   295
  88  919.0213 1071.4310    33     6     7  4767   433
  89 1058.3098 1072.1179    33     7     6  5330   271
  90 1203.7258 1072.9028    35     7     6  5665   238
  91  903.8661 1073.0995    33     6     6  4756   449
  92 1042.6130 1073.9183    33     7     6  5305   309
  93 1187.1590 1074.6583    37     7     7  5786   206
  94  888.7898 1074.8501    30     6     6  4533   447
  95 1026.9024 1075.6105    33     6     7  5261   257
  96 1170.9899 1076.3277    35     6     7  5657   198
  97  873.8564 1076.4644    32     6     7  4240   457
  98 1011.2280 1077.1875    30     6     6  5052   321
  99 1154.7568 1078.0481    34     7     6  5590   187
 100  858.8604 1078.1599    27     6     6  2829   469
 101  995.6956 1078.9624    32     7     6  5138   344
 102 1138.5539 1079.9173    34     7     6  5525   163
 103  980.1340 1080.6880    33     6     7  5071   380
 104 1122.3899 1081.6075    36     7     7  5587   212
 105  964.7786 1082.2741    34     6     7  5016   379
 106 1106.2905 1083.2340    35     7     7  5588   197
 107  949.3595 1084.0028    32     7     6  4967   389
 108 1090.3321 1085.0375    34     7     6  5518   290
 109  934.0635 1085.7134    32     6     7  4876   419
 110 1237.2996 1086.0071    31     7     6  3810   391
 111 1074.4324 1086.7784    37     7     7  5564   205
 112  918.8593 1087.2913    33     6     7  4817   423
 113 1220.8460 1087.7544    33     6     7  5659   203
 114 1058.5678 1088.3564    35     7     7  5406   159
 115  903.6698 1088.9965    32     7     6  4774   428
 116 1204.2375 1089.3771    35     7     7  5785   136
 117 1042.7905 1090.0240    34     7     6  5435   242
 118  888.5388 1090.6580    34     7     7  4636   429
 119 1187.9141 1091.0908    34     6     7  5740   169
 120 1026.9698 1091.7892    33     6     7  5364   260
 121  873.6225 1092.2353    32     7     6  4294   451
 122 1171.5015 1092.9457    35     7     6  5703   181
 123 1011.2820 1093.3487    35     7     7  5318   229
 124  858.5754 1093.9176    27     5     6  2861   468
 125 1155.1074 1094.6396    36     6     7  5796   118
 126  995.7320 1095.0234    33     7     6  5219   331
 127 1139.0106 1096.2479    35     6     7  5761   117
 128  980.1244 1096.7867    34     6     7  5212   346
 129 1122.8603 1097.9757    33     6     6  5638   135
 130  964.7197 1098.3444    35     7     7  5105   357
 131 1106.7667 1099.7716    35     7     7  5668   161
 132  949.2828 1100.0138    32     7     6  5035   369
 133 1090.7324 1101.3215    37     7     7  5709   126
 134  933.9444 1101.7174    32     6     7  4962   397
 135 1237.9773 1102.6884    32     6     7  3930   304
 136 1074.7235 1102.9884    33     7     6  5516   149
 137  918.6886 1103.2403    34     7     7  4850   408
 138 1221.4877 1104.3209    38     7     7  6037   140
 139 1058.8227 1104.7684    32     6     7  5430   146
 140  903.4353 1104.9393    33     7     6  4848   411
 141 1204.9824 1106.0394    33     6     6  5823   178
 142 1042.9760 1106.2963    35     6     7  5569   184
 143  888.2955 1106.5594    33     6     7  4662   434
 144 1188.4448 1107.8689    38     7     7  5977   131
 145 1027.1003 1108.0055    33     6     6  5448   230
 146  873.3050 1108.1159    30     6     6  4377   439
 147 1172.0208 1109.4858    35     6     7  5834   100
 148 1011.4068 1109.6797    35     7     7  5322   180
 149  858.4399 1109.7570    25     6     6  2748   466
 150 1155.7565 1111.0959    35     7     7  5789    67
 151  995.7950 1111.1805    34     6     7  5287   263
 152  980.1476 1112.9371    33     6     6  5274   285
 153 1139.4112 1112.9405    36     7     7  5775   139
 154 1123.1359 1114.5033    36     7     7  5793   164
 155  964.6767 1114.5208    35     7     7  5157   306
 156  949.2013 1116.1035    31     6     6  5038   333
 157 1107.0612 1116.1388    34     6     7  5750    38
 158  933.8207 1117.8021    31     6     7  4943   372
 159 1090.9668 1117.8700    34     6     7  5727    88
 160  918.5022 1119.2980    34     7     7  4903   387
 161 1238.8574 1119.4635    33     6     7  4034   318
 162 1074.9818 1119.4665    35     6     7  5723   185
 163  903.2442 1120.9706    32     6     6  4860   395
 164 1059.0089 1121.0708    33     6     6  5604   103
 165 1222.1139 1121.1056    36     7     7  6004   196
 166  888.0439 1122.5408    34     6     7  4888   394
 167 1043.0403 1122.7891    34     6     7  5581    80
 168 1205.6459 1122.8780    37     7     7  6046    77
 169  873.0248 1124.0806    30     6     6  4440   424
 170 1027.2047 1124.2682    32     6     7  5362   191
 171 1189.0268 1124.5097    35     6     7  5964    47
 172  857.9932 1125.6761    30     6     6  3033   459
 173 1011.5041 1125.9736    34     7     6  5399   170
 174 1172.5996 1126.0986    37     7     7  5986    58
 175  995.8366 1127.5902    34     6     7  5369   125
 176 1156.1196 1127.9113    35     7     7  5917   116
 177  980.1639 1129.1129    30     6     6  5148   283
 178 1139.9261 1129.5041    35     6     7  5862    28
 179  964.6290 1130.8230    35     7     7  5270   266
 180 1123.6280 1131.0524    36     7     7  5817    17
 181  949.1205 1132.2820    33     6     7  5178   286
 182 1107.4028 1132.8414    38     7     7  5913   168
 183  933.6980 1133.9369    32     7     6  5045   349
 184 1091.2280 1134.3084    36     7     7  5819    55
 185  918.3085 1135.4898    36     7     7  5027   375
 186 1075.1647 1136.0112    34     7     6  5726    27
 187 1239.6497 1136.3046    33     7     7  4102   325
 188  903.0444 1137.0420    32     6     6  4932   366
 189 1059.1224 1137.5914    36     6     7  5717   112
 190 1222.9373 1138.0006    33     6     6  5999   101
 191  887.7971 1138.6620    33     6     7  4848   402
 192 1043.2189 1139.1261    33     7     7  5499    87
 193 1206.1691 1139.7393    37     7     7  6196    95
 194  872.7428 1140.1014    32     6     6  4508   412
 195 1027.3495 1140.8508    37     7     7  5570    83
 196 1189.7070 1141.2669    39     7     7  6274    85
 197  857.5765 1141.7140    27     6     6  2906   462
 198 1011.5626 1142.2806    35     7     7  5424   142
 199 1173.0871 1142.9913    33     6     6  5908    72
 200  995.8252 1143.9201    32     6     6  5349   154
 201 1156.7498 1144.6443    36     7     7  5999    16
 202  980.1067 1145.4659    34     6     7  5399   128
 203 1140.2610 1146.1761    36     7     7  5934    20
 204  964.5481 1147.0207    34     7     6  5276   225
 205 1123.9953 1147.8725    34     6     7  5893    61
 206  948.9939 1148.6381    34     6     7  5298   258
 207 1107.8441 1149.4179    37     7     7  5977     7
 208  933.5536 1150.0816    35     7     6  5182   222
 209 1091.6040 1150.9870    35     7     6  5779    21
 210  918.1246 1151.7575    33     6     7  5033   329
 211 1075.4688 1152.6385    38     7     7  5879    81
 212  902.8384 1153.1704    34     6     7  5016   339
 213 1240.2408 1153.2661    34     7     7  4192   297
 214 1059.3768 1154.0889    36     7     7  5631    18
 215  887.5313 1154.8522    34     7     7  4925   336
 216 1223.6576 1154.9871    37     7     6  6303    99
 217 1043.4310 1155.7240    35     7     7  5375    60
 218  872.4283 1156.2459    33     7     7  4566   390
 219 1206.9392 1156.6603    37     6     7  6247   129
 220 1027.4633 1157.2061    36     7     7  5509    92
 221  857.4324 1157.8316    26     6     6  2883   453
 222 1190.1907 1158.1950    38     7     7  6261    59
 223 1011.6745 1158.8991    34     7     7  5476    69
 224 1173.7412 1159.8779    37     7     7  6150    71
 225  995.9098 1160.3505    35     6     7  5510    97
 226 1157.1194 1161.4166    35     6     7  5993    31
 227  980.1223 1161.9521    33     6     6  5388   176
 228 1140.8403 1162.9928    34     7     6  5937    29
 229  964.5026 1163.4320    34     7     7  5202   127
 230 1043.5170 1164.0085    42     7     7  6562    89
 231 1124.3829 1164.6438    39     7     7  6151    14
 232  948.9237 1164.9823    33     6     6  5256   223
 233 1108.1032 1166.1479    35     6     7  5936    10
 234  933.4004 1166.4959    35     7     7  5132   237
 235 1091.9218 1167.7736    35     6     7  5913    43
 236  917.9698 1168.0169    33     6     6  5107   279
 237 1075.7973 1169.2091    37     7     7  5927     0
 238  902.6085 1169.5326    35     7     7  5004   289
 239 1240.9839 1170.4301    32     6     7  4146   370
 240 1059.6947 1170.8907    36     7     7  5616    49
 241  887.2869 1171.0193    32     7     6  4908   330
 242 1050.6863 1171.7011    25     6     6  3483    79
 243 1224.2505 1172.0359    37     7     7  6435   143
 244 1043.5280 1172.3951    34     7     7  5266    24
 245  872.1381 1172.5300    34     6     7  4731   388
 246 1207.6226 1173.6794    37     7     7  6433    96
 247 1027.6475 1173.9347    33     7     6  5386    36
 248  856.9750 1174.0354    28     6     6  3038   446
 249 1190.9289 1175.1775    36     6     7  6339    51
 250 1011.7805 1175.3824    38     7     7  5701    45
 251 1174.1652 1176.8739    36     7     7  6218    40
 252  995.9015 1176.9289    34     6     6  5493    68
 253 1157.7770 1178.3384    38     7     7  6276    64
 254  980.1027 1178.4001    34     6     7  5453   152
 255 1141.1617 1179.9822    35     7     7  6030    41
 256  964.4416 1179.9889    34     7     6  5314   124
 257  948.8701 1181.4357    35     6     7  5344   102
 258 1124.8975 1181.5026    36     6     7  6036    11
 259  933.2744 1182.9745    33     7     6  5117   268
 260 1108.4664 1183.0147    36     7     6  5907    26
 261  917.8232 1184.3993    35     6     7  5157   202
 262 1092.1238 1184.5549    37     7     7  6037     4
 263  902.3647 1185.9499    33     7     6  4975   294
 264 1075.9968 1186.0575    34     6     7  5822    15
 265  887.0475 1187.3202    34     6     7  5059   316
 266 1059.8884 1187.6389    35     6     7  5682    23
 267 1241.8550 1187.6553    31     6     7  4184   320
 268  871.8370 1188.8616    30     6     6  4550   328
 269 1043.8113 1189.0383    35     7     7  5627     3
 270 1225.0091 1189.1522    35     6     7  6627   182
 271  856.6715 1190.2498    26     5     6  2839   437
 272 1027.8053 1190.6338    36     7     7  5613    84
 273 1208.1420 1190.8314    37     7     7  6660   130
 274 1011.8332 1192.0261    33     6     6  5488     6
 275 1191.4620 1192.2621    38     7     7  6533    86
 276  995.9413 1193.5695    34     6     7  5541    70
 277 1174.8681 1193.8938    36     7     7  6277    66
 278  980.1144 1195.0278    33     6     6  5413    93
 279 1158.1430 1195.3763    38     7     7  6298     9
 280  964.3681 1196.4941    38     7     7  5487   123
 281 1141.7382 1196.9494    38     7     7  6170    50
 282  948.7395 1197.9654    33     7     6  5236   133
 283 1125.1524 1198.4409    37     7     7  6151    19
 284  933.1231 1199.4033    34     6     7  5258   171
 285 1108.8747 1199.9669    33     6     6  5893    13
 286  917.6242 1200.9323    33     7     6  5104   251
 287 1092.5116 1201.4406    38     7     7  6123     1
 288  902.1546 1202.2855    33     6     7  5058   195
 289 1076.1943 1202.9910    35     7     7  5856     5
 290  886.7773 1203.8246    32     6     7  4921   311
 291 1060.0358 1204.4154    34     6     7  5815     8
 292 1242.6073 1204.8462    30     6     6  4166   358
 293  871.5717 1205.1200    32     7     6  4584   317
 294 1043.9397 1205.9142    35     6     7  5789    30
 295 1225.8143 1206.4866    38     7     7  6914   148
 296  856.4540 1206.7019    28     6     6  2945   409
 297 1027.9302 1207.3335    36     6     7  5775    35
 298 1208.8949 1207.9954    33     6     6  6456   150
 299 1011.8596 1208.8630    35     6     7  5576    98
 300 1192.0576 1209.5008    37     6     7  6619    48
 301  995.9791 1210.2494    36     6     7  5674    39
 302 1175.3215 1211.0130    38     7     7  6405   110
 303  980.0577 1211.7823    36     6     7  5619   137
 304 1158.7825 1212.5335    38     7     7  6409    76
 305  964.3162 1213.1191    35     7     7  5412   106
 306 1142.1026 1214.0215    35     7     7  6141    56
 307  948.6632 1214.6590    36     7     7  5397   141
 308 1125.6729 1215.5273    38     7     7  6266    34
 309  933.0026 1216.0316    34     6     6  5289   214
 310 1109.1445 1217.0093    36     7     8  6065     2
 311  917.4312 1217.4380    35     7     7  5138   165
 312 1092.8973 1218.4590    37     7     7  6094    42
 313  901.9131 1218.8956    35     6     7  5175   234
 314 1076.5242 1219.9557    38     7     7  5942    32
 315  886.5049 1220.2166    37     7     7  5124   262
 316 1060.2000 1221.3207    37     7     7  5893    73
 317  871.2373 1221.7270    34     6     7  4761   287
 318 1243.3605 1222.2085    28     6     6  3894   385
 319 1044.0524 1222.8557    35     6     7  5796    22
 320  855.9579 1223.0646    28     6     6  3049   416
 321 1226.4344 1223.7950    39     7     7  6977   231
 322 1027.9974 1224.2110    36     6     7  5803    75
 323 1209.5392 1225.2458    39     7     7  6974   192
 324 1011.9340 1225.7110    36     6     7  5687    78
 325 1192.7395 1226.7953    38     7     7  6739   158
 326  995.9949 1227.0807    34     6     7  5511   104
 327 1175.9614 1228.2226    36     6     7  6497   121
 328  980.0568 1228.4992    35     6     7  5561   115
 329 1159.1506 1229.7746    37     7     7  6424    44
 330  964.2667 1229.9831    33     7     6  5297   134
 331 1142.6214 1231.1736    39     7     7  6389    65
 332  948.5329 1231.2600    36     7     7  5359   218
 333 1126.0165 1232.7145    36     6     7  6220    33
 334  932.8630 1232.7566    34     6     7  5281   188
 335 1109.5636 1234.0861    37     7     7  6064    12
 336  917.2563 1234.0888    33     7     7  5113   217
 337  901.7409 1235.5092    37     7     7  5213   243
 338 1093.0692 1235.5656    36     6     7  6066    25
 339  886.2374 1236.9396    34     6     7  5017   275
 340 1076.8347 1236.9707    35     7     7  5867    53
 341  870.9593 1238.1823    34     6     7  4785   307
 342 1060.4591 1238.3678    38     7     7  5984    90
 343  855.5925 1239.6721    26     5     6  2846   425
 344 1243.8045 1239.6802    29     6     6  3969   269
 345 1044.2059 1239.8750    36     7     7  5816    37
 346 1227.0688 1241.1574    34     6     7  6691   186
 347 1028.0900 1241.1883    36     6     7  5746   138
 348 1012.0077 1242.6362    36     6     7  5692    54
 349 1210.1358 1242.7068    37     7     7  6855   119
 350  996.0102 1244.0039    34     6     6  5532   167
 351 1193.2752 1244.1150    38     7     7  6723   111
 352  980.0741 1245.3678    34     6     7  5506   147
 353 1176.4851 1245.6284    39     7     7  6647   109
 354  964.1856 1246.8250    36     7     7  5486   175
 355 1159.8050 1247.0312    36     7     7  6301    74
 356  948.4109 1248.0798    35     7     7  5320   179
 357 1143.0408 1248.5042    38     6     7  6382    57
 358  932.7678 1249.5232    37     7     7  5386   228
 359 1126.4448 1249.9316    38     7     7  6179    46
 360  917.0509 1250.8927    34     6     7  5209   226
 361 1109.9501 1251.3026    36     6     7  6141    91
 362  901.4741 1252.1425    37     7     7  5246   277
 363 1093.4257 1252.7853    39     7     7  6174    52
 364  885.9631 1253.5691    34     6     7  5116   281
 365 1077.0343 1254.1232    36     6     7  5972    82
 366  870.6370 1254.9377    34     7     7  4759   335
 367 1060.7550 1255.5366    38     7     7  5994    62
 368  855.4062 1256.1770    29     6     6  3103   417
 369 1044.4188 1256.9480    37     7     7  5767    63
 370 1245.1437 1256.9984    21     6     6  1979   450
 371 1028.1772 1258.2422    37     7     7  5744   122
 372 1227.7699 1258.7582    34     6     7  6328   201
 373 1012.0484 1259.6729    36     6     7  5722   108
 374 1210.9098 1260.1569    36     6     7  6947   215
 375  996.0389 1261.0034    36     6     8  5608   173
 376 1193.9718 1261.6335    38     6     7  6872   151
 377  980.0637 1262.3472    34     6     7  5502   156
 378 1177.0402 1263.0400    37     6     8  6591   157
 379  964.1115 1263.7294    36     6     7  5527   213
 380 1160.1929 1264.4710    38     7     7  6492   160
 381  948.3271 1265.0415    34     7     7  5257   216
 382 1143.5436 1265.8862    38     7     7  6284   177
 383  932.5767 1266.3255    37     7     7  5345   298
 384 1126.9199 1267.2427    37     7     7  6273   120
 385  916.8846 1267.7144    34     6     7  5202   291
 386 1110.1944 1268.6813    38     7     7  6246   144
 387  901.2633 1269.0139    33     7     6  5026   315
 388 1093.8132 1270.0187    37     7     8  6032    94
 389  885.7220 1270.2679    36     7     7  5079   334
 390 1077.2348 1271.3646    39     7     7  6094   145
 391  870.2971 1271.6484    35     6     7  4762   337
 392 1060.9396 1272.7693    36     6     7  5892   107
 393  854.9309 1272.9690    30     6     6  3127   444
 394 1044.6278 1274.0576    37     7     7  5785   132
 395 1028.3019 1275.4111    38     7     7  5848   105
 396 1228.5059 1276.3297    36     7     7  6410   240
 397 1012.1110 1276.8167    36     6     7  5684   155
 398 1211.5594 1277.7831    39     7     7  7054   236
 399  996.0607 1278.0817    36     6     7  5613   153
 400 1194.5713 1279.1750    40     7     7  7009   246
 401  980.0455 1279.3976    34     6     7  5469   244
 402 1177.6438 1280.5753    40     7     7  6846   200
 403  964.0628 1280.7301    36     6     7  5533   193
 404 1160.8457 1281.9762    38     7     8  6465   189
 405  948.2328 1282.0361    35     7     7  5320   274
 406  932.3873 1283.2599    36     7     7  5324   219
 407 1143.9816 1283.3101    36     6     7  6293   190
 408  916.7421 1284.6541    38     7     7  5366   324
 409 1127.1923 1284.7325    38     7     7  6326   114
 410  901.0230 1285.9145    35     6     7  5188   300
 411 1110.6731 1286.0645    39     7     8  6143   204
 412  885.4027 1287.1182    35     7     7  5050   371
 413 1094.0281 1287.3692    37     6     7  6061   113
 414  870.0221 1288.4432    34     6     7  4818   359
 415 1077.5859 1288.7604    38     7     7  6021   172
 416  854.5710 1289.7789    27     5     6  2899   463
 417 1061.0984 1290.0580    37     6     8  5936   174
 418 1044.8163 1291.3782    37     7     7  5897   162
 419 1028.4789 1292.7143    39     7     7  5888   166
 420 1012.2142 1293.9964    36     7     8  5583   183
 421 1229.2075 1294.1572    32     6     7  6331   310
 422  996.0848 1295.2613    36     6     7  5591   199
 423 1212.1694 1295.5192    36     6     7  6891   241
 424  980.0130 1296.5511    35     6     7  5508   210
 425 1195.1164 1296.8780    36     6     7  6847   221
 426  964.0201 1297.8417    37     6     7  5534   256
 427 1178.1280 1298.2003    39     7     7  6781   264
 428  948.1207 1299.1116    36     6     7  5399   305
 429 1161.2166 1299.5839    38     7     7  6526   247
 430  932.2117 1300.3389    38     7     7  5431   319
 431 1144.3793 1300.9029    40     7     8  6349   211
 432  916.4971 1301.6837    37     7     7  5268   312
 433 1127.7435 1302.2308    39     7     7  6341   273
 434  900.7884 1302.8773    34     6     7  5077   347
 435 1111.0047 1303.5842    38     6     7  6138   224
 436  885.1698 1304.1060    34     6     7  4992   356
 437 1094.3078 1304.9055    38     7     7  5969   207
 438  869.7297 1305.2914    35     7     7  4737   405
 439 1077.8780 1306.1570    37     7     7  5990   239
 440  854.3253 1306.6218    29     6     7  3018   460
 441 1061.2856 1307.4660    38     7     7  5963   194
 442 1044.9549 1308.7652    37     6     7  5851   250
 443 1028.6010 1310.0217    38     7     8  5682   209
 444 1012.2645 1311.2491    38     7     7  5658   249
 445 1246.1070 1311.2665     7     3     4   607   471
 446 1229.9383 1311.8897    32     6     6  5531   381
 447  996.0729 1312.5455    36     6     7  5577   265
 448 1212.8970 1313.1848    36     6     7  6238   383
 449  979.9976 1313.7891    36     6     7  5512   299
 450 1195.8164 1314.6040    39     7     7  6605   308
 451  963.9657 1315.0420    36     6     8  5433   292
 452 1178.7890 1315.9722    40     7     8  6890   278
 453  948.0206 1316.2757    36     6     7  5434   345
 454 1161.8538 1317.2724    37     7     7  6621   280
 455  932.0822 1317.4935    35     6     7  5288   353
 456 1144.9529 1318.5018    40     7     7  6482   272
 457  916.2585 1318.7948    36     7     7  5212   368
 458 1128.0512 1319.8770    38     6     8  6399   255
 459  900.5659 1319.9694    36     7     7  5106   377
 460  884.8885 1321.1318    35     6     7  5047   399
 461 1111.2858 1321.1644    38     7     7  6233   248
 462  869.3486 1322.3024    35     7     7  4756   418
 463 1094.7098 1322.4366    40     7     7  6404   235
 464  853.8632 1323.5844    32     6     7  3153   476
 465 1078.0455 1323.7246    36     6     7  6123   245
 466 1061.5447 1324.9712    40     7     8  6115   253
 467 1045.0430 1326.2249    37     6     7  6005   233
 468 1028.7315 1327.4458    39     7     7  6024   296
 469 1012.3318 1328.7228    39     7     7  5886   254
 470  996.0902 1329.9221    38     6     8  5785   303
 471  979.9673 1331.1467    37     6     7  5691   326
 472  963.9246 1332.3308    36     6     7  5606   352
 473  947.9077 1333.5574    35     6     7  5424   355
 474  931.9438 1334.7336    37     6     7  5480   367
 475  916.0731 1335.9118    35     6     7  5130   400
 476  900.3228 1337.0467    34     7     7  4731   426
 477  884.6069 1338.1222    36     7     7  4447   441
 478  869.0734 1339.3080    34     6     7  4070   455
 479 1190.3553 1339.3887    10     4     4  1129   481
 480  853.5520 1340.5432    25     5     6  2269   473
 481  932.2851 1358.0582    15     5     4  1248   478
 482 1200.4910 1369.5724    29     3    27  1671    -1
 483 1230.0720 2044.4583    23     3    17  1414    -1
