478
   0 1234.3835 1066.8604     9     4     4   819   477
   1 1303.4130 1079.5870    21     5     5  1751   469
   2 1289.2817 1080.9626    24     5     6  2510   444
   3 1275.4108 1082.5131    23     5     5  2831   416
   4 1261.3641 1083.7671    24     5     6  3143   382
   5 1247.4418 1085.3503    25     5     6  3348   398
   6 1233.4757 1086.5606    24     5     6  3377   331
   7 1038.4224 1086.7078    10     3     4   861   478
   8 1219.6234 1088.1208    25     5     6  3447   297
   9 1205.7849 1089.4724    25     6     5  3458   366
  10 1192.1700 1090.8073    26     6     6  3500   262
  11 1002.1970 1091.2403   336    48    25 22572    -1
  12 1178.4489 1092.3457    25     5     6  3421   266
  13 1304.3522 1093.5410    22     5     5  2223   464
  14 1164.6226 1093.5671    25     6     5  3396   299
  15 1290.0883 1094.9541    26     6     6  3260   414
  16 1151.1121 1095.0021    26     6     6  3437   351
  17 1276.0112 1096.4363    26     6     5  3481   384
  18 1137.5083 1096.4586    23     5     5  3324   341
  19 1123.9180 1097.6789    26     6     6  3391   252
  20 1261.9921 1097.7558    27     6     6  3500   321
  21 1110.4441 1099.1409    26     5     6  3411   353
  22 1247.9802 1099.2617    27     6     6  3499   334
  23 1096.9407 1100.4643    25     6     5  3324   405
  24 1234.1549 1100.5750    25     6     5  3409   301
  25 1083.5337 1101.7167    25     5     6  3354   389
  26 1220.2717 1101.9618    27     6     6  3496   189
  27 1070.2201 1103.2151    24     6     6  3204   390
  28 1206.4643 1103.4680    24     5     5  3328   226
  29 1056.7955 1104.5090    25     6     5  3257   420
  30 1192.5492 1104.6721    24     5     6  3333   306
  31 1043.5819 1105.7799    25     5     6  3240   429
  32 1178.7778 1106.1957    26     6     6  3449   237
  33 1030.4053 1107.2834    24     5     6  2996   439
  34 1165.2081 1107.4995    25     6     5  3364   198
  35 1304.9519 1107.6951    22     6     5  2171   458
  36 1017.2228 1108.5038    22     5     5  2669   455
  37 1151.4718 1108.7339    25     5     6  3379   235
  38 1290.6956 1109.1439    26     6     6  3294   387
  39 1004.0167 1109.8341    23     6     6  2497   457
  40 1137.7717 1110.2677    26     6     6  3435   275
  41 1276.6098 1110.4751    24     6     5  3368   326
  42  991.0000 1111.2505    19     5     5  1984   466
  43 1124.3600 1111.5276    24     6     5  3300   245
  44 1262.5689 1111.8268    26     5     6  3491   357
  45  978.0066 1112.6096    17     4     5  1379   472
  46 1110.6484 1112.8265    28     6     6  3455   312
  47 1248.5847 1113.3590    25     5     6  3435   269
  48 1097.2734 1114.2828    26     6     6  3317   344
  49 1234.5902 1114.5697    26     6     6  3451   271
  50 1083.6888 1115.5188    24     6     5  3223   373
  51 1220.7093 1116.0581    27     6     6  3529   276
  52 1070.4075 1116.8020    24     5     6  3233   377
  53 1206.8385 1117.4104    25     6     5  3427   179
  54 1057.0041 1118.2812    25     6     6  3202   396
  55 1193.1480 1118.6778    27     6     6  3526   161
  56 1043.6390 1119.5055    23     5     5  3135   427
  57 1179.3577 1120.1091    27     6     6  3514   225
  58 1030.4621 1120.7754    24     5     6  3179   426
  59 1165.5322 1121.4737    23     5     5  3321   182
  60 1305.6708 1121.7986    21     5     6  2145   446
  61 1017.2635 1122.2104    24     6     6  3082   428
  62 1151.7867 1122.6871    26     6     6  3400   160
  63 1291.4857 1123.3743    25     5     6  3278   330
  64 1004.0472 1123.4615    24     6     5  3095   447
  65 1138.2287 1124.0907    28     6     6  3501   283
  66 1277.4509 1124.5766    24     5     6  3379   257
  67  990.9484 1124.6632    22     6     5  2632   454
  68 1124.5305 1125.4708    23     5     5  3311   322
  69 1263.3558 1125.9769    27     6     6  3583   243
  70  977.9750 1126.0238    18     5     5  1700   470
  71 1111.0056 1126.6719    26     6     6  3353   247
  72 1249.3413 1127.4380    26     6     6  3493   207
  73 1097.4856 1128.0676    26     5     6  3377   332
  74 1235.3588 1128.6546    26     6     6  3531   123
  75 1083.9647 1129.4018    25     6     5  3277   355
  76 1221.3735 1130.0883    27     6     6  3563   190
  77 1070.5266 1130.5745    24     5     6  3266   361
  78 1207.4754 1131.4836    24     5     5  3395   155
  79 1057.2112 1131.9505    26     6     6  3291   363
  80 1193.5141 1132.6693    25     5     6  3447   129
  81 1043.7606 1133.3590    25     6     6  3257   400
  82 1179.6712 1134.1563    25     6     6  3464   135
  83 1030.5288 1134.5386    23     5     5  3196   419
  84 1165.9159 1135.4295    25     6     5  3421   104
  85 1017.3381 1135.7895    24     5     6  3176   431
  86 1306.4891 1136.2480    23     5     6  2253   442
  87 1152.3176 1136.6573    26     6     6  3487   138
  88 1004.0832 1137.2159    25     6     6  3119   415
  89 1292.3466 1137.5209    24     6     5  3214   402
  90 1138.5202 1138.0676    26     5     6  3476   209
  91  990.9256 1138.4614    23     6     5  2703   449
  92 1278.1699 1138.7958    27     6     6  3622   270
  93 1124.7861 1139.3705    26     6     6  3432   172
  94  977.9057 1139.6091    19     5     5  1793   468
  95 1263.9103 1140.2432    27     6     6  3624   215
  96 1111.3748 1140.5778    22     5     5  3233   151
  97 1249.7992 1141.5112    25     6     5  3489   250
  98 1097.6376 1141.9386    27     6     6  3450   255
  99 1235.7925 1142.8678    29     6     6  3696   109
 100 1084.2368 1143.2985    26     6     6  3340   202
 101 1221.7901 1144.2647    26     6     6  3561   163
 102 1070.6301 1144.4913    23     5     5  3210   310
 103 1207.8807 1145.5212    26     6     5  3512   114
 104 1057.3707 1145.7076    24     5     6  3281   317
 105 1194.0763 1146.8235    26     6     6  3535    90
 106 1043.9185 1147.1373    26     6     6  3288   348
 107 1180.2318 1148.2079    29     6     6  3672   121
 108 1030.5782 1148.4253    22     5     5  3147   380
 109 1166.4492 1149.5086    24     5     5  3403   108
 110 1017.3940 1149.5720    22     5     5  3129   410
 111 1307.4122 1150.5132    21     5     5  2189   445
 112 1152.5398 1150.6718    26     5     6  3488    74
 113 1004.1203 1150.8425    26     6     6  3233   409
 114 1293.0014 1151.7367    27     6     6  3420   375
 115 1138.8114 1152.0990    26     6     6  3477   115
 116  990.9287 1152.2299    25     6     6  2820   424
 117 1278.7439 1153.1849    26     6     6  3588   260
 118 1125.2482 1153.3941    27     6     6  3475   103
 119  977.8897 1153.4874    21     5     5  1920   465
 120 1264.5544 1154.4654    24     5     5  3426   210
 121 1111.5037 1154.5329    23     5     5  3308   136
 122 1250.4816 1155.7129    25     5     6  3537   205
 123 1097.9642 1155.8556    27     6     6  3431   193
 124 1236.4645 1157.1347    26     5     6  3608   131
 125 1084.4455 1157.2147    25     5     6  3360   256
 126 1070.8483 1158.4457    25     6     5  3294   287
 127 1222.4751 1158.4738    25     5     6  3503   188
 128 1057.4776 1159.5906    23     5     6  3246   278
 129 1208.4484 1159.6293    25     5     6  3516    73
 130 1044.0827 1160.9143    26     6     6  3301   314
 131 1194.5043 1161.0041    26     5     6  3599    55
 132 1030.6318 1162.2923    24     5     6  3241   372
 133 1180.5810 1162.3764    24     5     6  3458   101
 134 1017.4238 1163.4832    23     5     5  3172   383
 135 1166.6777 1163.5233    25     6     5  3439    44
 136 1004.1440 1164.6230    25     6     6  3177   395
 137 1308.0372 1164.7263    23     6     5  2224   434
 138 1152.9908 1164.8138    27     6     6  3530    80
 139  990.9231 1165.9028    24     6     6  2727   438
 140 1139.2701 1166.1269    29     6     6  3629    39
 141 1293.6470 1166.2131    27     6     6  3459   309
 142  977.8723 1167.1795    21     5     5  1880   462
 143 1125.5110 1167.4623    24     5     6  3377    75
 144 1279.5080 1167.4844    24     5     5  3438   239
 145 1111.7379 1168.5820    26     6     6  3423   133
 146 1265.3664 1168.7100    27     6     6  3641   186
 147 1098.2464 1169.8418    26     6     6  3465    92
 148 1251.1802 1170.0769    29     6     6  3733   191
 149 1084.5879 1171.2219    25     5     6  3400   165
 150 1237.0162 1171.4148    27     6     6  3640    62
 151 1071.1006 1172.4321    25     6     5  3283   289
 152 1222.9661 1172.6233    28     6     6  3687   130
 153 1057.5461 1173.5566    25     5     6  3333   279
 154 1208.9377 1173.9659    28     6     6  3673    36
 155 1044.2084 1174.8296    26     6     6  3351   230
 156 1194.9504 1175.2717    27     6     6  3619    23
 157 1030.7178 1176.1778    25     6     6  3289   365
 158 1181.1207 1176.4973    26     6     5  3557    40
 159 1017.4538 1177.4300    23     5     5  3165   356
 160 1167.2662 1177.7219    26     6     6  3580     4
 161 1004.1763 1178.5429    25     6     5  3162   381
 162 1153.3924 1178.9838    26     5     6  3549    35
 163 1308.6474 1179.3586    23     6     5  2317   408
 164  990.9174 1179.6879    23     6     6  2693   407
 165 1139.5435 1180.3457    25     5     6  3479    91
 166 1294.4285 1180.5312    24     5     5  3284   302
 167  977.7873 1180.9661    21     5     6  1861   467
 168 1125.6880 1181.4760    25     6     5  3420   122
 169 1280.2683 1181.8209    27     6     6  3715   231
 170 1112.1490 1182.6948    26     6     6  3471    83
 171 1265.8951 1183.2156    27     6     6  3709   137
 172 1098.4330 1183.9420    26     5     6  3463   150
 173 1251.6506 1184.4639    25     6     5  3548   111
 174 1084.7498 1185.2549    26     6     6  3446   157
 175 1237.5383 1185.6583    26     5     6  3599    46
 176 1071.3472 1186.4658    25     6     5  3325   126
 177 1223.5102 1186.9983    26     5     6  3646    82
 178 1057.6607 1187.5911    26     6     6  3341   288
 179 1209.4982 1188.3324    26     5     6  3585    15
 180 1044.3399 1188.8030    25     6     6  3336   154
 181 1195.4880 1189.5138    23     5     5  3394    63
 182 1030.8102 1190.1342    26     6     6  3334   259
 183 1181.4834 1190.6870    26     5     6  3584    14
 184 1017.4866 1191.3832    25     5     6  3271   311
 185 1167.5644 1192.0209    26     5     6  3598    25
 186 1004.1961 1192.4948    25     6     5  3165   307
 187 1153.6388 1193.2990    25     6     6  3469    32
 188  990.9057 1193.6270    22     6     5  2643   385
 189 1309.5262 1193.6887    24     5     6  2382   440
 190 1139.8012 1194.4617    25     6     5  3418     6
 191  977.7412 1194.7365    19     5     5  1804   448
 192 1295.2464 1195.0795    28     6     6  3569   281
 193 1126.1481 1195.6534    27     6     6  3521    11
 194 1280.8477 1196.3819    28     6     6  3787   184
 195 1112.3862 1196.8273    25     5     6  3474     9
 196 1266.5450 1197.5742    25     5     6  3581   125
 197 1098.6173 1198.1793    25     5     6  3433    45
 198 1252.4139 1198.8319    26     5     6  3680    88
 199 1085.0167 1199.3516    26     6     6  3396   102
 200 1238.2547 1200.1580    29     6     6  3827    81
 201 1071.4735 1200.5121    23     5     5  3299    78
 202 1224.0912 1201.4264    27     6     6  3674    42
 203 1057.8735 1201.6674    27     6     6  3369   152
 204 1209.9902 1202.6114    28     6     6  3707    18
 205 1044.4023 1202.8733    25     5     6  3337   223
 206 1195.9470 1203.8396    29     6     6  3741    29
 207 1030.8937 1204.1662    26     6     6  3337   146
 208 1181.9034 1205.1311    27     6     6  3638    12
 209 1017.5172 1205.3852    25     5     6  3280   303
 210 1167.9532 1206.3351    27     6     6  3581     3
 211 1004.2223 1206.4958    25     6     5  3173   316
 212 1154.1488 1207.5203    25     6     5  3420     0
 213  990.8805 1207.5974    23     6     5  2711   374
 214 1310.4113 1208.4873    21     5     5  2312   423
 215 1140.3410 1208.6071    25     6     6  3351    22
 216  977.7077 1208.6998    19     5     5  1831   460
 217 1295.9198 1209.6344    28     6     6  3751   284
 218 1126.4195 1209.8785    26     5     6  3498     2
 219 1281.5637 1210.8872    26     5     6  3764   171
 220 1112.5946 1211.2000    25     5     6  3480    61
 221 1267.3500 1212.1618    28     6     6  3866   164
 222 1098.8426 1212.3347    27     6     6  3504    33
 223 1252.9934 1213.4079    28     6     6  3820   128
 224 1085.3290 1213.5156    25     6     5  3361    37
 225 1238.6788 1214.5841    26     6     6  3643    50
 226 1071.5528 1214.6098    26     5     6  3422   107
 227 1140.4754 1215.7954    29     5     6  3931    19
 228 1058.0658 1215.8219    26     6     6  3391   120
 229 1224.5579 1215.8275    27     5     6  3732    51
 230 1044.5048 1217.0789    26     5     6  3371   206
 231 1210.4971 1217.0930    26     5     6  3688    38
 232 1030.9838 1218.2608    26     6     6  3311   232
 233 1196.4785 1218.3450    26     5     6  3623    58
 234 1017.5468 1219.4478    23     5     5  3201   199
 235 1182.4681 1219.5084    24     5     5  3457    48
 236 1004.2482 1220.5321    25     6     5  3184   200
 237 1168.4361 1220.6229    26     5     6  3554     7
 238  990.8721 1221.6317    24     6     6  2764   342
 239 1154.4720 1221.8054    26     5     6  3517     5
 240 1146.6563 1222.5917    17     5     5  2072    17
 241  977.6757 1222.7347    19     5     5  1815   418
 242 1311.1886 1223.1427    20     5     5  2198   451
 243 1140.5184 1223.1844    25     5     6  3313    10
 244 1126.6234 1224.2978    24     5     6  3371     1
 245 1296.5909 1224.3252    26     6     6  3732   242
 246 1112.8262 1225.4220    26     6     6  3455    24
 247 1282.4031 1225.5262    26     6     6  3859   267
 248 1099.2191 1226.5667    26     6     6  3429    54
 249 1267.9456 1226.7153    29     6     6  4033   127
 250 1085.4348 1227.6770    25     5     6  3414    65
 251 1253.5804 1227.9566    27     6     6  3862   116
 252 1071.7170 1228.9170    28     6     6  3515    95
 253 1239.4362 1229.2123    27     5     6  3780    97
 254 1058.1991 1230.0636    27     6     6  3424    60
 255 1225.2598 1230.4279    27     6     6  3694   124
 256 1044.5817 1231.2996    24     5     6  3306   113
 257 1211.0398 1231.5624    28     6     6  3738    59
 258 1031.1009 1232.4090    26     6     6  3277    87
 259 1196.8928 1232.7315    29     6     6  3787    57
 260 1017.5632 1233.4975    23     5     5  3174   212
 261 1182.7817 1233.9676    29     6     6  3768    69
 262 1004.2666 1234.6203    26     6     6  3262   197
 263 1168.7501 1235.1695    26     6     6  3563    13
 264  990.8579 1235.7189    23     6     6  2726   333
 265 1154.7533 1236.3205    27     6     6  3545    49
 266  977.6400 1236.8294    21     5     6  1900   437
 267 1140.8293 1237.4647    25     6     5  3400     8
 268 1311.8655 1237.7768    21     6     5  2336   435
 269 1127.0362 1238.5913    26     6     6  3415    26
 270 1297.4205 1238.9867    26     5     6  3940   376
 271 1113.2442 1239.7302    26     6     6  3489    21
 272 1282.9979 1240.2529    29     6     6  4246   268
 273 1099.3951 1240.8500    26     5     6  3483    77
 274 1268.5651 1241.4138    28     6     6  4011   176
 275 1085.6036 1242.0948    26     5     6  3462    41
 276 1254.3502 1242.5903    27     6     6  3874   158
 277 1071.9008 1243.2277    26     6     6  3386    68
 278 1239.9996 1243.7649    30     6     6  3976   110
 279 1058.3842 1244.4006    26     6     6  3372    93
 280 1225.6636 1244.9920    29     6     6  3889    56
 281 1044.6103 1245.4622    24     5     5  3239   145
 282 1211.5351 1246.1998    26     5     6  3695   134
 283 1031.2378 1246.5782    26     6     6  3295   177
 284 1197.4570 1247.3843    26     5     6  3600    96
 285 1017.5942 1247.6584    26     5     6  3307   185
 286 1183.3813 1248.4956    26     6     6  3558    94
 287 1004.2666 1248.7776    25     6     6  3242   218
 288 1169.3105 1249.6253    27     6     6  3608    52
 289  990.8295 1249.9350    26     6     6  2884   315
 290 1155.2793 1250.7488    26     6     6  3547    16
 291  977.5495 1251.0554    21     5     6  1898   441
 292 1141.3056 1251.8673    28     6     6  3638    28
 293 1312.6343 1252.4504    22     5     5  2552   413
 294 1127.3834 1253.0380    28     6     6  3621    31
 295 1298.2488 1253.7655    27     6     6  4145   369
 296 1113.4631 1254.2386    27     5     6  3519    64
 297 1283.6438 1254.9722    28     6     6  4210   285
 298 1099.5730 1255.3717    25     5     6  3402    20
 299 1269.3772 1256.1324    28     6     6  4153   290
 300 1085.7694 1256.4426    26     6     6  3390    86
 301 1254.8617 1257.3186    27     6     6  3979   147
 302 1072.1771 1257.5494    26     6     6  3344    27
 303 1240.5397 1258.4899    27     5     7  3820   149
 304 1058.4545 1258.5991    25     5     6  3360   132
 305 1226.3869 1259.6197    27     6     6  3764    89
 306 1044.7628 1259.7500    28     6     6  3436   112
 307 1212.1109 1260.7576    27     6     6  3730    84
 308 1031.2873 1260.8316    25     6     6  3319   219
 309 1197.8231 1261.9632    29     6     6  3827    34
 310 1017.6535 1262.0274    27     5     6  3356   178
 311 1004.2534 1263.0644    26     6     6  3263   217
 312 1183.6603 1263.1292    28     6     6  3746    85
 313  990.8035 1264.2362    25     6     6  2884   248
 314 1169.5938 1264.2596    25     5     6  3521    79
 315  977.4441 1265.3221    21     5     5  1927   403
 316 1155.5433 1265.3855    26     5     6  3518    72
 317 1141.5237 1266.4638    24     5     6  3356    53
 318 1313.4708 1267.3702    21     5     5  2521   425
 319 1127.5381 1267.5399    26     5     6  3455    67
 320 1298.8720 1268.5800    27     6     6  4089   320
 321 1113.5995 1268.6600    28     6     6  3531    30
 322 1284.4586 1269.7392    27     5     6  4372   291
 323 1099.7947 1269.7672    29     6     6  3557    70
 324 1086.0933 1270.8374    27     6     6  3457    71
 325 1269.9585 1270.9133    30     6     6  4331   305
 326 1072.3424 1271.9292    28     6     6  3506   118
 327 1255.5279 1272.0850    26     5     6  3987   241
 328 1058.5644 1273.1103    26     5     6  3381   105
 329 1241.2426 1273.2621    30     6     6  4064   227
 330 1044.8696 1274.1966    27     6     6  3390   180
 331 1226.7944 1274.3792    27     6     6  3816   117
 332 1031.3891 1275.2895    26     5     6  3319   139
 333 1212.5441 1275.5238    26     5     7  3656   143
 334 1017.6600 1276.3646    25     6     6  3237   162
 335 1198.4301 1276.6115    27     5     6  3654   175
 336 1004.3053 1277.4278    27     6     6  3261   169
 337 1184.2381 1277.7234    27     6     6  3664   183
 338  990.7307 1278.4573    23     6     5  2741   304
 339 1170.0974 1278.8166    28     6     6  3668   181
 340  977.4847 1279.4597    21     5     5  1968   411
 341 1155.9435 1279.9697    29     6     6  3664    43
 342 1141.8754 1281.0988    27     6     6  3561   106
 343 1127.8596 1282.1886    28     6     6  3558    98
 344 1313.4375 1282.3281    15     4     5  1390   456
 345 1113.9508 1283.2654    27     6     6  3464    76
 346 1299.4770 1283.4382    23     5     5  3496   346
 347 1100.0989 1284.3452    29     6     6  3517    47
 348 1285.1581 1284.6428    28     6     6  4348   292
 349 1086.3361 1285.4285    26     6     6  3356    99
 350 1270.5919 1285.7729    28     6     6  4284   167
 351 1072.4922 1286.4990    24     5     6  3257   156
 352 1256.2222 1286.9198    29     6     6  4132   325
 353 1058.6141 1287.5144    26     6     6  3307   159
 354 1241.7009 1288.0789    28     6     6  3998   286
 355 1045.0144 1288.5972    27     6     6  3294   234
 356 1227.4574 1289.2041    27     5     6  3861   195
 357 1031.4194 1289.6186    25     5     6  3273   153
 358 1213.1309 1290.3041    30     6     6  3930   194
 359 1017.7320 1290.6658    27     6     6  3298   214
 360 1198.7659 1291.3966    27     6     6  3670    66
 361 1004.3077 1291.7138    26     6     6  3255   216
 362 1184.5516 1292.4822    27     5     7  3600   140
 363  990.7841 1292.7361    26     6     6  2863   368
 364 1170.4832 1293.5673    26     5     6  3498   119
 365  977.4520 1293.7199    22     5     5  1955   443
 366 1156.4094 1294.6435    26     5     6  3474   211
 367 1142.3385 1295.7085    26     6     6  3473   170
 368 1128.2987 1296.7588    26     6     6  3456   100
 369 1114.3189 1297.8074    26     6     6  3431   222
 370 1299.9822 1298.4395    22     5     5  2473   261
 371 1100.3674 1298.8627    26     5     6  3426   168
 372 1285.8202 1299.5803    29     6     6  4526   371
 373 1086.4567 1299.9607    26     5     6  3425   204
 374 1271.3635 1300.7281    29     6     6  4365   244
 375 1072.5972 1301.0488    26     5     6  3379   196
 376 1256.7490 1301.8532    29     6     6  4253   208
 377 1058.8075 1302.1081    27     6     6  3376   229
 378 1242.4343 1302.9493    26     5     6  3962   240
 379 1045.1497 1303.0994    29     6     6  3457   203
 380 1227.9462 1304.0918    30     6     6  4028   236
 381 1031.4860 1304.1869    27     5     6  3356   213
 382 1213.5800 1305.1717    26     5     6  3764   224
 383 1017.7697 1305.2094    26     6     6  3258   272
 384 1004.3021 1306.2229    28     6     6  3320   282
 385 1199.4028 1306.2531    28     6     6  3757   220
 386  990.7145 1307.2953    24     5     6  2822   394
 387 1185.0793 1307.3062    29     6     6  3777   246
 388  977.3533 1308.3276    19     5     5  1768   453
 389 1170.8129 1308.3498    27     6     6  3613   148
 390 1156.6158 1309.4244    28     6     6  3568   264
 391 1142.5457 1310.4827    27     5     7  3493   142
 392 1128.5067 1311.5219    26     5     7  3401   166
 393 1114.4899 1312.5474    25     5     6  3338   144
 394 1300.5730 1313.4250    14     4     5  1207   379
 395 1100.5048 1313.5519    26     5     6  3379   258
 396 1086.5670 1314.5822    26     5     6  3345   201
 397 1286.6132 1314.6074    26     5     6  4075   392
 398 1072.7065 1315.6070    26     6     6  3300   187
 399 1272.0567 1315.7220    30     6     6  4496   339
 400 1059.0113 1316.6521    27     6     6  3335   228
 401 1257.4820 1316.8427    27     5     6  4291   324
 402 1045.3114 1317.6741    26     6     6  3299   249
 403 1242.9794 1317.9455    30     6     6  4216   298
 404 1031.5000 1318.6213    26     5     6  3287   274
 405 1228.5238 1319.0088    26     5     6  3900   174
 406 1017.8291 1319.6622    29     6     6  3343   253
 407 1214.2082 1320.0837    30     6     6  4046   329
 408 1004.3381 1320.6640    26     6     6  3215   296
 409 1199.7569 1321.1591    30     6     6  3917   263
 410  990.7087 1321.6143    25     5     6  2798   401
 411 1185.5312 1322.1884    27     5     6  3693   233
 412  977.2899 1322.5792    22     5     5  1933   463
 413 1171.3642 1323.2202    28     6     6  3698   173
 414 1157.1163 1324.2549    30     6     6  3736   295
 415 1142.8971 1325.2818    27     6     6  3541   192
 416 1128.7742 1326.2997    27     6     6  3502   254
 417 1114.7165 1327.3159    27     6     6  3452   238
 418 1100.7081 1328.3387    27     6     6  3421   141
 419 1301.4134 1328.5800    20     5     5  2212   417
 420 1086.7715 1329.3209    27     6     6  3394   280
 421 1287.3127 1329.8363    25     5     6  3968   393
 422 1072.9183 1330.3246    27     6     6  3351   221
 423 1272.6977 1330.8326    29     6     6  4616   338
 424 1059.1662 1331.3598    28     6     6  3347   345
 425 1258.1557 1331.8845    31     6     6  4486   386
 426 1045.4189 1332.3708    26     5     6  3274   347
 427 1243.5613 1332.9504    27     5     6  4092   406
 428 1031.5704 1333.3612    25     5     6  3238   318
 429 1229.0629 1333.9604    29     6     6  3978   327
 430 1017.8497 1334.2846    27     6     6  3263   336
 431 1214.6093 1335.0584    29     6     6  3966   328
 432 1004.3307 1335.3052    28     6     6  3284   367
 433 1200.3856 1336.0931    28     6     6  3769   273
 434  990.6889 1336.3098    24     5     6  2788   422
 435 1185.9375 1337.1596    28     6     6  3665   313
 436  977.2458 1337.3074    21     5     6  1829   452
 437 1171.6213 1338.1645    27     6     6  3609   343
 438 1157.4910 1339.1810    27     5     6  3579   251
 439 1143.3505 1340.1572    28     6     6  3608   293
 440 1129.2010 1341.1631    30     6     6  3664   323
 441 1115.0663 1342.1621    29     6     6  3548   294
 442 1101.0210 1343.1452    29     6     6  3502   300
 443 1302.2250 1344.0486    15     5     4  1470   433
 444 1087.0428 1344.1240    29     6     6  3495   319
 445 1287.9675 1344.9512    25     6     6  3759   432
 446 1073.1594 1345.0890    29     6     6  3467   349
 447 1273.4511 1345.9835    27     6     6  4113   436
 448 1059.3128 1346.0422    28     6     6  3414   388
 449 1258.6930 1347.0160    30     6     6  4376   340
 450 1045.4644 1347.0253    26     5     6  3295   360
 451 1031.6075 1348.0273    26     5     6  3263   358
 452 1244.2598 1348.0795    29     6     6  4185   359
 453 1017.9247 1348.9661    28     6     6  3305   378
 454 1229.5490 1348.9828    26     5     6  3690   337
 455 1004.3071 1349.8496    26     6     6  3208   404
 456 1215.2570 1350.1357    30     6     6  4113   354
 457  990.6750 1350.8282    27     5     6  2904   421
 458 1200.7052 1351.1843    29     6     6  3911   335
 459  977.1447 1351.6990    20     5     5  1774   461
 460 1186.4533 1352.1565    28     6     6  3822   265
 461 1172.1178 1353.1482    30     6     6  3936   362
 462 1157.7573 1354.1532    30     6     6  3844   277
 463 1143.5699 1355.1290    26     5     6  3602   352
 464 1129.4633 1356.0914    27     5     6  3636   308
 465 1115.3512 1357.0325    28     6     6  3631   350
 466 1101.3052 1358.0061    29     6     6  3663   391
 467 1087.2873 1358.9521    29     6     6  3613   364
 468 1073.3355 1359.8842    28     6     6  3516   399
 469 1059.3934 1360.8218    26     5     6  3373   370
 470 1045.4941 1361.7697    27     5     6  3397   397
 471 1031.6375 1362.7039    28     6     6  3283   412
 472 1017.9619 1363.6035    26     6     6  2913   430
 473 1004.3668 1364.5035    22     5     5  2534   450
 474  990.6543 1365.4233    22     5     5  2169   459
 475  977.1451 1366.2890    17     4     5  1267   471
 476 1268.8592 1367.2077     5     2     3   534   479
 477 1277.2647 1385.3824     6     3     4   351    -1
