484
   0 1356.9428 1135.2587    14     4     4  1102   461
   1 1344.5915 1136.4495    21     5     5  2001   454
   2 1332.1079 1137.6505    20     5     5  2209   412
   3 1319.9210 1138.8649    19     5     5  2216    -1
   4 1307.6230 1140.0285    19     5     5  2373   411
   5 1122.9103 1140.0321     6     2     3   456   467
   6 1295.3839 1141.1688    20     5     5  2594    -1
   7 1283.1886 1142.3346    19     5     5  2546   446
   8 1271.0448 1143.5110    20     5     5  2551    -1
   9 1258.9596 1144.6648    19     5     5  2449   438
  10 1246.9016 1145.8042    20     5     5  2489   423
  11 1234.8048 1146.9359    20     5     5  2450   431
  12 1357.8472 1147.7445    18     5     5  1669   457
  13 1222.7847 1148.0363    19     5     5  2369   433
  14 1345.2909 1148.8921    20     5     5  2339    -1
  15 1210.7973 1149.1547    20     5     5  2416   434
  16 1332.9365 1149.9608    21     5     6  2608    -1
  17 1198.8693 1150.3108    20     5     5  2427   441
  18 1320.5843 1151.1032    21     5     5  2663   385
  19 1186.9463 1151.4707    20     5     5  2434   428
  20 1308.2635 1152.2762    20     5     5  2649   448
  21 1174.9786 1152.5829    18     4     5  2323   443
  22 1296.0393 1153.4539    21     5     5  2613   421
  23 1163.0243 1153.7026    20     5     5  2402   398
  24 1283.8756 1154.6052    20     5     5  2568   367
  25 1151.1628 1154.8226    22     5     5  2408   406
  26 1271.6929 1155.7770    19     5     5  2531   419
  27 1139.5358 1155.9499    19     5     5  2346   388
  28 1259.5248 1156.8970    21     5     5  2584   424
  29 1127.7956 1156.9833    19     5     5  2266   399
  30 1247.3829 1158.0242    20     5     6  2486   358
  31 1116.0504 1158.1097    17     4     5  2031   418
  32 1104.3140 1159.1208    19     5     5  2047   429
  33 1235.2608 1159.1275    20     5     5  2463   439
  34 1358.4583 1160.0038    16     5     4  1592   425
  35 1223.1986 1160.2212    19     5     5  2410   372
  36 1092.8538 1160.2419    17     5     5  1780   445
  37 1346.0240 1161.2517    19     5     5  2263   408
  38 1211.1404 1161.3462    19     5     5  2432   377
  39 1081.0511 1161.4084    16     4     5  1466   458
  40 1333.6699 1162.4212    21     5     5  2775   329
  41 1199.1381 1162.4440    20     5     5  2481   436
  42 1069.6832 1162.5573    12     4     5   862   462
  43 1321.2394 1163.5358    21     5     5  2727   309
  44 1187.1837 1163.5642    21     5     5  2514   368
  45 1308.9707 1164.7025    19     5     5  2471   355
  46 1175.2994 1164.7061    22     5     5  2541   349
  47 1296.6988 1165.8353    20     5     5  2554   280
  48 1163.4902 1165.8481    20     5     5  2422   383
  49 1151.6569 1166.9011    19     5     5  2346   378
  50 1284.4513 1166.9710    21     5     6  2568   326
  51 1139.8476 1167.9637    18     5     4  2209   392
  52 1272.2338 1168.1122    20     5     5  2480   258
  53 1128.0379 1169.0639    17     4     5  2157   393
  54 1260.0324 1169.2296    18     4     5  2335   335
  55 1116.2437 1170.1352    19     5     5  2304   407
  56 1247.9650 1170.3362    20     5     5  2441   277
  57 1104.6199 1171.1975    20     5     5  2309   382
  58 1235.8779 1171.4746    21     5     5  2508   333
  59 1092.9914 1172.3666    19     5     5  2224   400
  60 1223.7980 1172.5625    20     5     5  2473   314
  61 1359.0927 1172.6085    18     5     5  1720   426
  62 1081.1935 1173.4333    19     5     5  1955   440
  63 1211.7388 1173.6829    20     5     5  2449   321
  64 1346.8125 1173.7255    20     5     5  2379   380
  65 1069.8617 1174.4091    15     4     5  1278   460
  66 1199.6940 1174.7840    19     5     5  2383    -1
  67 1334.3918 1174.8933    22     5     5  2745   342
  68 1187.7044 1175.8451    19     5     5  2344    -1
  69 1321.9803 1176.0061    21     5     6  2597   340
  70 1175.7434 1176.9072    19     5     5  2281    -1
  71 1309.6290 1177.0999    22     5     5  2682   301
  72 1163.8400 1177.9691    19     5     5  2259   315
  73 1297.2939 1178.2395    19     5     5  2566   263
  74 1151.9727 1179.0581    17     4     5  2149   360
  75 1285.0455 1179.3658    19     5     5  2455   285
  76 1140.0647 1180.1695    18     4     5  2207   346
  77 1272.8692 1180.5019    21     5     5  2591   259
  78 1128.2347 1181.1961    19     5     5  2322   361
  79 1260.6366 1181.5971    21     5     5  2646    -1
  80 1116.5267 1182.2303    20     5     5  2346   363
  81 1248.4316 1182.7052    21     5     5  2585   255
  82 1104.9049 1183.3449    20     5     5  2309   359
  83 1236.2424 1183.7991    22     5     5  2521   322
  84 1093.0332 1184.4085    17     4     5  2161   409
  85 1224.1357 1184.8886    20     5     5  2356   286
  86 1360.0426 1185.1077    16     4     4  1552   442
  87 1081.4599 1185.4970    20     5     5  1998   415
  88 1061.2119 1185.6084   249     7    54 15900    -1
  89 1212.0532 1185.9514    18     5     5  2216   338
  90 1347.5068 1186.2215    21     5     5  2526   387
  91 1070.0262 1186.5664    16     4     5  1372   452
  92 1200.0283 1187.0161    18     4     6  2208    -1
  93 1335.0936 1187.3657    21     5     5  2711   353
  94 1188.0347 1188.1095    18     4     5  2224   330
  95 1322.6904 1188.5028    21     5     5  2820   287
  96 1176.0498 1189.1813    19     5     5  2296   260
  97 1310.2608 1189.5926    21     5     5  2735   293
  98 1164.1012 1190.2526    19     5     5  2304   305
  99 1297.9503 1190.7080    19     5     5  2498   250
 100 1152.1600 1191.2812    19     5     5  2353   327
 101 1285.6789 1191.8164    19     5     5  2521   252
 102 1140.3153 1192.3068    20     5     5  2413   336
 103 1273.3797 1192.9432    21     5     6  2546   271
 104 1128.5944 1193.4106    21     5     5  2459   307
 105 1261.1300 1194.0254    21     5     6  2485   272
 106 1116.8640 1194.5124    21     5     5  2421   339
 107 1248.9824 1195.0964    19     5     5  2345   244
 108 1104.9944 1195.5404    18     4     5  2235   381
 109 1236.8305 1196.1336    20     5     5  2392   241
 110 1093.2063 1196.5745    20     5     5  2328   389
 111 1224.6657 1197.1923    22     5     5  2530   215
 112 1081.7343 1197.6791    19     5     5  1966   417
 113 1360.9026 1197.7769    17     4     5  1630   455
 114 1212.5396 1198.2766    21     5     5  2514   239
 115 1070.0678 1198.7640    15     4     5  1303   449
 116 1348.2537 1198.8902    20     5     5  2425   373
 117 1200.4351 1199.3311    21     5     5  2530   220
 118 1335.8270 1199.9211    21     5     6  2729   337
 119 1188.4118 1200.3889    21     5     5  2535   237
 120 1323.3454 1201.0579    21     5     6  2699   302
 121 1176.4171 1201.4488    21     5     5  2534   203
 122 1310.9802 1202.1753    19     5     5  2539   267
 123 1164.4790 1202.5251    21     5     5  2526   246
 124 1298.5751 1203.2175    22     5     5  2778   274
 125 1152.6053 1203.5929    21     5     5  2503   253
 126 1286.2172 1204.3092    20     5     5  2609   225
 127 1140.7624 1204.6546    19     5     5  2360   231
 128 1273.9852 1205.4024    20     5     5  2517   238
 129 1128.9103 1205.6618    19     5     5  2310   254
 130 1261.7458 1206.4819    21     5     5  2649   208
 131 1116.9701 1206.6937    18     4     5  2206   319
 132 1249.4815 1207.5235    21     5     5  2668   251
 133 1105.1505 1207.7824    20     5     5  2282   344
 134 1237.2184 1208.5666    22     5     5  2602   216
 135 1093.5023 1208.8303    19     5     5  2249   348
 136 1225.0544 1209.6308    20     5     5  2407   174
 137 1081.9197 1209.8685    17     4     5  1827   384
 138 1361.6546 1210.2045    19     5     5  1752   435
 139 1212.9659 1210.6856    18     4     5  2263   176
 140 1070.1693 1210.8822    13     4     4  1155   456
 141 1349.0193 1211.4369    18     5     5  2327   405
 142 1200.9160 1211.7223    20     5     5  2363   185
 143 1336.5506 1212.5522    21     5     5  2948   294
 144 1188.8699 1212.7515    20     5     5  2376   186
 145 1324.0311 1213.6350    20     5     5  2674   273
 146 1176.8392 1213.7996    20     5     5  2362   169
 147 1311.6307 1214.7340    21     5     5  2802   201
 148 1164.8572 1214.8387    20     5     5  2355   143
 149 1299.1788 1215.8069    21     5     5  2666   175
 150 1152.9109 1215.8565    19     5     5  2274   190
 151 1286.8784 1216.8446    20     5     5  2567   157
 152 1140.9732 1216.9095    18     4     5  2204   226
 153 1274.5675 1217.9129    21     5     6  2605   181
 154 1129.0462 1217.9570    18     5     5  2178   264
 155 1117.2085 1218.9996    19     5     5  2233   300
 156 1262.2312 1219.0064    21     5     6  2527   206
 157 1105.4124 1220.0081    20     5     6  2301   318
 158 1250.0003 1220.0479    19     4     6  2381   146
 159 1093.7118 1220.9833    18     5     5  2156   323
 160 1237.7867 1221.0580    21     5     6  2473   161
 161 1082.0063 1222.0095    16     4     4  1746   395
 162 1225.5810 1222.0835    21     5     5  2469   173
 163 1070.2694 1223.0074    14     4     4  1242   437
 164 1362.3489 1223.0171    17     5     4  1697   420
 165 1213.3872 1223.1476    19     5     5  2386   141
 166 1349.8120 1224.1351    20     5     5  2455   364
 167 1201.2790 1224.1848    19     5     5  2362   100
 168 1189.1781 1225.2246    20     5     5  2398   172
 169 1337.2431 1225.2342    21     5     5  2837   295
 170 1177.1381 1226.2390    20     5     5  2387   155
 171 1324.7523 1226.3019    22     5     5  2872   270
 172 1165.1161 1227.2642    19     5     5  2328   170
 173 1312.2427 1227.3521    21     5     5  2795   214
 174 1153.1288 1228.2757    19     5     5  2332   187
 175 1299.8945 1228.4246    20     5     5  2645   192
 176 1141.1925 1229.2658    19     5     5  2355   165
 177 1287.4585 1229.4727    21     5     5  2808   145
 178 1129.2906 1230.2455    19     5     5  2349   200
 179 1275.0723 1230.5064    20     5     5  2569   137
 180 1117.4408 1231.2383    20     5     5  2368   198
 181 1262.8498 1231.5582    20     5     5  2581    97
 182 1105.7161 1232.2407    22     5     5  2419   196
 183 1250.5158 1232.5810    21     5     5  2691   104
 184 1093.9452 1233.2825    20     5     5  2269   222
 185 1238.1951 1233.5894    22     5     5  2599   121
 186 1082.0885 1234.2853    17     4     5  1856   396
 187 1226.0064 1234.6129    20     5     5  2408   149
 188 1070.4940 1235.1195    16     5     5  1302   430
 189 1213.8968 1235.6361    19     5     5  2346   112
 190 1363.0671 1235.9110    17     4     5  1670   453
 191 1201.7788 1236.6787    20     5     5  2449    88
 192 1350.5472 1236.9195    19     5     5  2454   391
 193 1189.6696 1237.7008    21     5     5  2524    91
 194 1338.0000 1237.9292    21     5     6  2760   248
 195 1177.5587 1238.6997    21     5     5  2532    69
 196 1325.4183 1239.0094    22     5     6  2851   219
 197 1165.5162 1239.7057    21     5     5  2528    72
 198 1312.9641 1240.0718    21     5     6  2666   178
 199 1153.5075 1240.7204    21     5     5  2511   105
 200 1300.4844 1241.0801    22     5     6  2772   180
 201 1141.5903 1241.7250    21     5     5  2490   103
 202 1288.0521 1242.1607    20     5     5  2574   142
 203 1129.6872 1242.7184    19     5     5  2360    95
 204 1275.7127 1243.1583    22     5     5  2689   131
 205 1117.8084 1243.6945    19     5     5  2328    99
 206 1263.3237 1244.1929    19     5     5  2510   101
 207 1105.9354 1244.6459    18     5     5  2223   120
 208 1251.0208 1245.2039    18     4     5  2369   109
 209 1093.9739 1245.6098    18     4     5  2202   204
 210 1238.7984 1246.1864    21     5     5  2501    90
 211 1082.1986 1246.6391    19     5     5  1942   375
 212 1226.4818 1247.1801    22     5     5  2585    55
 213 1070.7045 1247.6022    17     5     5  1339   427
 214 1214.2815 1248.1290    19     5     5  2314    83
 215 1363.9627 1248.6457    16     4     5  1658   422
 216 1202.0932 1249.2341    20     5     5  2384    85
 217 1351.2316 1249.7176    22     5     5  2713   394
 218 1190.0135 1250.2137    18     4     5  2269    60
 219 1338.7422 1250.7438    21     5     5  2912   290
 220 1177.9421 1251.1861    19     5     5  2323    57
 221 1326.0987 1251.7347    21     5     5  2797   210
 222 1165.8990 1252.1615    19     5     5  2306    43
 223 1313.6412 1252.7756    21     5     5  2806   243
 224 1153.8662 1253.1398    19     5     5  2288    37
 225 1301.0876 1253.7969    20     5     5  2603   164
 226 1141.8841 1254.1076    19     5     5  2270    62
 227 1214.5317 1254.4905    25     5     5  3142    42
 228 1288.7203 1254.8020    20     5     5  2639   177
 229 1129.9194 1255.1000    19     5     5  2240    86
 230 1276.2365 1255.8182    22     5     5  2690   113
 231 1117.9806 1256.0901    18     4     5  2188   128
 232 1263.9337 1256.7970    20     5     5  2515   118
 233 1106.0557 1257.0518    20     5     6  2265   151
 234 1251.6000 1257.8256    22     5     5  2660    98
 235 1094.2013 1258.0407    21     5     6  2302   179
 236 1239.2240 1258.8238    21     5     5  2514    58
 237 1082.4751 1258.9953    16     5     4  1763   217
 238 1226.9788 1259.7800    18     4     5  2293    53
 239 1070.8565 1259.9972    15     4     4  1283   366
 240 1220.1538 1260.3962    14     5     5  1480   266
 241 1214.7558 1260.8702    19     5     5  2279    89
 242 1364.8289 1261.4952    17     5     5  1686   450
 243 1202.5900 1261.7885    21     5     5  2516    44
 244 1352.0085 1262.5115    20     5     5  2646   341
 245 1190.3594 1262.7561    22     5     5  2572     2
 246 1339.4466 1263.5500    21     5     5  3092   298
 247 1178.1847 1263.7198    22     5     5  2524    26
 248 1326.8473 1264.5649    22     5     5  2963   282
 249 1166.1023 1264.6776    20     5     5  2413    24
 250 1314.2522 1265.5582    22     5     5  2920   233
 251 1154.0457 1265.6243    20     5     5  2400    35
 252 1301.8085 1266.5768    21     5     5  2768   229
 253 1142.0390 1266.6084    20     5     5  2384    23
 254 1130.0474 1267.5613    20     5     5  2370    41
 255 1289.2636 1267.5718    22     5     5  2813   163
 256 1118.0965 1268.5239    21     5     5  2428    80
 257 1276.8794 1268.5770    21     5     5  2634   152
 258 1106.2165 1269.4688    20     5     5  2379   111
 259 1264.4586 1269.5449    21     5     5  2742   107
 260 1094.3611 1270.4111    21     5     5  2411   122
 261 1252.0633 1270.5289    20     5     5  2525    56
 262 1082.7261 1271.3342    20     5     5  1995   184
 263 1239.8172 1271.5249    20     5     5  2526    59
 264 1070.9725 1272.2381    15     4     5  1277   370
 265 1227.4473 1272.4867    21     5     5  2624    31
 266 1215.1438 1273.4368    21     5     5  2521    32
 267 1365.5096 1274.3441    17     5     5  1684   416
 268 1202.9864 1274.4187    20     5     5  2402    21
 269 1190.8349 1275.3927    21     5     5  2504    17
 270 1352.8485 1275.4085    20     5     5  2716   313
 271 1178.6413 1276.3238    22     5     5  2593     5
 272 1340.1508 1276.4205    22     5     5  3113   242
 273 1166.4723 1277.2589    21     5     5  2531     3
 274 1327.5413 1277.3908    21     5     5  3037   240
 275 1154.3683 1278.1933    19     5     5  2362    19
 276 1314.9565 1278.3938    20     5     5  2770   247
 277 1142.3338 1279.1691    19     5     5  2340    27
 278 1302.3971 1279.3937    21     5     5  2847   235
 279 1130.3536 1280.1256    19     5     5  2296    30
 280 1289.9335 1280.3889    20     5     5  2638   197
 281 1118.3817 1281.0679    21     5     6  2369    50
 282 1277.4277 1281.3600    21     5     5  2778   132
 283 1106.5123 1281.9942    20     5     6  2299    70
 284 1265.0099 1282.3338    19     4     5  2472   110
 285 1094.6672 1282.8880    20     5     6  2286    79
 286 1252.6065 1283.3050    22     5     5  2715    61
 287 1082.9111 1283.8713    17     4     5  1806   124
 288 1240.2112 1284.2729    21     5     5  2556    38
 289 1071.0692 1284.7865    15     4     5  1270   371
 290 1227.9692 1285.2270    19     5     5  2397    48
 291 1215.6242 1286.1579    23     5     6  2632    15
 292 1203.3534 1287.1286    21     5     6  2496    18
 293 1366.1467 1287.1652    15     4     4  1670   447
 294 1191.1110 1288.0821    21     5     6  2433     4
 295 1353.5980 1288.3695    21     5     5  2928   311
 296 1178.9842 1288.9622    20     4     6  2363     7
 297 1340.9203 1289.3380    20     5     5  2994   299
 298 1166.8679 1289.8818    21     5     6  2420     8
 299 1328.2236 1290.3191    21     5     5  3018   268
 300 1154.7636 1290.8084    19     5     5  2312    29
 301 1315.6410 1291.3066    22     5     5  3008   224
 302 1142.7298 1291.7662    19     5     5  2351    25
 303 1303.0393 1292.2807    20     5     5  2678   182
 304 1130.7230 1292.7353    19     5     5  2340    22
 305 1290.5154 1293.2604    22     5     5  2853   162
 306 1118.7379 1293.6363    20     5     5  2387    36
 307 1278.0105 1294.2252    18     4     5  2465   158
 308 1106.7895 1294.5647    20     5     5  2361    33
 309 1265.5577 1295.1847    23     5     6  2796   116
 310 1094.8843 1295.4660    21     5     5  2372    49
 311 1253.1088 1296.1404    21     5     6  2571    78
 312 1083.0495 1296.3778    17     4     5  1840   183
 313 1240.7699 1297.0133    22     5     6  2604    71
 314 1071.1313 1297.1448    15     4     4  1268   404
 315 1228.3827 1298.0044    22     5     6  2583    39
 316 1216.0467 1298.8818    21     5     6  2475    10
 317 1203.8047 1299.8054    21     5     6  2494    12
 318 1367.0127 1300.2934    15     4     5  1694   451
 319 1191.5419 1300.7701    22     5     5  2581    13
 320 1354.2574 1301.3203    19     5     5  2747   256
 321 1179.3039 1301.6601    22     5     5  2574     9
 322 1341.6322 1302.3187    22     5     5  3317   296
 323 1167.1133 1302.5629    21     5     5  2480     0
 324 1328.9434 1303.2755    20     5     5  2942   278
 325 1155.0158 1303.5007    20     5     5  2390     1
 326 1316.2646 1304.2356    22     5     6  2995   199
 327 1142.9982 1304.4425    19     4     5  2307    11
 328 1303.7238 1305.2140    22     5     5  2883   160
 329 1130.9805 1305.3503    20     5     5  2336     6
 330 1291.1170 1306.1768    21     5     6  2721   150
 331 1118.9544 1306.2419    20     5     5  2294    45
 332 1278.6185 1307.1220    23     5     6  2830   154
 333 1106.9622 1307.1390    19     5     5  2205    76
 334 1094.9886 1308.0278    19     4     6  2174    65
 335 1266.1124 1308.0498    22     5     6  2666   123
 336 1083.0953 1308.9306    17     4     5  1779    73
 337 1253.6826 1308.9369    21     5     6  2611   134
 338 1241.2246 1309.8797    23     5     6  2675   133
 339 1071.2054 1309.9087    15     4     5  1232   325
 340 1228.9018 1310.7704    20     5     5  2461   135
 341 1216.5434 1311.6939    21     5     5  2618   114
 342 1204.1435 1312.5858    21     5     5  2531    28
 343 1367.4943 1313.5128    13     4     5  1353   444
 344 1191.9665 1313.5442    21     5     5  2454    46
 345 1354.9574 1314.3599    18     4     5  2592   357
 346 1179.7631 1314.4536    22     5     5  2586    64
 347 1167.4872 1315.3340    21     5     5  2532    34
 348 1342.3373 1315.3571    22     5     5  3269   334
 349 1155.3097 1316.2242    20     5     5  2403    16
 350 1329.6896 1316.2900    22     5     5  3162   289
 351 1143.2204 1317.1577    21     5     6  2391    20
 352 1316.9726 1317.2675    20     5     5  2845   218
 353 1131.1340 1318.0528    21     5     6  2356    14
 354 1304.3049 1318.1819    22     5     6  2920   189
 355 1119.0818 1318.8708    19     5     5  2215    40
 356 1291.7885 1319.1399    23     5     6  2869   234
 357 1107.0670 1319.7266    20     5     5  2284    47
 358 1279.1751 1320.0634    22     5     6  2765   205
 359 1095.0783 1320.6208    20     5     5  2283    92
 360 1266.7115 1320.9329    21     5     6  2653   207
 361 1083.1470 1321.4770    19     5     5  1950   119
 362 1254.1579 1321.8638    23     5     6  2714   125
 363 1071.4302 1322.3182    16     5     5  1273   343
 364 1241.7804 1322.7597    22     5     6  2648   106
 365 1229.3307 1323.6573    22     5     5  2677   102
 366 1216.9831 1324.5674    21     5     5  2503    96
 367 1204.6451 1325.4871    21     5     5  2601   115
 368 1192.2659 1326.3475    20     5     5  2482    68
 369 1368.7585 1326.3878     8     3     3   605   459
 370 1180.0362 1327.2762    18     4     5  2267    54
 371 1355.7149 1327.5229    19     5     5  2346   328
 372 1167.9081 1328.1474    20     5     6  2350    63
 373 1343.0998 1328.4172    22     5     5  3359   352
 374 1155.7139 1328.9615    21     5     6  2387    94
 375 1330.3704 1329.3752    21     5     5  3133   291
 376 1143.5712 1329.8781    21     5     6  2412    51
 377 1317.6722 1330.3103    22     5     5  3103   245
 378 1131.4370 1330.7353    22     5     5  2481    52
 379 1305.0025 1331.2448    19     5     5  2725   306
 380 1119.3352 1331.5813    22     5     5  2465    67
 381 1292.3307 1332.1586    23     5     6  2934   249
 382 1107.2813 1332.4229    20     5     5  2349    74
 383 1279.8132 1333.0394    22     5     6  2789   228
 384 1095.2750 1333.2789    20     5     5  2298    66
 385 1267.2090 1333.9393    22     5     6  2698   166
 386 1083.4245 1334.1174    19     5     5  1917   168
 387 1254.7442 1334.8162    22     5     6  2697   148
 388 1071.7222 1335.0031    15     5     4  1227   397
 389 1242.2269 1335.6903    22     5     5  2682   153
 390 1229.8413 1336.6010    20     5     5  2515   140
 391 1217.4183 1337.4790    21     5     5  2666    93
 392 1205.0189 1338.3897    20     5     5  2432    75
 393 1192.7500 1339.2596    22     5     5  2552   129
 394 1180.3881 1340.1242    21     5     6  2471    77
 395 1356.5457 1340.6887    21     5     5  2407   403
 396 1168.1445 1340.9887    22     5     6  2467    82
 397 1343.9041 1341.5367    23     5     5  3469   362
 398 1155.9827 1341.7665    18     4     5  2232   156
 399 1331.0809 1342.4818    23     6     5  3295   303
 400 1143.8632 1342.6686    19     5     5  2302   127
 401 1318.3076 1343.3945    21     5     5  3155   304
 402 1131.7644 1343.5353    20     5     5  2388    87
 403 1305.6605 1344.3400    22     5     5  3081   316
 404 1119.6249 1344.3714    22     5     5  2469    81
 405 1107.5313 1345.1868    22     5     5  2409   136
 406 1292.9923 1345.2436    21     5     6  2797   312
 407 1095.5491 1346.0286    21     5     6  2293   144
 408 1280.3230 1346.1420    22     5     6  2857   232
 409 1083.6714 1346.9101    19     5     5  1901   117
 410 1267.8227 1346.9772    22     5     6  2764   193
 411 1255.2341 1347.8207    24     5     6  2806   167
 412 1071.8790 1347.8609    17     4     5  1346   379
 413 1242.7842 1348.6949    21     5     5  2630   212
 414 1230.2410 1349.5649    22     5     5  2687   195
 415 1217.8863 1350.4651    21     5     5  2567   126
 416 1205.4425 1351.3262    21     5     5  2615   130
 417 1193.0817 1352.1991    21     5     6  2446   147
 418 1180.8278 1352.9726    22     5     6  2488   138
 419 1357.1645 1353.8244    19     5     5  2658   386
 420 1168.5788 1353.8441    23     5     6  2571    84
 421 1156.2470 1354.6713    22     5     5  2507   108
 422 1344.6416 1354.7685    23     5     6  3530   365
 423 1144.0569 1355.5292    20     5     5  2372   159
 424 1331.8429 1355.6524    23     5     5  3460   350
 425 1131.9825 1356.3915    20     5     5  2318   139
 426 1319.0342 1356.5553    22     6     5  3232   354
 427 1119.9050 1357.1868    20     5     5  2274   188
 428 1306.2986 1357.4382    21     5     5  3056   332
 429 1107.8030 1357.9525    21     5     6  2314   223
 430 1293.5806 1358.3196    23     5     6  3073   276
 431 1095.7760 1358.7887    19     5     5  2211   261
 432 1280.9637 1359.2270    22     5     6  2862   283
 433 1083.9199 1359.6623    19     5     5  1936   324
 434 1268.3226 1360.1037    22     5     6  2763   265
 435 1072.0132 1360.4113    16     4     5  1330   390
 436 1255.8100 1360.9362    22     5     6  2684   262
 437 1243.2212 1361.7788    23     5     6  2757   257
 438 1230.8042 1362.6361    21     5     5  2615   288
 439 1218.2587 1363.4862    22     5     5  2700   209
 440 1205.9249 1364.3732    20     5     5  2499   194
 441 1193.4947 1365.1967    23     5     6  2657   213
 442 1181.1326 1366.0197    22     5     6  2518   227
 443 1168.8914 1366.7793    21     5     6  2450   221
 444 1357.9420 1367.1523    13     4     4  1530   432
 445 1156.6511 1367.6262    21     5     5  2532   202
 446 1345.1694 1368.0185    20     5     5  2815   369
 447 1144.3539 1368.4345    21     5     5  2515   191
 448 1332.4995 1368.8883    22     5     6  3029   376
 449 1132.1746 1369.2997    20     5     5  2343   171
 450 1319.7499 1369.7398    23     5     6  3227   401
 451 1120.0515 1370.1091    20     5     6  2302   211
 452 1306.9520 1370.6091    23     6     5  3130   345
 453 1107.9706 1370.8313    19     4     6  2242   269
 454 1294.0578 1371.3018    19     5     5  2585   275
 455 1095.9505 1371.6309    21     5     5  2333   284
 456 1281.5373 1372.3663    22     5     5  3082   279
 457 1084.0280 1372.4630    18     4     5  1900   402
 458 1072.0444 1373.1593    16     4     5  1296   414
 459 1268.9316 1373.2264    23     5     6  2853   356
 460 1256.2756 1374.0482    24     5     6  2911   308
 461 1243.7711 1374.8270    23     5     6  2832   347
 462 1231.1966 1375.6367    22     5     5  2768   351
 463 1218.7713 1376.5127    22     5     5  2755   317
 464 1206.2587 1377.3744    21     5     5  2666   236
 465 1193.9123 1378.1785    23     5     6  2649   310
 466 1181.5269 1378.9522    23     5     6  2676   331
 467 1169.1273 1379.7181    22     5     5  2549   230
 468 1156.9325 1380.5322    22     5     5  2529   281
 469 1144.6877 1381.3773    22     5     5  2608   320
 470 1132.4043 1382.1468    22     5     6  2490   292
 471 1120.2540 1382.9458    22     5     6  2291   297
 472 1108.0909 1383.6817    20     5     5  2073   374
 473 1096.0297 1384.4459    18     4     5  1861   410
 474 1084.0955 1385.2362    17     4     5  1468   413
 475 1072.1864 1385.9364    14     4     4   936   466
 476 1141.7667 2038.5000     5     2     3   265    -1
 477 1155.8333 2039.2619     8     3     4   421    -1
 478 1362.7903 2039.7258     6     3     3   331    -1
 479 1182.7444 2040.0778    12     3     5   645    -1
 480 1169.2353 2040.2941     8     2     5   434    -1
 481 1307.1000 2040.7000     6     3     3   315    -1
 482 1292.6143 2040.7286    10     3     4   535    -1
 483 1237.1476 2040.8048    14     4     5   805    -1
