476
   0 1397.9315 1178.0479    13     4     4   796   470
   1 1387.0216 1178.9567    13     4     4  1066   461
   2 1376.0828 1179.9627    14     4     4  1316   437
   3 1365.0806 1180.9925    14     4     4  1370   442
   4 1354.1158 1181.9913    14     4     4  1447   425
   5 1343.1646 1183.0018    14     4     4  1517   413
   6 1332.2906 1184.0254    15     5     4  1557   444
   7 1161.8191 1184.1991   146    30    19  9005   477
   8 1321.5400 1185.0356    16     5     4  1601   426
   9 1310.7791 1186.0544    14     4     4  1499   409
  10 1299.9068 1187.0513    15     4     4  1539   429
  11 1289.0681 1188.0051    15     4     4  1528   385
  12 1278.2487 1188.9987    14     4     4  1488   434
  13 1398.9257 1189.0473    12     4     4   896   463
  14 1267.6524 1190.0099    14     4     4  1461   411
  15 1387.8801 1190.0204    14     4     4  1313   454
  16 1376.9027 1191.0068    16     4     4  1684   362
  17 1256.9328 1191.0134    15     4     4  1531   379
  18 1246.1242 1191.9569    14     4     4  1477   430
  19 1365.8734 1192.0142    15     4     4  1631   424
  20 1235.5706 1192.9449    16     5     4  1508   403
  21 1354.8888 1193.0000    15     4     4  1640   404
  22 1224.9967 1193.9667    15     4     4  1515   423
  23 1343.9395 1193.9944    16     4     4  1692   313
  24 1214.2618 1194.9206    14     4     4  1418   427
  25 1333.0230 1194.9792    16     4     4  1691   418
  26 1203.8478 1195.8981    15     4     4  1486   417
  27 1322.1007 1195.9881    15     4     4  1629   390
  28 1193.1990 1196.8671    13     4     4  1361   441
  29 1311.1777 1196.9686    14     4     4  1575   371
  30 1182.7782 1197.7766    15     4     4  1379   435
  31 1300.3889 1197.9664    16     5     4  1664   408
  32 1172.3081 1198.7638    13     4     4  1192   453
  33 1289.7164 1198.9819    14     4     4  1555   402
  34 1161.8287 1199.6822    14     4     4  1205   438
  35 1278.9214 1199.9546    15     4     4  1621   378
  36 1399.8401 1200.0562    14     4     4  1047   466
  37 1151.5512 1200.5827    10     3     4   754   468
  38 1268.0706 1200.9031    15     4     4  1586   376
  39 1388.7254 1201.0433    14     4     4  1370   439
  40 1141.3163 1201.4592    10     4     3   598   469
  41 1257.2736 1201.9064    15     5     4  1567   373
  42 1377.6618 1202.0373    16     5     4  1684   372
  43 1246.7288 1202.8788    15     4     4  1563   377
  44 1366.5945 1203.0330    16     5     4  1678   388
  45 1236.0321 1203.8500    14     4     4  1540   405
  46 1355.5995 1204.0301    16     5     4  1664   361
  47 1225.2728 1204.7885    16     5     5  1566   421
  48 1344.6671 1205.0350    15     5     4  1606   392
  49 1214.8088 1205.7440    16     4     5  1587   375
  50 1333.7600 1206.0188    14     4     4  1550   396
  51 1204.1454 1206.7155    15     4     5  1548   422
  52 1322.8513 1207.0293    14     4     4  1554   327
  53 1193.6501 1207.5779    17     4     5  1556   406
  54 1311.9002 1208.0127    15     4     4  1577   366
  55 1183.1036 1208.5849    16     4     5  1577   368
  56 1301.0146 1208.9672    16     4     4  1624   347
  57 1172.6549 1209.4525    14     4     5  1352   419
  58 1290.1204 1209.9489    14     4     4  1522   387
  59 1162.1306 1210.4111    16     4     5  1520   401
  60 1279.3058 1210.9313    15     5     4  1543   412
  61 1400.4516 1211.2578    12     3     4   889   457
  62 1151.7729 1211.2910    13     4     4  1119   443
  63 1268.6639 1211.9142    15     5     4  1525   325
  64 1389.2849 1212.1185    15     5     4  1387   415
  65 1141.5464 1212.3692    10     3     4   737   467
  66 1257.9333 1212.8807    15     4     4  1567   365
  67 1378.2164 1213.1169    16     5     4  1685   399
  68 1247.1112 1213.8441    15     4     5  1555   389
  69 1367.1610 1214.1111    15     4     4  1632   320
  70 1236.4147 1214.7699    16     5     5  1515   333
  71 1356.1566 1215.0906    15     4     4  1644   324
  72 1225.8589 1215.6847    17     4     5  1619   400
  73 1345.1655 1216.0831    15     4     4  1635   416
  74 1215.1240 1216.6499    16     4     5  1574   344
  75 1334.2141 1217.0521    14     4     4  1564   355
  76 1204.5889 1217.4956    16     5     5  1475   317
  77 1323.2852 1218.0406    14     4     4  1538   269
  78 1193.9750 1218.4088    16     4     5  1600   393
  79 1312.4579 1219.0211    16     5     4  1631   395
  80 1183.4720 1219.3466    15     5     5  1428   374
  81 1301.6703 1220.0134    15     5     4  1572   309
  82 1172.9420 1220.1930    15     4     5  1535   339
  83 1290.8349 1221.0024    14     4     4  1530   235
  84 1162.4606 1221.1690    14     5     4  1410   357
  85 1279.9453 1221.9526    15     4     4  1572   354
  86 1152.0147 1222.0331    13     4     4  1194   431
  87 1401.2915 1222.4576    11     4     4   833   462
  88 1269.0764 1222.8975    15     4     4  1555   303
  89 1141.6288 1223.1591    11     3     4   814   464
  90 1390.0496 1223.3830    16     4     5  1475   348
  91 1258.2468 1223.8979    14     4     4  1474   298
  92 1379.0225 1224.3903    16     4     5  1757   367
  93 1247.6469 1224.8320    15     4     5  1485   370
  94 1367.9693 1225.3482    16     4     5  1729   337
  95 1236.9585 1225.7437    16     4     5  1596   305
  96 1356.9512 1226.2885    16     4     5  1722   286
  97 1226.1649 1226.6873    15     4     5  1508   394
  98 1345.9385 1227.2243    15     4     5  1653   350
  99 1215.5857 1227.5118    17     5     5  1527   380
 100 1334.9633 1228.1712    15     4     5  1635   346
 101 1204.9566 1228.3908    16     4     5  1606   319
 102 1323.9919 1229.1424    14     4     4  1564   293
 103 1194.3450 1229.2952    17     4     5  1553   302
 104 1313.0352 1230.1056    15     4     4  1602   407
 105 1183.8479 1230.1765    14     4     5  1476   326
 106 1302.0907 1231.0552    15     4     4  1593   364
 107 1173.2407 1231.1170    15     4     4  1502   311
 108 1291.1893 1232.0109    14     4     4  1524   233
 109 1162.8338 1232.0831    14     4     4  1482   329
 110 1152.2981 1232.9750    14     4     4  1220   428
 111 1280.3937 1232.9787    16     5     4  1600   331
 112 1402.0524 1233.7465    13     4     4  1003   459
 113 1269.7136 1233.9560    14     4     4  1496   358
 114 1142.0241 1233.9828    12     4     4   890   458
 115 1390.8974 1234.7504    14     4     4  1387   391
 116 1258.8917 1234.9246    15     4     4  1572   258
 117 1379.8991 1235.6779    17     4     5  1772   322
 118 1248.0520 1235.8589    14     4     4  1508   349
 119 1368.7888 1236.6404    18     5     5  1769   369
 120 1237.2493 1236.7617    15     4     5  1476   343
 121 1357.6845 1237.5874    18     5     5  1724   257
 122 1226.6899 1237.6111    17     4     5  1561   243
 123 1215.9683 1238.4901    16     4     5  1605   236
 124 1346.6075 1238.5025    18     5     5  1709   253
 125 1335.6121 1239.3866    16     5     5  1594   340
 126 1205.2992 1239.3975    17     4     5  1562   270
 127 1194.7988 1240.2463    14     4     5  1453   284
 128 1324.6673 1240.3025    16     5     5  1595   246
 129 1184.0778 1241.1224    15     4     4  1534   273
 130 1313.7531 1241.1992    16     5     5  1598   276
 131 1173.6528 1242.0975    15     5     4  1483   216
 132 1302.8362 1242.1479    16     4     5  1618   290
 133 1163.0210 1243.0019    15     4     4  1537   328
 134 1291.8910 1243.0932    15     4     4  1571   208
 135 1152.6255 1243.9462    13     4     4  1152   410
 136 1280.9704 1244.0593    16     4     4  1610   202
 137 1142.2046 1244.9306    13     4     4   931   452
 138 1402.8127 1244.9779    12     4     4   939   451
 139 1270.0858 1244.9851    15     4     4  1554   294
 140 1259.2094 1245.9327    14     4     4  1488   297
 141 1391.7518 1245.9639    14     4     4  1407   397
 142 1248.5417 1246.8978    16     5     4  1544   271
 143 1380.5169 1246.9582    16     5     4  1745   323
 144 1237.8414 1247.8032    17     4     5  1635   248
 145 1369.3078 1247.9134    15     5     4  1645   351
 146 1227.0590 1248.7087    16     4     5  1605   285
 147 1358.1928 1248.8789    16     4     5  1692   226
 148 1216.3150 1249.5925    15     5     5  1442   363
 149 1347.1471 1249.8202    16     4     5  1687   218
 150 1205.7706 1250.3379    15     4     5  1478   195
 151 1336.1201 1250.7275    16     4     5  1666   336
 152 1195.0255 1251.2398    15     4     5  1534   223
 153 1325.1301 1251.6432    16     4     5  1638   224
 154 1184.4944 1252.1262    15     5     4  1467   157
 155 1314.1433 1252.5145    16     4     5  1627   102
 156 1173.9377 1253.0623    14     4     4  1470   199
 157 1303.1957 1253.3957    17     4     5  1655   229
 158 1163.3093 1253.9675    14     4     4  1455   301
 159 1292.3192 1254.2204    17     5     5  1619   262
 160 1153.0067 1254.9819    14     4     4  1225   433
 161 1281.5251 1255.1253    17     5     5  1608   136
 162 1142.5500 1255.7000    10     3     4   740   432
 163 1270.7420 1256.0554    14     4     4  1485   254
 164 1403.5427 1256.3384    11     4     4   878   446
 165 1259.8674 1257.0255    14     4     4  1503   237
 166 1392.3607 1257.1935    15     5     4  1396   318
 167 1248.9981 1257.9524    15     4     4  1537   255
 168 1381.1667 1258.1046    15     4     4  1701   308
 169 1238.1573 1258.8836    14     4     4  1482   279
 170 1370.0528 1259.0784    15     4     4  1687   334
 171 1227.4580 1259.7787    16     5     5  1514   207
 172 1358.9918 1260.0452    16     4     4  1719   222
 173 1216.8364 1260.5897    16     4     5  1558   161
 174 1347.9131 1260.9833    16     4     4  1698   209
 175 1206.0650 1261.4775    16     4     5  1600   186
 176 1336.9079 1261.9576    15     4     4  1635   332
 177 1195.4653 1262.2858    15     5     5  1441   172
 178 1325.8889 1262.9062    15     4     4  1614   263
 179 1184.8755 1263.1361    14     4     5  1475   173
 180 1314.8988 1263.8047    16     4     5  1650   126
 181 1174.1826 1264.0337    15     4     4  1522   260
 182 1303.9376 1264.6522    16     4     5  1641   225
 183 1163.7363 1265.0170    14     4     4  1466   234
 184 1292.9779 1265.5072    16     4     5  1639   274
 185 1153.1328 1265.9170    13     4     4  1192   307
 186 1282.0061 1266.3920    16     4     5  1624   187
 187 1142.6387 1266.7059    11     4     4   788   445
 188 1271.0773 1267.2294    17     4     5  1652   193
 189 1404.4077 1267.6786    12     4     4   936   450
 190 1260.2114 1268.0900    15     4     4  1533   259
 191 1393.0722 1268.6944    15     4     5  1470   282
 192 1249.4537 1269.0397    16     5     4  1556   184
 193 1382.0024 1269.5714    16     4     5  1823   268
 194 1238.7432 1269.9903    14     4     4  1477   125
 195 1370.8893 1270.4626    16     4     5  1735   356
 196 1227.9657 1270.8970    15     4     4  1551   153
 197 1359.7673 1271.3099    18     5     5  1768   277
 198 1217.1374 1271.7813    15     4     5  1525   188
 199 1348.6382 1272.1889    16     5     5  1668   148
 200 1206.4705 1272.5870    16     5     5  1478   116
 201 1337.4929 1273.1153    17     5     5  1700   163
 202 1195.8447 1273.3663    16     4     5  1563    64
 203 1326.4224 1274.0523    16     5     4  1651   275
 204 1185.1182 1274.1974    17     4     5  1620    89
 205 1315.3796 1274.9863    16     5     4  1639   133
 206 1174.6088 1275.1074    15     5     4  1476   154
 207 1304.3875 1275.9351    16     5     4  1609   122
 208 1163.9871 1276.0129    14     4     4  1474   169
 209 1293.4572 1276.8449    17     5     5  1598   256
 210 1153.4835 1276.8926    13     4     4  1134   251
 211 1282.5792 1277.7139    17     5     5  1570   182
 212 1143.0475 1277.8726    13     4     4   913   447
 213 1271.7143 1278.4077    14     4     5  1372   118
 214 1405.0600 1279.0625    13     4     4  1050   449
 215 1260.8642 1279.3016    16     4     5  1566   215
 216 1393.8946 1280.0402    15     4     4  1533   299
 217 1249.9492 1280.1510    15     4     5  1538   206
 218 1382.8168 1280.9826    15     4     4  1757   242
 219 1239.0664 1281.0512    15     4     4  1541   180
 220 1371.5342 1281.9124    16     5     4  1736   306
 221 1228.2798 1281.9676    14     4     4  1472   149
 222 1360.2795 1282.8385    17     5     5  1757   247
 223 1217.6215 1282.9019    15     5     4  1474    94
 224 1349.1289 1283.6993    17     4     5  1758   113
 225 1206.9082 1283.7742    17     4     5  1634    83
 226 1272.0109 1284.0316    16     4     4  1765   295
 227 1338.0705 1284.5369    16     4     5  1722   101
 228 1196.1292 1284.5956    16     4     5  1574   111
 229 1185.5175 1285.3659    16     5     5  1486   143
 230 1327.0210 1285.4027    16     4     5  1704   198
 231 1174.9072 1286.1248    15     4     5  1531   137
 232 1316.0086 1286.2371    17     4     5  1721   121
 233 1164.2198 1287.0240    15     4     4  1521   139
 234 1305.0216 1287.0901    15     4     4  1582    88
 235 1153.8244 1288.0038    14     4     4  1224   190
 236 1294.0281 1288.0318    16     4     4  1601   191
 237 1143.4112 1288.7973    12     4     4   859   231
 238 1283.0863 1288.9188    15     4     4  1526   292
 239 1277.0429 1289.4167     9     4     3   846   352
 240 1272.1061 1289.8898    13     4     4  1376   171
 241 1405.8757 1290.5635    13     4     4  1028   460
 242 1261.1644 1290.6914    15     4     5  1492   120
 243 1394.7284 1291.4574    16     4     5  1575   382
 244 1250.3761 1291.4644    18     5     5  1602   185
 245 1239.6343 1292.2175    16     5     5  1522   127
 246 1383.4682 1292.3109    19     5     5  1955   240
 247 1228.8436 1293.0894    14     4     4  1477    49
 248 1372.1393 1293.1950    17     4     5  1873   227
 249 1217.9884 1294.0232    16     4     4  1576    46
 250 1361.0399 1294.0713    16     4     4  1789   232
 251 1207.1769 1294.9179    14     4     4  1480    85
 252 1349.9381 1295.0079    16     4     4  1745   145
 253 1196.5338 1295.7803    16     5     5  1510    18
 254 1338.8562 1295.9608    15     4     4  1668   156
 255 1185.8861 1296.5253    16     4     5  1590    45
 256 1327.7722 1296.8621    16     4     5  1656   203
 257 1175.1594 1297.3509    17     4     5  1628    87
 258 1316.6945 1297.6995    18     5     5  1702   244
 259 1164.6419 1298.1149    16     5     5  1540    37
 260 1305.6897 1298.4854    19     5     5  1704   150
 261 1154.0485 1299.0037    14     4     4  1236   138
 262 1294.6602 1299.2591    16     5     5  1518   140
 263 1143.5202 1299.7591    11     3     4   797   414
 264 1283.7027 1300.1094    16     5     5  1545   176
 265 1272.7571 1301.0308    14     4     4  1478   165
 266 1261.8419 1301.9443    15     4     4  1531    58
 267 1406.5881 1302.0881    13     4     4  1036   448
 268 1250.9304 1302.8177    17     4     5  1640    75
 269 1395.3704 1302.9875    15     5     4  1591   383
 270 1240.0091 1303.5800    16     4     5  1625   189
 271 1384.1342 1303.9096    16     4     5  1940   264
 272 1229.1163 1304.3780    17     4     5  1637    82
 273 1372.9855 1304.7507    17     4     5  1919   278
 274 1218.3573 1305.1260    15     4     5  1472    19
 275 1361.8612 1305.6157    17     4     5  1844   183
 276 1207.6867 1306.0392    14     4     4  1466    12
 277 1350.5997 1306.4332    19     5     5  1833   168
 278 1196.9457 1306.9532    15     4     4  1551   115
 279 1339.4067 1307.2305    16     5     5  1657   166
 280 1186.1589 1307.8076    14     4     5  1477    92
 281 1328.2346 1308.0854    16     4     5  1678   151
 282 1175.5491 1308.5289    17     5     5  1542    66
 283 1317.1674 1309.0029    15     4     4  1619    67
 284 1164.8903 1309.2481    15     4     5  1552    23
 285 1306.1209 1309.9254    16     4     4  1644   110
 286 1154.3353 1310.1105    14     4     4  1216    74
 287 1295.0803 1310.7920    16     4     5  1622   107
 288 1143.8876 1310.9767    12     4     4   858   249
 289 1284.0718 1311.5687    16     4     5  1615    56
 290 1273.1010 1312.3439    17     4     5  1657    15
 291 1262.1684 1313.1215    16     4     5  1590    93
 292 1407.4560 1313.4977     9     3     3   882   436
 293 1251.2474 1314.0065    14     4     4  1464   105
 294 1396.1846 1314.5404    16     4     5  1691   398
 295 1240.3879 1314.9192    16     5     5  1549    54
 296 1384.9566 1315.3559    16     4     5  1952   321
 297 1229.6563 1315.7462    16     4     5  1523    44
 298 1373.7752 1316.1482    17     5     5  1933   314
 299 1218.8704 1316.4617    16     4     5  1583    10
 300 1362.4127 1317.0314    16     5     4  1820   130
 301 1207.9843 1317.2349    17     4     5  1676     3
 302 1351.1708 1317.9708    15     4     4  1725   124
 303 1197.1826 1318.0408    15     4     4  1547    61
 304 1340.0581 1318.8425    16     4     5  1746   252
 305 1186.5710 1318.9560    16     5     4  1561    43
 306 1328.9876 1319.6305    16     4     5  1727   205
 307 1175.9007 1319.8059    17     4     5  1651     6
 308 1317.9325 1320.4546    16     4     5  1704   114
 309 1165.1408 1320.5976    16     4     5  1599    30
 310 1306.8373 1321.1899    16     4     5  1645   167
 311 1154.6292 1321.2394    13     4     5  1122   158
 312 1144.0833 1322.0069    12     4     4   888   194
 313 1295.7935 1322.0471    14     4     4  1528   108
 314 1284.7737 1322.9747    14     4     4  1511   152
 315 1273.7940 1323.8405    17     4     5  1646    42
 316 1262.8274 1324.5650    17     4     5  1635    20
 317 1408.3862 1325.2579     9     3     4   863   455
 318 1251.8564 1325.3385    16     4     5  1580    60
 319 1396.9489 1326.0400    14     4     4  1600   353
 320 1240.9330 1326.1169    15     4     4  1533   104
 321 1385.7581 1326.9092    17     5     5  2028   245
 322 1230.0266 1327.0000    16     4     4  1588    40
 323 1374.3691 1327.8226    17     5     5  1904   196
 324 1219.1447 1327.8668    15     4     5  1538     5
 325 1363.0782 1328.5680    16     4     5  1874   220
 326 1208.3317 1328.6780    16     5     5  1519    24
 327 1197.7207 1329.2888    15     4     5  1484    62
 328 1351.9652 1329.4177    16     4     5  1821   287
 329 1186.9232 1330.0995    16     4     5  1594    76
 330 1340.8036 1330.1845    17     4     5  1782   310
 331 1176.1070 1330.9593    15     4     4  1549    34
 332 1329.6154 1331.0520    16     5     4  1675   217
 333 1165.4538 1331.8424    16     5     5  1536    63
 334 1318.3903 1331.9517    16     5     4  1648   117
 335 1154.8947 1332.5247    16     4     5  1327    32
 336 1307.2319 1332.8370    17     5     5  1678    90
 337 1144.5122 1333.3415    11     4     4   796   192
 338 1296.1412 1333.5875    16     4     5  1611    98
 339 1285.1305 1334.3067    17     4     5  1662   142
 340 1274.1387 1335.0820    16     4     5  1611    57
 341 1263.1584 1335.9613    14     4     4  1502    22
 342 1408.6777 1336.7626    10     4     4   877   440
 343 1252.1946 1336.8634    15     4     5  1526    35
 344 1241.2620 1337.5963    17     4     5  1577    38
 345 1397.6294 1337.6391    15     4     5  1577   360
 346 1230.4512 1338.2601    16     5     5  1517    31
 347 1386.4038 1338.5131    19     5     5  2093   197
 348 1219.6769 1339.0605    15     5     4  1519     1
 349 1375.0912 1339.2996    17     4     5  1968   131
 350 1208.8491 1339.9745    15     4     4  1555     4
 351 1363.8839 1340.1200    16     4     5  1842   228
 352 1198.0006 1340.7642    17     4     5  1679    53
 353 1352.6305 1340.9823    16     5     4  1758   266
 354 1187.1523 1341.5000    17     4     5  1638    16
 355 1341.3035 1341.8852    16     5     5  1706   177
 356 1176.5349 1342.1613    16     5     5  1544    25
 357 1330.1053 1342.6510    17     4     5  1757   144
 358 1165.8644 1343.0224    15     4     4  1554     9
 359 1319.0155 1343.4248    16     4     5  1704    95
 360 1155.1583 1343.8867    13     4     4  1206    77
 361 1307.9492 1344.1558    16     4     5  1657   147
 362 1144.5639 1344.5502    10     3     4   719   221
 363 1296.8804 1345.0109    16     4     4  1628   210
 364 1285.8350 1345.9032    16     4     5  1621   146
 365 1274.8215 1346.6525    17     4     5  1637    21
 366 1263.8216 1347.3359    17     4     5  1618    65
 367 1252.8223 1348.0977    15     4     5  1538    70
 368 1410.0024 1348.3957     8     4     3   611   465
 369 1241.8562 1348.9807    15     4     4  1553   129
 370 1398.3588 1349.3331    12     4     4  1301   288
 371 1230.9280 1349.8149    17     4     5  1663    14
 372 1387.1744 1350.1120    16     4     5  2099   283
 373 1220.0088 1350.5094    16     4     5  1655     8
 374 1375.8909 1350.9382    16     4     4  1941   281
 375 1209.1124 1351.2023    17     4     5  1673    52
 376 1364.5325 1351.8363    17     5     5  1864   289
 377 1198.2869 1352.0045    14     4     4  1479    41
 378 1353.1677 1352.6125    17     4     5  1828   123
 379 1187.5893 1352.8735    17     5     5  1589    71
 380 1342.0082 1353.3778    16     4     5  1774   159
 381 1176.8846 1353.5618    17     4     5  1643    33
 382 1330.8847 1354.1185    16     4     5  1728   181
 383 1166.0465 1354.2641    17     4     5  1668    27
 384 1319.7383 1354.9988    14     4     4  1556   214
 385 1155.4844 1355.0449    13     4     4  1162    11
 386 1308.4757 1355.8532    17     5     5  1674   250
 387 1144.9368 1355.9215    13     4     4   911   160
 388 1297.2942 1356.5941    19     5     5  1747    96
 389 1286.1952 1357.2695    17     4     5  1657    39
 390 1275.1581 1358.0527    15     4     4  1566    55
 391 1264.1487 1358.9442    14     4     4  1497   100
 392 1253.1217 1359.7127    16     4     5  1585    51
 393 1242.1494 1360.3613    17     4     5  1643    47
 394 1399.2063 1361.0017    14     4     4  1575   359
 395 1231.2558 1361.0938    16     4     5  1578    26
 396 1387.9898 1361.7794    18     4     5  2321   316
 397 1220.3547 1361.9656    15     5     4  1521    48
 398 1376.6382 1362.6477    20     5     5  2158   315
 399 1209.5426 1362.7641    17     5     5  1577    36
 400 1198.8089 1363.3717    16     4     5  1564   119
 401 1365.1505 1363.4029    17     4     5  1983   212
 402 1187.9351 1364.1145    16     4     5  1586    81
 403 1353.9665 1364.2188    17     4     5  1924   230
 404 1177.1051 1364.9599    15     4     4  1535     7
 405 1342.7593 1365.0041    14     4     4  1668   291
 406 1166.3456 1365.7531    16     5     5  1519     0
 407 1331.3845 1365.8965    17     5     5  1768   239
 408 1155.7972 1366.3072    14     4     5  1198    29
 409 1320.1473 1366.6183    17     4     5  1746   201
 410 1145.0927 1367.0091    12     4     4   875   211
 411 1309.0437 1367.2926    17     4     5  1742   132
 412 1297.9582 1368.0777    17     4     5  1712    86
 413 1286.8993 1368.9360    15     4     4  1594   109
 414 1275.8493 1369.6914    17     4     5  1686   128
 415 1264.8016 1370.3390    17     4     5  1639   155
 416 1253.7719 1371.0756    15     4     5  1537   164
 417 1242.7535 1371.9624    14     4     4  1485   141
 418 1231.8211 1372.6909    17     4     5  1641    97
 419 1399.9816 1372.7183    16     4     5  1913   420
 420 1220.8874 1373.3189    16     4     5  1595   134
 421 1388.7923 1373.5613    18     4     5  2255   338
 422 1209.9505 1374.0799    16     4     4  1588   170
 423 1377.2707 1374.2748    18     5     5  2108   272
 424 1199.0503 1374.9146    17     4     5  1646    28
 425 1365.9934 1375.0740    18     4     5  2116   280
 426 1188.1916 1375.6402    16     4     5  1549    17
 427 1354.7083 1375.9271    17     5     5  1906   312
 428 1177.4915 1376.2157    16     5     5  1507     2
 429 1343.2045 1376.6974    17     4     5  1838   219
 430 1166.7630 1377.0208    14     4     4  1468    13
 431 1332.0344 1377.4505    16     4     5  1831   261
 432 1156.0981 1377.9168    14     4     4  1235    50
 433 1320.9165 1378.1806    17     4     5  1808   238
 434 1145.5610 1378.4718    10     3     4   713   384
 435 1309.7381 1378.9977    15     5     4  1632    99
 436 1298.4895 1379.8407    17     5     5  1704   103
 437 1287.2632 1380.4808    19     5     5  1782    73
 438 1276.1837 1381.1553    17     4     5  1729    78
 439 1265.1291 1382.0012    15     4     4  1610   174
 440 1254.1021 1382.7587    17     4     5  1712   241
 441 1243.0704 1383.4434    16     4     5  1666    69
 442 1232.0958 1384.1132    17     4     5  1711    59
 443 1400.7072 1384.5049    10     4     3  1113   456
 444 1221.1574 1384.9496    15     4     5  1573    84
 445 1389.3138 1385.2642    15     4     5  1738   304
 446 1210.2344 1385.6737    17     4     5  1633    68
 447 1378.0498 1386.0316    16     4     4  1844   381
 448 1199.4474 1386.2750    17     5     5  1610    72
 449 1366.7498 1386.8463    17     5     5  1875   386
 450 1188.6852 1387.0160    15     5     4  1533    79
 451 1355.2085 1387.5936    18     5     5  1936   335
 452 1177.8722 1387.7854    17     4     5  1656    80
 453 1343.8868 1388.1707    15     4     4  1585   330
 454 1167.0018 1388.4048    16     4     5  1619   106
 455 1332.7774 1389.0373    16     4     5  1712   342
 456 1156.3251 1389.0535    14     4     4  1186   345
 457 1145.5913 1389.6971    11     3     4   758   471
 458 1321.4280 1389.9065    17     5     5  1711   213
 459 1310.1247 1390.6409    17     4     5  1716   162
 460 1299.0250 1391.3135    17     4     5  1751   204
 461 1287.9258 1392.0115    16     4     4  1629   178
 462 1276.8369 1392.8274    17     4     5  1687   300
 463 1265.7720 1393.5192    18     5     5  1683   341
 464 1254.6752 1394.1285    16     5     5  1559   265
 465 1243.6270 1394.9673    16     5     4  1564   112
 466 1232.6034 1395.7500    17     5     5  1566    91
 467 1221.6957 1396.2801    18     5     5  1605   200
 468 1210.7647 1397.0241    15     4     5  1498   296
 469 1199.8632 1397.8712    16     4     5  1549   135
 470 1188.9572 1398.4646    16     4     5  1478   267
 471 1178.0724 1399.0572    15     4     4  1344   175
 472 1167.2756 1399.8694    14     4     4  1217   179
 473 1156.5429 1400.5601    10     3     4   733   472
 474 1145.9627 1401.2910    10     4     4   567   475
 475 1168.7990 1415.7841   159    26    19  9756    -1
