463
   0 2298.1000  718.7000     5     4     2   255    -1
   1 2402.3390  735.0678    42     8     7  2218    -1
   2 2376.3953  738.4070    42     8     7  2272    -1
   3 2350.5000  741.7883    45     9     7  2531    -1
   4 2324.9338  745.0455    48     8     8  2785    -1
   5 2299.4106  748.4000    48     9     7  2870   199
   6 2274.0996  751.7694    48     8     8  2942    -1
   7 2248.9406  755.3614    48     8     7  3006    -1
   8 2407.8924  755.9684    42     8     7  2258    -1
   9 2223.9517  758.6040    49     8     7  3123    -1
  10 2381.7920  759.5575    44     8     7  2426    -1
  11 2198.9510  762.2208    49     8     8  3195    -1
  12 2355.8818  763.0745    45     8     8  2525    -1
  13 2174.1337  765.5074    50     9     7  3308    -1
  14 2330.1268  766.5142    47     8     7  2701    -1
  15 1945.0511  766.5248    26     7     5  1623    -1
  16 2149.4718  768.7512    54     9     8  3552    -1
  17 2304.6089  769.8165    50     9     8  2895    -1
  18 2124.9326  772.2832    50     8     8  3450    -1
  19 2279.1344  773.3811    50     8     7  2954    -1
  20 2100.4522  775.4866    51     9     7  3597    -1
  21 2253.9264  776.6185    49     8     7  2973    -1
  22 2413.4689  777.6491    41     7     7  2211    -1
  23 1909.2083  778.2500     8     5     2   424    -1
  24 2076.1239  778.7181    53     9     8  3764   194
  25 2228.7971  780.1638    51     9     8  3139    -1
  26 2387.3027  781.3072    45     8     7  2473    -1
  27 1884.7800  782.1000    19    14     5   975   197
  28 2051.9790  782.1250    50     8     8  3692    -1
  29 2203.6931  783.4246    50     9     7  3163    -1
  30 2361.2181  784.6107    45     8     7  2548    -1
  31 2027.9165  785.4113    53     9     7  3913    -1
  32 2178.7931  786.6722    52     9     8  3320    -1
  33 2335.4333  788.1145    47     9     8  2695   198
  34 2003.9877  788.6081    50     8     7  3841    -1
  35 2153.9701  790.0095    50     8     8  3287    -1
  36 2309.8484  791.4141    47     8     7  2769    -1
  37 1980.0747  791.8415    55     9     8  4182    -1
  38 2129.2637  793.3952    52     9     7  3459    -1
  39 2284.1364  794.7208    48     8     8  2862    -1
  40 1956.5148  795.2109    56     9     8  4284   166
  41 2104.7759  796.5436    51     9     7  3467    -1
  42 2258.8645  798.3302    47     8     8  2874    -1
  43 1932.9462  798.4054    52     8     7  4133   170
  44 2419.0843  799.6292    45     8     7  2428    -1
  45 2080.2769  799.7462    55     9     8  3745   195
  46 2233.5498  801.4718    50     9     7  3103    -1
  47 1909.5128  801.5702    51     9     7  4032   161
  48 2056.0018  803.1298    50     8     8  3594    -1
  49 2392.8544  803.2511    46     8     8  2537    -1
  50 2208.3140  804.6646    52     9     8  3256    -1
  51 1886.1573  804.8011    52     9     8  4088   173
  52 2031.9111  806.3636    51     8     8  3708   185
  53 2366.6809  806.4178    45     8     7  2554    -1
  54 1863.0278  808.0329    52     8     8  4182   108
  55 2183.2733  808.1073    54     9     8  3441    -1
  56 2007.8779  809.5282    52     9     7  3841   182
  57 2340.7944  809.7194    48     8     8  2760    -1
  58 1840.3492  811.2660    49     8     8  3292   122
  59 2158.4839  811.4318    52     9     7  3406    -1
  60 1983.9716  812.6945    51     8     8  3871   180
  61 2314.9354  813.2967    49     8     8  2868    -1
  62 2133.6772  814.5219    53     9     7  3519   196
  63 1960.0712  815.9168    54     9     8  4125   160
  64 2289.2212  816.6048    48     9     7  2877    -1
  65 2108.9915  817.7611    51     8     8  3496    -1
  66 1936.5133  819.1414    56     9     8  4303   102
  67 2263.8009  819.8284    52     9     8  3145    -1
  68 2084.5185  821.0117    56     9     8  3828   192
  69 2424.8977  821.6579    43     8     7  2321    -1
  70 1912.9770  822.2700    52     8     8  4187   152
  71 2238.3016  823.1504    54     9     8  3315    -1
  72 2060.0560  824.2292    52     8     8  3708   184
  73 2398.5307  825.2018    47     9     8  2578    -1
  74 1889.5836  825.4747    52     9     7  4263   188
  75 2213.0567  826.4161    50     8     7  3179    -1
  76 2035.8591  827.4370    53     9     7  3825   178
  77 1866.2653  828.5081    53     9     7  4384   101
  78 2372.1118  828.5296    46     8     7  2604    -1
  79 2187.9824  829.5676    50     8     7  3240    -1
  80 2011.7085  830.5274    53     9     7  3926   177
  81 1843.3859  831.5640    48     8     7  3338   117
  82 2346.1000  831.6726    49     8     8  2815    -1
  83 2162.9794  832.7433    51     8     8  3376    -1
  84 1987.7416  833.6669    54     9     8  4066   162
  85 2320.0968  835.1196    50     8     8  2939    -1
  86 2138.0327  835.9795    53     8     8  3551   189
  87 1963.8646  836.8406    54     9     8  4159    -1
  88 2294.3839  838.4470    51     9     7  3041    -1
  89 2113.2207  839.2187    56     9     8  3781    -1
  90 1940.0174  840.0013    54     9     8  4254   124
  91 2268.7806  841.5612    51     9     7  3106    -1
  92 2088.7650  842.3975    53     9     8  3665    -1
  93 1916.3911  843.1239    57     9     8  4485    86
  94 2430.6506  844.1265    44     8     8  2366    -1
  95 2243.1688  844.7894    54     9     8  3322    -1
  96 2064.1621  845.4882    53     9     7  3748   183
  97 1892.9403  846.2113    52     9     8  4301   100
  98 2404.0508  847.4195    48     8     7  2636    -1
  99 2217.9178  848.0866    52     8     8  3287    -1
 100 2039.8582  848.5881    52     9     7  3792   179
 101 1869.5717  849.3566    56     9     8  4571   190
 102 2377.6467  850.5833    48     8     7  2700    -1
 103 2192.6629  851.3652    52     9     8  3349    -1
 104 2015.6254  851.6672    57     9     8  4166   153
 105 1846.4781  852.4133    49     9     7  3407    89
 106 2351.5462  853.8913    51     9     8  2918    -1
 107 2167.5120  854.4784    51     9     7  3384    -1
 108 1991.4518  854.8373    58     9     8  4311    80
 109 2325.4671  857.2224    51     9     8  2975    -1
 110 2142.4757  857.5000    51     9     7  3454    -1
 111 1967.4731  857.9580    58     9     8  4389   119
 112 2299.5755  860.4408    50     9     7  2990    -1
 113 2117.6651  860.6297    55     9     8  3737   176
 114 1943.7020  861.0356    56     9     8  4389   125
 115 2273.8088  863.5474    51     9     7  3120    -1
 116 2092.9683  863.8027    52     8     8  3657   181
 117 1919.9646  864.0700    53     8     8  4301   109
 118 2436.3434  866.5000    45     8     7  2416    -1
 119 2248.1045  866.6945    52     9     8  3222    -1
 120 2068.2506  866.8874    55     9     8  3909   164
 121 1896.2169  867.1367    56     9     8  4545    85
 122 2409.8172  869.6410    47     8     7  2577    -1
 123 2222.6994  869.9441    55     9     8  3457    -1
 124 2043.8964  870.0061    56     9     8  4031    -1
 125 1872.8781  870.1893    56     9     8  4609    -1
 126 2383.2030  872.9620    49     8     8  2753    -1
 127 2197.2156  873.1065    56     9     8  3570    -1
 128 2019.4813  873.1196    57     9     8  4188    77
 129 1849.7245  873.2911    52     9     8  3562   107
 130 1995.1945  876.1896    55     9     8  4161   121
 131 2172.0118  876.2170    53     8     8  3498    -1
 132 2356.9478  876.3104    48     8     7  2764    -1
 133 1971.1156  879.2044    55     9     8  4225   118
 134 2146.9879  879.3242    54     8     8  3610    -1
 135 2330.8176  879.4059    49     9     7  2875    -1
 136 1947.1705  882.2534    55     9     8  4307    96
 137 2122.0102  882.4267    53     9     7  3632    93
 138 2304.7694  882.5306    51     9     7  3040    -1
 139 1923.3633  885.2753    57     9     8  4510   105
 140 2097.1471  885.4536    54     9     7  3757   172
 141 2278.9025  885.7250    52     8     8  3169    -1
 142 1899.7262  888.2623    57     9     8  4592   139
 143 2072.4569  888.4965    53     9     7  3786   104
 144 2253.0820  888.8297    51     8     8  3196    -1
 145 2442.1213  889.0917    48     8     8  2569    -1
 146 1876.0653  891.2309    55     9     8  4556    64
 147 2047.8758  891.5439    53     9     7  3858   155
 148 2227.5070  891.9965    56     9     8  3517    -1
 149 2415.5714  892.3705    47     9     7  2574    -1
 150 1853.0520  894.2477    50     8     8  3491    73
 151 2023.4191  894.5226    54     9     8  3986   148
 152 2201.9862  895.0716    52     8     8  3396   186
 153 2388.8859  895.4597    48     8     7  2698    -1
 154 1999.0525  897.5882    55     9     8  4122   126
 155 2176.6899  898.1870    56     9     8  3669   174
 156 2362.2940  898.5840    48     9     7  2769    -1
 157 1974.9098  900.5895    55     9     8  4202   115
 158 2151.4469  901.2537    57     9     8  3792    74
 159 2336.0964  901.7698    51     8     8  2991    -1
 160 1950.8533  903.5574    55     9     8  4301    -1
 161 2126.3109  904.2680    56     9     8  3826    66
 162 2309.9540  904.9853    53     8     8  3161    -1
 163 1926.9266  906.5214    53     9     7  4284   134
 164 2101.3917  907.3035    56     9     8  3899    -1
 165 2283.9865  908.0943    52     8     8  3194    -1
 166 1903.0967  909.5035    53     9     7  4361    81
 167 2076.6475  910.2928    57     9     8  4023    -1
 168 2258.0690  911.1297    53     8     8  3309    75
 169 2448.1424  911.8311    47     8     8  2501    -1
 170 1879.4258  912.4753    53     9     8  4430    44
 171 2051.9783  913.2267    55     8     8  3994   154
 172 2232.3237  914.2603    56     9     8  3526    52
 173 2421.1894  915.0191    49     8     8  2685    -1
 174 1856.1650  915.3678    49     8     7  3426    94
 175 2027.3386  916.2693    57     9     8  4207   123
 176 2206.8061  917.2908    55     9     8  3534    -1
 177 2394.5646  918.2755    51     9     8  2844    -1
 178 2002.9712  919.1826    57     9     8  4274    -1
 179 2181.2509  920.3097    55     9     8  3617    -1
 180 2367.9155  921.4303    48     8     7  2773    -1
 181 1978.6824  922.1560    57     9     8  4385   103
 182 2156.0107  923.2666    53     8     8  3584    -1
 183 2341.4747  924.4793    51     9     7  2985    -1
 184 1954.4728  925.1052    59     9     8  4604   140
 185 2130.8143  926.2583    58     9     8  3918    -1
 186 2315.1353  927.5140    50     8     7  2999    -1
 187 1930.4370  928.0026    60     9     8  4745    92
 188 2105.7811  929.2180    57     9     8  3960   147
 189 2289.0355  930.5372    50     8     7  3064    -1
 190 1906.5719  930.8970    59     9     8  4771    49
 191 2080.8431  932.1720    57     9     8  4039   143
 192 2263.0784  933.5444    54     9     8  3331    82
 193 1882.8314  933.7971    57     9     8  4715    47
 194 2454.0862  934.7345    48     8     8  2545    -1
 195 2056.0094  935.0934    57     9     8  4124   142
 196 2237.2347  936.5485    55     9     8  3451    -1
 197 1859.3889  936.6131    50     8     8  3490    -1
 198 2427.0394  937.9730    49     8     8  2691    -1
 199 2031.2943  938.0650    58     9     8  4300    -1
 200 2211.5515  939.5628    55     9     8  3546    -1
 201 2006.8534  940.9624    57     9     8  4327   120
 202 2400.1852  941.0770    52     9     8  2905    -1
 203 2186.0455  942.5372    53     8     8  3376    -1
 204 1982.3956  943.8770    60     9     8  4581   146
 205 2373.4553  944.1921    52     9     8  2980    -1
 206 2160.5453  945.4867    51     9     7  3301    -1
 207 1958.1160  946.7612    58     9     8  4512   145
 208 2346.9559  947.2181    52     8     8  3054    -1
 209 2135.1800  948.4270    55     9     8  3722    -1
 210 1934.0167  949.6339    55     9     8  4430    60
 211 2320.5379  950.2633    55     9     8  3278    -1
 212 2110.0702  951.3448    55     9     8  3839   150
 213 1910.0192  952.4439    54     8     8  4447    57
 214 2294.1811  953.2863    53     9     8  3249    -1
 215 2085.0357  954.2594    54     8     8  3876    -1
 216 1886.1329  955.2901    57     9     8  4708    43
 217 2268.1282  956.1762    54     9     8  3367    76
 218 2162.7690  956.6883    71    10     9  4628    -1
 219 2060.0977  957.1341    57     9     8  4140   149
 220 2460.1408  958.0352    49     8     8  2592    -1
 221 1862.6683  958.1490    55     9     8  3790    79
 222 2242.1720  959.1613    57     9     8  3597    -1
 223 2035.3222  960.0596    58     9     8  4317   113
 224 2432.8859  961.1763    50     8     8  2741    -1
 225 2216.3439  962.1007    58     9     8  3739    -1
 226 2010.7525  962.9100    58     9     8  4405    -1
 227 2405.8967  964.1033    51     8     8  2850    -1
 228 2190.8203  965.0274    57     9     8  3671    -1
 229 1986.1791  965.7822    57     9     8  4402   138
 230 2176.4406  966.6188    31     8     6  1954    -1
 231 2379.0320  967.1394    53     8     8  3041    -1
 232 2165.0295  967.9756    53     8     8  3430    -1
 233 1961.8578  968.6121    57     9     8  4474    88
 234 2352.4013  970.1469    54     9     8  3156    -1
 235 2139.7114  970.8136    57     9     8  3829    -1
 236 1937.6262  971.4119    59     9     8  4653    84
 237 2325.9377  973.0962    52     8     8  3130    -1
 238 2114.4865  973.6565    58     9     8  4012   137
 239 1913.5027  974.1960    58     9     8  4752    38
 240 2299.5293  976.0456    57     9     8  3464    -1
 241 2089.2583  976.4975    57     9     9  4029    -1
 242 1889.5845  977.0059    60     9     8  4965    25
 243 2273.1900  978.9501    55     9     8  3421    -1
 244 2064.2748  979.3260    57     9     8  4120    -1
 245 1866.0851  979.7930    53     8     8  3684    48
 246 2466.0852  981.5222    47     8     7  2485    -1
 247 2247.1075  981.9086    56     9     8  3544    -1
 248 2039.3773  982.1826    57     9     8  4252   112
 249 2438.7944  984.3325    46     8     7  2497    -1
 250 2221.1911  984.8438    58     9     8  3732    -1
 251 2014.6803  984.9835    60     9     8  4514    97
 252 2411.7784  987.4158    48     9     7  2673    -1
 253 2195.4664  987.6633    57     9     8  3683    -1
 254 1990.0290  987.8535    59     9     8  4500   136
 255 2384.7682  990.3280    50     9     8  2843    -1
 256 2169.7901  990.5553    56     9     9  3686    -1
 257 1965.6035  990.6195    57     9     8  4473    67
 258 2357.9355  993.2880    53     8     8  3084    -1
 259 2144.2324  993.2933    56     9     8  3850    -1
 260 1941.2339  993.3197    58     9     8  4636    36
 261 1917.0306  996.0724    57     9     8  4695    24
 262 2118.9101  996.1023    59     9     8  4079   144
 263 2331.2740  996.1780    56     9     8  3331    -1
 264 1892.9502  998.8762    58     9     8  4806    20
 265 2093.6480  998.9312    58     9     8  4143    -1
 266 2304.8488  999.0587    55     9     8  3355   114
 267 1869.3240 1001.5560    52     8     7  3617    63
 268 2068.5258 1001.7625    58     9     8  4218   128
 269 2278.4151 1002.0122    57     9     8  3545    -1
 270 2043.4735 1004.4875    58     9     9  4261   111
 271 2252.2154 1004.8729    57     9     8  3609    -1
 272 2472.1906 1004.9317    49     8     8  2589    -1
 273 2018.6138 1007.2288    60     9     8  4512    91
 274 2226.0880 1007.6518    58     9     8  3730    59
 275 2444.8641 1007.9000    50     8     8  2695    -1
 276 1993.9090 1010.0013    58     9     8  4472    83
 277 2200.2133 1010.3737    56     9     8  3679   163
 278 2417.5435 1010.7681    51     9     8  2826    -1
 279 1969.3290 1012.7767    60     9     8  4684    71
 280 2174.4151 1013.2063    58     9     8  3901    -1
 281 2390.4292 1013.6062    51     9     8  2889    -1
 282 1944.8988 1015.4289    59     9     9  4680    58
 283 2148.8621 1015.9844    59     9     8  4005    -1
 284 2363.4786 1016.5333    53     9     8  3071    -1
 285 1920.5811 1018.0882    60     9     8  4899    31
 286 2123.2615 1018.8044    58     9     8  4007    -1
 287 2336.7384 1019.5182    52     9     7  3095    -1
 288 1896.4259 1020.8587    60     9     8  4985    18
 289 2097.9157 1021.5486    58     9     9  4074    -1
 290 2310.0952 1022.2547    53     8     8  3233    39
 291 1872.6370 1023.5079    51     9     7  3557    41
 292 2072.6772 1024.1989    60     9     8  4332   127
 293 2283.5797 1025.0768    58     9     8  3590    -1
 294 2047.5914 1026.9845    60     9     8  4455   116
 295 2257.2731 1027.9525    57     9     8  3608    -1
 296 2478.2704 1028.6111    47     9     7  2485    -1
 297 2022.6296 1029.7836    59     9     8  4470   129
 298 2231.0333 1030.7479    57     9     8  3677    99
 299 2450.8689 1031.4709    49     8     7  2656    -1
 300 1997.8160 1032.3258    60     9     9  4573    68
 301 2205.0618 1033.3944    57    10     9  3740    -1
 302 2423.4353 1034.5072    50     9     7  2778    -1
 303 1973.0963 1035.0516    59     9     8  4627    45
 304 2179.1414 1036.1364    58     9     8  3890    -1
 305 2396.1705 1037.1818    52     8     8  2952    40
 306 1948.5784 1037.7992    59     9     8  4735    28
 307 2153.3754 1038.9353    60     9     8  4059    -1
 308 2369.0594 1040.0408    54     8     8  3129    -1
 309 1924.1382 1040.2922    60     9     9  4838    30
 310 2127.7690 1041.6979    58     9     8  3941    -1
 311 2342.1113 1042.9434    54     9     8  3212    -1
 312 1899.8817 1042.9862    59     9     8  4902    12
 313 2102.2489 1044.2169    57     9     8  4037   135
 314 1876.0633 1045.6469    53     9     8  3685    -1
 315 2315.4894 1045.6784    56     9     8  3366    -1
 316 2076.9177 1046.9733    59     9     8  4262   157
 317 2288.8254 1048.4779    56     9     8  3433    -1
 318 2051.7207 1049.7400    59     9     8  4350   110
 319 2262.3154 1051.1414    58     9     8  3653    -1
 320 2026.6484 1052.2263    60     9     8  4516   131
 321 2484.6926 1052.3963    46     8     7  2435    -1
 322 2236.0221 1053.9324    57     9     8  3664    -1
 323 2001.7246 1054.9146    59     9     8  4566    72
 324 2456.8773 1055.4409    49     8     8  2670    -1
 325 2209.8794 1056.6733    57     9     8  3733   167
 326 1976.9095 1057.5823    60     9     9  4641    46
 327 2429.2637 1058.1575    51     8     8  2842    -1
 328 2183.9043 1059.2339    59     9     8  3927    -1
 329 1952.2614 1060.1046    58     9     8  4673    -1
 330 2402.0042 1060.9704    52     8     8  2955    -1
 331 2157.9707 1061.9563    59    10     8  3991    -1
 332 1927.7459 1062.8200    60     9     8  4875     8
 333 2374.8428 1063.7553    54     9     8  3123    -1
 334 2132.2445 1064.6569    60     9     9  4096    -1
 335 1903.3475 1065.2120    60     9     9  4941     4
 336 2347.7403 1066.5611    55     9     9  3241    -1
 337 2106.6533 1067.1803    61     9     8  4276    -1
 338 1879.2925 1067.9484    54     8     8  3746    26
 339 2320.8936 1069.2138    57     9     8  3409    42
 340 2081.1775 1069.9041    61     9     8  4374   168
 341 2294.0426 1071.9637    56     9     8  3434    -1
 342 2055.8830 1072.4672    61     9     9  4452    95
 343 2267.5704 1074.6839    57     9     8  3546    -1
 344 2030.6796 1075.0101    62     9     8  4637    87
 345 2490.8732 1076.5775    51     8     8  2692    -1
 346 2241.0918 1077.1901    56     9     8  3584    -1
 347 2005.6710 1077.7621    62     9     9  4691    56
 348 2462.9229 1079.4104    49     8     7  2651    -1
 349 2214.7904 1079.8774    58     9     8  3785    -1
 350 1980.7666 1080.1398    62     9     8  4788    50
 351 2435.2823 1082.1973    53     9     8  2944    -1
 352 2188.6560 1082.6444    59     9     9  3899    -1
 353 1955.9666 1082.8241    59    10     8  4684    23
 354 2407.8855 1084.9330    54     8     8  3058    -1
 355 2162.6618 1085.1080    62     9     8  4169    -1
 356 1931.3259 1085.1625    61     9     9  4911    10
 357 2380.5145 1087.6060    54     9     8  3115    -1
 358 2136.7642 1087.8435    58     9     8  4047    -1
 359 1906.8692 1087.8661    61     9     8  4984     9
 360 2111.0622 1090.2479    61    10     9  4256    -1
 361 1882.8352 1090.2627    56     9     8  3862   141
 362 2353.2282 1090.2786    56     9     8  3315    -1
 363 2085.5066 1092.9274    60     9     8  4357   159
 364 2326.2814 1093.0284    58     9     8  3481    -1
 365 2060.0818 1095.4585    61     9     9  4425    98
 366 2299.4341 1095.6900    60     9     8  3637    -1
 367 2034.7480 1097.9848    61     9     8  4566    70
 368 2272.7146 1098.1753    60     9     8  3699    -1
 369 2009.6341 1100.5398    64     9     9  4781    69
 370 2497.0762 1100.7980    49     8     8  2601    -1
 371 2246.1405 1100.9549    59     9     8  3715    -1
 372 1984.5941 1102.9898    60     9     8  4721    35
 373 2219.7380 1103.5084    61     9     9  3882    -1
 374 2469.0890 1103.7055    50     8     8  2719    -1
 375 1959.7500 1105.5226    62     9     9  4828   187
 376 2193.4361 1105.9853    60     9     8  3954    -1
 377 2441.1900 1106.2900    53     9     8  2950    -1
 378 1934.9857 1108.0000    63    10     8  4974    16
 379 2167.3314 1108.6580    62     9     9  4138    -1
 380 2413.7837 1109.0393    54     9     8  3056    -1
 381 1910.3994 1110.4407    64     9     9  5139     3
 382 2141.3617 1111.1070    59     9     8  4100    -1
 383 2386.1400 1111.6835    55     8     8  3175    -1
 384 1886.2329 1113.0010    52     8     8  3626    14
 385 2115.5602 1113.7440    62     9     9  4313    -1
 386 2358.9544 1114.2961    57     9     8  3365    -1
 387 2089.8634 1116.0864    60     9     8  4296   158
 388 2331.8641 1116.9530    58     9     8  3485    -1
 389 2064.2974 1118.7156    61     9     9  4437   106
 390 2304.8102 1119.6228    56     9     9  3419    -1
 391 2038.8842 1121.0747    61    10     8  4510    90
 392 2277.9419 1122.0524    58     9     8  3597    -1
 393 2013.6334 1123.6675    65     9     9  4832    53
 394 2251.2391 1124.6963    58     9     8  3659    -1
 395 2503.4157 1125.4888    49     9     8  2628    -1
 396 1988.4877 1126.0191    60     9     8  4705    29
 397 2224.6789 1127.0972    62     9     8  3944    -1
 398 2475.2833 1128.1500    51     8     8  2790    -1
 399 1963.5435 1128.4382    64     9     9  4947    21
 400 2198.3108 1129.7616    60     9     8  3925    -1
 401 2447.4324 1130.7635    55     9     8  3046    -1
 402 1938.6739 1130.9019    60     9     8  4829     5
 403 2172.0713 1132.1022    59     9     8  3953    -1
 404 1913.9813 1133.2209    61    10     9  4949     6
 405 2419.7108 1133.3519    55     9     8  3101    -1
 406 2145.9682 1134.7445    63    10     9  4250    -1
 407 1889.7308 1135.7774    56     9     8  3831    33
 408 2392.0224 1135.9659    54     8     8  3125    -1
 409 2120.0361 1137.0820    62    10     8  4277   133
 410 2364.5645 1138.5948    57     9     9  3346    -1
 411 2094.2075 1139.6137    61     9     9  4325    -1
 412 2337.2597 1141.0798    58     9     8  3495    -1
 413 2068.5503 1141.9885    60     9     8  4392   151
 414 2310.0997 1143.6651    60     9     9  3642    -1
 415 2043.0406 1144.3606    63    10     9  4578    78
 416 2283.1944 1146.1155    57     9     8  3560    -1
 417 2017.6702 1146.8909    58     9     8  4445    54
 418 2256.3499 1148.6305    62     9     9  3866    -1
 419 1992.4183 1149.1134    62     9     9  4753    27
 420 2509.7832 1150.1647    49     8     8  2623    65
 421 2229.7388 1151.0094    61     9     8  3900    -1
 422 1967.3363 1151.6246    63     9     9  4891    15
 423 2481.5366 1152.6758    52     9     8  2873    -1
 424 2203.1746 1153.5625    60     9     9  3928    -1
 425 1942.4242 1153.9670    61     9     8  4898     7
 426 2453.4475 1155.3302    54     9     8  3024    -1
 427 2176.8287 1155.9505    60     9     8  4010    -1
 428 1917.5995 1156.1972    64     9     9  5109     1
 429 2425.6241 1158.0356    57     9     8  3285    -1
 430 2150.6422 1158.3245    62     9     9  4211   193
 431 1893.2169 1158.7169    55     8     8  3746    55
 432 2397.8347 1160.5730    58     9     9  3393    -1
 433 2124.5675 1160.8600    60     9     8  4186   132
 434 2370.1121 1163.0593    55     8     8  3281    -1
 435 2098.6152 1163.0760    62     9     8  4350   175
 436 2342.7946 1165.5032    60     9     9  3628    -1
 437 2072.8604 1165.5436    63     9     9  4457   165
 438 2047.2226 1167.9388    62     9     8  4513    61
 439 2315.5779 1168.0118    58     9     8  3619    -1
 440 2021.7313 1170.1467    62     9     8  4600    51
 441 2288.4293 1170.3419    61     9     9  3828    -1
 442 1996.3701 1172.6193    63     9     9  4751    37
 443 2261.5430 1172.9472    61     9     8  3911    -1
 444 1971.1963 1174.9306    61     9     8  4736    11
 445 2234.7189 1175.2129    62     9     8  4023    -1
 446 1946.1426 1177.1168    61     9     8  4796     2
 447 2208.1195 1177.7153    63    10     9  4167    -1
 448 1921.1836 1179.4696    63     9     9  5024     0
 449 2181.5867 1180.0451    61     9     8  4169   171
 450 1896.7814 1181.8347    58     9     8  3895    19
 451 2155.2521 1182.2622    61     9     9  4236   191
 452 2129.1067 1184.7657    63    10     9  4411   130
 453 2103.0590 1187.0590    63    10     8  4438   169
 454 2077.1713 1189.2906    64    10     9  4566   156
 455 2051.4063 1191.6907    64     9     9  4684    62
 456 2025.7685 1193.9760    62     9     8  4623    34
 457 2000.3741 1196.0998    60     9     8  4644    32
 458 1975.0239 1198.2527    65    10     9  4924    22
 459 1949.8381 1200.4746    63     9     9  4845    17
 460 1924.7822 1202.7557    61     9     8  4818    13
 461 1900.2900 1204.7745    53     8     8  3488    -1
 462 2034.3333 1225.2738    28     8     6  1652    -1
