489
   0 1690.8066  804.6718   331    61    13 20252    -1
   1 1622.2097  808.2097    32     8     6  2985   448
   2 1732.5982  822.8496    48     8     8  3876    -1
   3 1710.3117  825.7904    54     9     8  5520   443
   4 1688.0280  828.7192    52     8     8  5583   434
   5 1665.9090  831.6048    52     8     7  5893   445
   6 1284.5727  833.9971    34     3    12  2044   477
   7 1643.9123  834.4746    51     8     7  6178   419
   8 1622.0010  837.3025    53     8     8  6538   392
   9 1600.1613  840.1505    55     9     8  6733   396
  10 1578.5801  842.9107    55     9     8  6821   384
  11 1735.2692  843.2931    52     9     8  4359   452
  12 1556.9569  845.7210    53     8     8  6885   362
  13 1713.0014  846.0600    53     8     8  5877   432
  14 1318.4230  848.3514    27     7     5  3012   417
  15 1535.4814  848.5228    52     9     7  6854   342
  16 1690.7005  848.9164    55     9     8  6107   427
  17 1514.0884  851.3784    51     8     8  6918   329
  18 1668.3542  851.7477    56     9     8  6243   471
  19 1283.7959  852.7367    15    12     3  1409   470
  20 1492.8589  854.0998    53     8     8  7245   306
  21 1646.2548  854.5995    54     9     8  6268   412
  22 1471.6684  856.7865    54     9     8  7230   290
  23 1624.2911  857.4821    51     9     7  6188   405
  24 1450.5489  859.5351    50     9     7  7060   272
  25 1602.4315  860.3512    54     9     8  6450   387
  26 1429.5466  862.3446    51     9     8  7204   252
  27 1580.7600  863.0787    55     9     8  6693   380
  28 1737.9675  863.6703    52     8     8  4444   451
  29 1408.6936  864.9599    51     8     8  7379   231
  30 1558.9889  865.8242    52     8     8  6699   363
  31 1715.6753  866.5366    54     9     8  5871   429
  32 1387.8949  867.6445    50     8     8  7433   213
  33 1537.4577  868.5403    53     9     8  6740   349
  34 1693.1636  869.4390    56     9     8  6126   424
  35 1367.2486  870.4024    49     8     8  7407   192
  36 1515.9831  871.3745    52     8     8  6839   326
  37 1670.9106  872.2583    55     9     8  6279   441
  38 1346.6665  873.0981    51     8     8  7618   167
  39 1494.6377  874.0365    53     9     8  6883   312
  40 1648.7760  875.0185    57     9     8  6582   406
  41 1326.2855  875.7064    50     8     8  7596   165
  42 1473.3335  876.7192    52     9     8  6930   291
  43 1626.6727  877.7697    56     9     8  6552   399
  44 1305.9088  878.4851    48     8     7  7618   138
  45 1452.1453  879.4468    49     8     7  6848   263
  46 1604.6833  880.5462    52     9     8  6386   385
  47 1285.5844  881.0889    49     8     8  7329   116
  48 1431.1325  882.1792    51     8     8  7173   246
  49 1582.8499  883.3636    52     8     8  6587   371
  50 1265.5524  883.6772    44     7     7  6840   148
  51 1740.7826  884.4168    50     8     7  4340   453
  52 1410.1493  884.7438    52     8     8  7259   224
  53 1561.0259  886.0614    52     8     8  6816   351
  54 1245.4380  886.4697    43     7     7  6765   142
  55 1718.2782  887.2404    57     9     8  6155   425
  56 1389.3308  887.4378    48     8     7  7045   211
  57 1539.3430  888.7244    55     9     8  6921   332
  58 1225.6774  888.9380    43     7     8  5013    98
  59 1695.8621  890.0179    56     9     8  6316   418
  60 1368.5516  890.1370    50     8     8  7246   188
  61 1517.8638  891.4887    50     8     7  6733   324
  62 1347.9198  892.6840    49     8     8  7412   168
  63 1673.2959  892.7427    57     9     8  6431   431
  64 1496.3351  894.1908    54     9     8  7024   300
  65 1327.4054  895.4165    48     8     8  7286   149
  66 1651.0741  895.5511    55     9     8  6373   404
  67 1475.0170  896.7851    53     8     8  7182   270
  68 1306.9990  897.9969    50     8     8  7716   141
  69 1628.9434  898.2883    54     8     8  6498   393
  70 1453.8312  899.5040    50     8     7  6978   266
  71 1286.6505  900.5871    47     8     7  7460    96
  72 1606.9304  901.0089    53     8     8  6674   383
  73 1432.6935  902.0994    53     8     8  7286   236
  74 1266.4239  903.2275    48     8     8  7574    97
  75 1584.9437  903.7299    54     8     8  6750   365
  76 1411.6953  904.6595    51     8     8  7152   232
  77 1743.6594  905.3051    53     9     8  4564   449
  78 1246.3845  905.6850    50     8     8  7662    85
  79 1563.0686  906.4262    54     8     8  6803   338
  80 1390.7324  907.4016    52     8     8  7368   200
  81 1720.9935  908.0107    55     8     8  6120   426
  82 1226.5458  908.3594    43     7     7  5444    63
  83 1541.2828  909.1159    54     9     8  6990   316
  84 1369.9004  909.9039    51     8     8  7613   176
  85 1698.3420  910.7416    57     9     8  6368   416
  86 1519.7988  911.6970    53     9     8  6940   314
  87 1349.1946  912.4919    49     8     7  7411   162
  88 1675.8952  913.4972    54     9     8  6215   435
  89 1498.1733  914.3974    52     8     8  6946   293
  90 1328.5545  915.1658    50     8     8  7542   123
  91 1653.4968  916.2486    57     9     8  6605   398
  92 1476.8347  916.9686    53     8     8  7251   273
  93 1308.0589  917.6478    52     8     8  7842   111
  94 1631.1428  918.9103    57     9     8  6764   381
  95 1455.4421  919.5516    53     9     8  7142   244
  96 1287.6455  920.3289    50     8     8  7689    79
  97 1609.0893  921.6087    54     8     8  6620   370
  98 1434.1829  922.2286    50     8     8  7190   222
  99 1267.4426  922.7612    49     8     8  7680    87
 100 1587.0423  924.2460    55     8     8  6840   346
 101 1413.0779  924.7460    53     8     8  7519   204
 102 1247.2405  925.3821    47     8     8  7702    46
 103 1746.4189  926.3024    56     9     8  4748    -1
 104 1565.0759  926.9319    54     8     8  7013   327
 105 1392.1365  927.3859    50     8     8  7339   183
 106 1227.3774  927.7865    46     8     8  5546    53
 107 1723.7867  928.9661    58     9     8  6350   422
 108 1543.2952  929.5228    54     9     8  6918   323
 109 1371.2218  929.9414    53     8     8  7689   171
 110 1700.9912  931.6760    55     8     8  6215   414
 111 1521.6547  932.1772    56     9     8  7184   295
 112 1350.4347  932.4774    48     9     7  7315   155
 113 1678.3778  934.3731    57     9     8  6450   430
 114 1499.9845  934.7436    53     8     8  7166   284
 115 1329.7638  934.9932    51     8     8  7803   126
 116 1655.9641  937.0181    53     8     8  6464   395
 117 1478.4718  937.3712    54     9     8  7163   264
 118 1309.1871  937.4886    49     8     7  7647   104
 119 1633.5978  939.6607    56     9     8  6646   375
 120 1457.0352  939.8851    54     8     8  7470   241
 121 1288.6733  940.0656    52     8     8  7920    81
 122 1611.3100  942.3403    56     9     8  6727   368
 123 1435.8233  942.4704    52     8     8  7295   223
 124 1268.3764  942.5040    48     8     7  7626    43
 125 1589.1130  944.9508    57     9     8  7036   334
 126 1414.6582  944.9527    54     9     8  7505   206
 127 1248.1102  945.1138    50     8     8  8021    37
 128 1749.1284  947.4468    52     9     8  4497    -1
 129 1393.5441  947.5099    49     9     7  7216   186
 130 1228.0814  947.5330    45     8     7  5587    22
 131 1567.1819  947.5594    54     9     9  6840   330
 132 1372.5657  950.0321    52     9     8  7580   154
 133 1726.4137  950.0564    60     9     8  6487   415
 134 1545.2192  950.1376    56     9     8  7149   310
 135 1351.6895  952.5661    50     8     8  7508   153
 136 1523.5071  952.6663    55     9     8  7109   287
 137 1703.6417  952.7129    57     9     8  6392   411
 138 1330.9567  955.0569    52     8     8  7989   105
 139 1501.8594  955.2609    53     8     8  7213   271
 140 1680.9384  955.3384    55     9     8  6363   433
 141 1310.2983  957.4794    49     8     7  7645    92
 142 1480.1545  957.7721    54     8     8  7360   243
 143 1658.2923  957.9882    58     9     8  6771   391
 144 1289.7226  959.9675    51     8     8  7972    71
 145 1458.7825  960.3274    53     8     8  7348   230
 146 1635.9453  960.6211    54     8     8  6533   373
 147 1269.3137  962.4323    49     8     7  7749    44
 148 1437.3352  962.7794    54     9     8  7457   219
 149 1613.6519  963.2078    58     9     8  6956   355
 150 1248.9403  964.8901    51     8     8  8144    27
 151 1416.0858  965.3137    52     8     8  7462   189
 152 1591.3433  965.7576    57     9     8  6980   345
 153 1228.8683  967.4383    46     8     7  5526    39
 154 1394.9265  967.7894    51     8     8  7615   180
 155 1569.2360  968.3386    56     9     8  6940   311
 156 1751.9712  968.6498    52     8     8  4529   450
 157 1373.9299  970.3117    53     8     8  7753   163
 158 1547.1993  970.8796    57     9     8  7270   299
 159 1729.1324  971.2687    57     9     8  6231   420
 160 1352.9225  972.7348    52     8     8  7821   132
 161 1525.3929  973.4235    55     9     8  7063   283
 162 1706.1972  973.9317    57     9     8  6480   401
 163 1332.1305  975.2422    50     8     8  7818   102
 164 1503.7040  975.8824    56     9     8  7353   269
 165 1683.4531  976.5229    59     9     9  6533   397
 166 1311.4173  977.6085    50     8     8  7724    82
 167 1481.9620  978.3733    53     8     8  7226   254
 168 1660.8751  979.0819    57     9     8  6694   386
 169 1290.7478  980.0599    53     8     8  8105    62
 170 1460.3504  980.8528    56     9     8  7491   227
 171 1638.2425  981.6849    56     9     8  6695   360
 172 1270.2732  982.4533    49     8     7  7781    36
 173 1438.9597  983.3334    52     8     8  7407   209
 174 1615.9066  984.1823    55     9     8  6788   357
 175 1249.8169  984.8566    50     8     8  8092    15
 176 1417.6403  985.7598    55     9     8  7569   202
 177 1593.5795  986.7464    57     9     8  6977   320
 178 1229.6608  987.3762    44     7     7  5446    19
 179 1396.3109  988.2639    53     8     8  7541   169
 180 1571.3297  989.2668    57     9     8  7061   307
 181 1754.8316  990.0603    52     8     8  4572   472
 182 1375.2226  990.6379    52     8     8  7647   136
 183 1549.2169  991.7574    56     9     8  7170   458
 184 1731.9373  992.7530    57     9     8  6241   413
 185 1354.2028  993.1283    51     8     8  7786   131
 186 1527.2623  994.2436    56     9     8  7238   277
 187 1708.9357  995.2145    57     9     8  6405   403
 188 1333.3241  995.4665    51     8     9  7689   110
 189 1505.4398  996.6754    55     9     8  7266   259
 190 1686.0157  997.8816    56     8     8  6498   423
 191 1312.5273  997.8950    52     9     8  7866    78
 192 1483.8041  999.1397    55     9     8  7479   240
 193 1291.8121 1000.3319    52     8     8  8019    49
 194 1663.2500 1000.3388    58     9     8  6660   374
 195 1462.0513 1001.5902    53     8     8  7326   212
 196 1271.2494 1002.6141    51     8     8  7958    28
 197 1640.7292 1002.9123    58     9     8  6919   352
 198 1440.5525 1003.9999    56     9     8  7635   194
 199 1250.7284 1004.9877    51     8     8  8137    12
 200 1618.1054 1005.3755    58     9     9  6869   339
 201 1419.0963 1006.3987    53     8     8  7525   333
 202 1230.5488 1007.3908    43     7     7  5529    29
 203 1595.8483 1007.9150    57     9     8  7028   325
 204 1397.8347 1008.8019    52     8     8  7634   156
 205 1573.4789 1010.3371    56     9     8  6980   297
 206 1376.5838 1011.2179    52     9     8  7648   140
 207 1757.7420 1011.7797    53     8     8  4588   467
 208 1551.2326 1012.8096    57     9     8  7252   281
 209 1355.4897 1013.5709    52     9     8  7648   120
 210 1734.7172 1014.2002    60     9     8  6462   410
 211 1529.1824 1015.2106    56     9     8  7237   265
 212 1334.5038 1015.9472    54     9     8  7951    95
 213 1711.6121 1016.8240    59     9     8  6589   390
 214 1507.2629 1017.6398    54     9     8  6985   255
 215 1313.6045 1018.3253    51     8     8  7862    67
 216 1688.6375 1019.2440    58     9     8  6631   421
 217 1485.4572 1020.0030    56     9     8  7166   226
 218 1292.8422 1020.6333    51     8     8  7950    51
 219 1665.8167 1021.8482    58     9     8  6737   366
 220 1463.7628 1022.4258    54     9     9  7228   221
 221 1272.2023 1022.9983    53     8     8  8287    35
 222 1643.0259 1024.1959    56     8     8  6736   348
 223 1442.0785 1024.8378    54     8     8  7668   190
 224 1251.6156 1025.3245    50     8     8  7976     3
 225 1620.4339 1026.7310    57     9     8  6907   319
 226 1420.6610 1027.1712    55     9     8  7683   198
 227 1231.4560 1027.4739    46     8     7  5638    21
 228 1597.9781 1029.1048    56     8     8  6950   304
 229 1399.2098 1029.5202    53     8     9  7602   159
 230 1486.2666 1030.5688    70     9     9  9371   172
 231 1575.6159 1031.5956    58     9     9  7043   302
 232 1377.9408 1031.8887    52     8     8  7859   129
 233 1760.6059 1033.4560    56     9     9  4688   464
 234 1553.2679 1033.9756    58     9     8  7372   276
 235 1356.7982 1034.2033    54     8     8  8002   114
 236 1737.4837 1035.9725    60     9     8  6551   409
 237 1531.1394 1036.3143    56     9     8  7206   251
 238 1335.7081 1036.5470    51     8     9  7721    99
 239 1714.2422 1038.4209    60     9     9  6541   388
 240 1509.1440 1038.7659    54     8     8  7074   256
 241 1314.7702 1038.8193    51     8     8  7949    61
 242 1496.8241 1040.1409    35     8     7  4752   340
 243 1691.1862 1040.9269    58     9     8  6641   408
 244 1293.9432 1041.1137    54     8     8  8359    52
 245 1487.1264 1041.1367    54     8     8  7049   210
 246 1668.2413 1043.2979    60     9     9  6819   358
 247 1273.1845 1043.4020    51     8     8  7979    31
 248 1465.4059 1043.4308    57     9     9  7304   207
 249 1252.5777 1045.6791    51     8     8  7993     7
 250 1443.7987 1045.7721    54     8     8  7514   193
 251 1645.4520 1045.8013    60     9     8  6999   335
 252 1232.2646 1047.9452    49     8     8  5997    14
 253 1422.0667 1048.0533    53     8     8  7707   166
 254 1622.8217 1048.1356    57     9     8  6931   328
 255 1400.6923 1050.3810    54     9     9  7683   158
 256 1600.1476 1050.6123    59     9     9  7045   309
 257 1379.2765 1052.6816    53     8     8  7765   130
 258 1577.8040 1052.9671    58     9     8  7199   296
 259 1358.0198 1054.9873    53     8     8  8066   107
 260 1555.3771 1055.2724    57     9     8  7187   267
 261 1763.5254 1055.3493    56     9     8  4731   428
 262 1336.9439 1057.2293    54     8     8  8109    90
 263 1533.1269 1057.7123    57     9     8  7315   258
 264 1740.2807 1057.8983    62     9     8  6602   402
 265 1315.8794 1059.5180    55     8     9  8074    56
 266 1511.0090 1059.9928    53     8     8  7202   234
 267 1716.9979 1060.1928    59    10     8  6511   389
 268 1294.9496 1061.7611    53     8     8  8230    45
 269 1489.0166 1062.2159    56     8     8  7428   220
 270 1693.8714 1062.7526    61     9     9  6728   372
 271 1274.1466 1064.0128    54     8     8  8421    20
 272 1467.1047 1064.5895    56     8     9  7546   201
 273 1670.8233 1065.0351    59     9     8  6820   356
 274 1253.4360 1066.2261    50     8     8  7987     1
 275 1445.2628 1066.8643    57     9     8  7761   177
 276 1647.9214 1067.4262    58     9     9  6830   344
 277 1233.0615 1068.4959    47     8     7  5764    18
 278 1423.7664 1069.1114    56     9     8  7826   455
 279 1625.0551 1069.8640    58     9     8  6950   308
 280 1402.0984 1071.3513    56     8     9  7825   143
 281 1602.4011 1072.1179    60     9     8  7235   298
 282 1380.7132 1073.6588    53     8     8  7668   118
 283 1579.9185 1074.4907    57     9     9  7055   288
 284 1359.3007 1075.8957    55     9     8  7994    -1
 285 1557.4161 1076.8179    59     9     8  7385   278
 286 1766.4368 1077.4561    58     9     9  4814   444
 287 1338.0954 1078.0973    52     8     8  8043    69
 288 1535.0637 1079.0528    55     8     8  7265   238
 289 1743.1120 1079.9071    60     9     8  6446   400
 290 1317.0228 1080.2917    54     8     8  8134    57
 291 1512.9407 1081.2976    58     8     9  7524   235
 292 1719.7492 1082.1761    60     9     8  6628   466
 293 1296.0287 1082.5207    55     8     9  8197    -1
 294 1490.8705 1083.6614    57     8     9  7509    -1
 295 1696.4599 1084.6600    64     9     9  6918   463
 296 1275.1297 1084.7075    54     8     8  8330    11
 297 1468.9205 1085.9060    55     8     8  7521   197
 298 1254.3911 1086.8964    52     8     8  8254     6
 299 1673.3123 1086.9740    60     9     8  6916   343
 300 1446.9721 1088.0544    54     8     8  7585   173
 301 1233.8538 1089.0308    49     8     8  5969   456
 302 1650.3048 1089.2068    60     9     9  6950   347
 303 1425.1551 1090.2817    54     8     8  7565    -1
 304 1627.4393 1091.6532    61     9     9  7072    -1
 305 1403.6074 1092.5315    57     9     9  7776   139
 306 1604.7451 1093.9336    58     9     8  7102   292
 307 1382.0424 1094.8126    55     8     8  7997   119
 308 1582.0178 1096.1260    56     8     8  7022   279
 309 1360.7108 1096.9389    55     8     8  8002    -1
 310 1559.5289 1098.3900    61     9     9  7342    -1
 311 1339.2926 1099.1123    56     9     8  8103    77
 312 1769.3708 1099.7903    57     9     8  4862   439
 313 1537.0696 1100.7370    57     8     9  7339   245
 314 1318.1469 1101.2337    53     8     8  8076    50
 315 1745.9353 1102.0455    62    10     8  6539   473
 316 1514.8841 1102.9422    58     9     8  7518   217
 317 1297.0939 1103.3991    56     8     9  8298    -1
 318 1722.4796 1104.3468    64     9     9  6823   378
 319 1492.7055 1105.0860    58     9     8  7644    -1
 320 1276.1273 1105.5766    53     8     9  8199     5
 321 1699.1117 1106.7600    61     9     9  6784   462
 322 1470.5878 1107.2732    58     9     9  7548   195
 323 1255.3200 1107.7072    53     8     8  8312     0
 324 1675.8848 1109.0047    61     9     8  6860   350
 325 1448.6282 1109.4825    59     9     9  7575   175
 326 1234.7416 1109.7918    47     8     8  5815   454
 327 1652.8317 1111.2140    61     9     9  7018   331
 328 1426.8214 1111.7166    54     8     8  7510   157
 329 1629.8548 1113.5561    62     9     9  7145   461
 330 1405.0382 1113.8846    54     8     8  7845   127
 331 1606.9754 1115.8540    57     8     8  6969   286
 332 1383.4338 1115.9837    57     9     8  8033   106
 333 1584.1618 1118.0198    58     9     8  7167   260
 334 1361.9614 1118.0880    54     8     8  8084    91
 335 1561.6505 1120.1615    59     9     8  7328   262
 336 1340.6040 1120.2521    54     9     8  7941    74
 337 1772.2906 1122.0949    59     9     8  4999   438
 338 1319.2811 1122.3534    55     8     9  8044    48
 339 1539.0612 1122.3876    58     8     9  7323   233
 340 1748.8354 1124.3617    62     9     9  6579   394
 341 1298.1574 1124.4626    56     8     9  8276    34
 342 1516.7828 1124.6277    60     9     9  7509   214
 343 1277.1241 1126.5856    54     8     9  8282    13
 344 1725.2195 1126.7623    63     9     9  6783   376
 345 1494.4188 1126.8075    59     9     8  7627   196
 346 1256.2076 1128.6553    55     8     9  8434     8
 347 1472.2031 1128.9193    58     9     8  7629   179
 348 1701.7887 1128.9732    61     9     8  6767   354
 349 1235.6782 1130.6857    47     7     8  5801    80
 350 1450.1521 1131.0280    58     9     8  7675   174
 351 1678.4621 1131.1080    61     9     9  6958   336
 352 1428.2453 1133.1290    58     9     8  7795   152
 353 1655.2170 1133.4200    64     9     9  7136   317
 354 1406.5362 1135.2608    58     9     9  7875   128
 355 1632.1503 1135.7030    62     9     9  7144   305
 356 1384.8694 1137.3307    57     8     9  8001   113
 357 1609.1942 1137.8971    60     9     8  7150   274
 358 1363.2374 1139.4823    55     8     9  7902    88
 359 1586.3645 1140.0123    60     9     8  7326   249
 360 1341.8282 1141.5756    56     8     9  8105    75
 361 1563.7491 1142.1179    59     9     8  7274   250
 362 1320.4538 1143.6404    56     9     9  8064    55
 363 1541.0582 1144.2552    58     8     9  7284   229
 364 1775.2970 1144.7798    58     9     9  4866   436
 365 1299.2341 1145.7000    55     8     9  8260    30
 366 1518.6841 1146.4247    62     9     9  7577    -1
 367 1751.6887 1146.9721    62     9     8  6576   367
 368 1278.1085 1147.7461    54     8     8  8368    10
 369 1496.2061 1148.5835    61     9     9  7602   199
 370 1728.0234 1149.1099    63    10     8  6690   364
 371 1257.1196 1149.7806    54     8     8  8552     9
 372 1474.0251 1150.7210    58     8     9  7587   178
 373 1704.4947 1151.3062    65     9     9  7043   353
 374 1236.5091 1151.7433    50     8     8  6031    93
 375 1451.9398 1152.8249    56     8     8  7561   164
 376 1681.0436 1153.5998    63     9     9  6989   321
 377 1429.9370 1154.8825    56     8     8  7686   150
 378 1657.7837 1155.8114    62     9     9  7044   322
 379 1408.0086 1156.9217    55     8     8  7791   125
 380 1634.6000 1157.9448    60     9     8  7128   301
 381 1386.1465 1158.9338    55     8     8  7902   100
 382 1611.5486 1160.0396    60     9     8  7238   280
 383 1364.6254 1160.9725    57     9     8  8065    83
 384 1588.6446 1162.1127    61     9     8  7323   257
 385 1343.0315 1162.9907    54     8     8  8102    65
 386 1565.8604 1164.2305    61     9     9  7340   239
 387 1321.6872 1165.0124    56     9     8  8179    58
 388 1543.0747 1166.3456    60     9     9  7378    -1
 389 1300.2757 1166.9964    55     8     8  8252    38
 390 1778.2585 1167.3385    62     9     9  5050   440
 391 1520.5930 1168.4495    61     9     9  7523   215
 392 1279.1085 1168.9906    54     8     8  8417    26
 393 1754.6258 1169.6715    65     9     9  6732   379
 394 1498.0791 1170.5361    60     9     9  7602   191
 395 1258.0593 1170.9766    54     8     8  8607     2
 396 1730.8253 1171.8483    62     9     9  6654   369
 397 1475.8501 1172.5788    60     9     9  7630   182
 398 1237.3474 1172.9866    51     8     8  6206    76
 399 1707.1986 1173.9583    61     9     8  6779   337
 400 1453.6020 1174.6158    60     9     9  7696   160
 401 1683.6529 1176.0513    62     9     8  6998   315
 402 1431.4557 1176.6523    59     9     9  7711   146
 403 1660.2535 1178.1527    63     9     9  7106   303
 404 1409.5057 1178.6515    59     9     9  7822   137
 405 1636.9894 1180.2952    61    10     9  7069   285
 406 1387.7132 1180.6419    57     9     9  7817   121
 407 1613.9036 1182.4044    63     9     9  7280   268
 408 1365.9446 1182.6660    58     8     9  8105    86
 409 1590.8821 1184.5083    63     9     9  7350   248
 410 1344.2767 1184.6152    58     9     9  8134    59
 411 1322.8223 1186.5669    56     8     9  8168    42
 412 1567.9697 1186.5911    59     8     9  7229   237
 413 1301.4185 1188.5024    58     9     9  8276    33
 414 1545.0999 1188.6364    60     9     9  7361   225
 415 1781.2998 1190.2317    61     9     9  4973   437
 416 1280.1497 1190.4066    56     8     9  8409    23
 417 1522.5101 1190.6618    63     9     9  7588   205
 418 1259.0005 1192.3277    56     8     9  8588    17
 419 1757.5371 1192.4756    66     9     9  6748   382
 420 1499.9880 1192.6910    58     8     9  7480   184
 421 1238.2313 1194.2776    50     8     8  6102   108
 422 1733.6713 1194.6399    64     9     9  6795   361
 423 1477.5720 1194.6646    60     9     9  7611   170
 424 1455.1885 1196.6318    60     9     9  7696   145
 425 1709.9347 1196.7380    65    10     9  6905   341
 426 1433.0477 1198.6139    59     8     9  7821   135
 427 1686.2835 1198.8617    64     9     9  7043   318
 428 1411.0114 1200.5372    60     8     9  7977   124
 429 1662.7927 1200.9336    64     9     9  7068   289
 430 1389.0582 1202.4473    59     8     9  7995   117
 431 1639.4170 1202.9597    60     9     8  7083   275
 432 1367.2163 1204.3889    56     9     9  7859   103
 433 1616.1600 1204.9767    60     9     8  7091   261
 434 1345.6056 1206.2929    59     9     9  8111    84
 435 1593.0394 1206.9897    62     9     8  7223   253
 436 1323.9755 1208.1550    56     8     9  8241    47
 437 1570.0490 1208.9841    61     9     8  7258   228
 438 1302.5531 1210.1010    56     9     8  8259    41
 439 1547.1773 1210.9925    58     9     8  7239   216
 440 1281.1443 1211.9922    54     8     8  8413    16
 441 1524.4323 1212.9706    60     9     8  7547   203
 442 1784.3060 1213.2153    59     9     9  4692   446
 443 1259.9688 1213.9352    53     8     8  8533     4
 444 1501.8839 1214.9482    58     9     8  7396   181
 445 1760.4191 1215.4008    65     9     9  6476   407
 446 1239.0195 1215.7890    50     8     8  6175    64
 447 1479.2588 1216.9062    58     9     8  7543   161
 448 1736.4533 1217.5105    65     9     9  6784   377
 449 1456.9675 1218.8284    58     8     9  7589   147
 450 1712.6507 1219.6136    64     9     9  6922   359
 451 1434.7339 1220.7374    60     9     9  7772   133
 452 1688.9182 1221.7132    64     9     9  7126   313
 453 1412.5343 1222.6024    60     9     9  7842   115
 454 1665.3163 1223.8056    65     9     9  7448   294
 455 1390.5120 1224.4780    61     9     9  7956   109
 456 1641.8712 1225.7396    63     9     9  7344   282
 457 1368.6545 1226.3269    60     9     9  8004    89
 458 1618.5274 1227.7937    65     9     9  7703   247
 459 1346.8786 1228.1451    57     8     9  8083    73
 460 1595.2651 1229.7506    64     9     9  7738   242
 461 1325.1025 1230.0379    57     8     8  8254    32
 462 1572.1772 1231.6796    65     9     9  7872   218
 463 1303.6752 1231.9327    56     9     8  8263    40
 464 1549.2018 1233.5880    64     9     9  7891   208
 465 1282.1646 1233.8122    55     8     9  8423    24
 466 1526.3875 1235.4750    64     9     9  7993   187
 467 1260.9087 1235.5971    57     8     9  8658    25
 468 1503.7706 1237.3360    64     9     9  8101   185
 469 1239.9022 1237.4026    51     8     8  6163    72
 470 1481.0559 1239.2332    59     8     9  7834   151
 471 1458.6753 1241.0909    59     9     8  7988   144
 472 1436.2073 1243.0034    58     9     8  8005   122
 473 1414.0264 1244.8905    58     8     9  8101   112
 474 1727.9425 1245.8067   363    76    27 22611   457
 475 1391.9608 1246.7259    58     8     9  8247   101
 476 1369.9564 1248.4984    60     8     9  8480    94
 477 1348.0408 1250.2628    58     8     9  8477    66
 478 1326.2724 1252.1086    58     9     8  8503    54
 479 1679.7517 1253.8493    37     7     6  3336   447
 480 1304.7922 1253.9006    57     8     8  8559    68
 481 1699.1250 1255.3021     8     3     3   592    -1
 482 1283.2126 1255.5793    58     8     9  8449    60
 483 1261.8748 1257.2232    57     8     9  8413    70
 484 1240.7330 1259.0173    52     8     8  6008   134
 485 1354.0168 1280.4223    11     3     6  1026   442
 486 1307.6930 1282.6199    28    15     3  2934    -1
 487 1321.3974 1284.4038     6     3     4   456    -1
 488 1310.0693 1311.9964    23     4     6  1287   476
