486
   0  521.3870  952.9287    21     5     5  2431   370
   1  601.7465  967.5371    34     6     7  4317   449
   2  584.9490  969.8846    38     7     7  6076    -1
   3  568.2249  972.0861    38     7     7  5961    -1
   4  288.0385  973.6923     7     2     4   428    -1
   5  551.6138  974.2774    41     7     7  6453    -1
   6  280.4337  974.8646    17     8     3  1031   447
   7  535.1184  976.5118    43     8     7  6707    -1
   8  518.6502  978.7412    40     7     7  6582    -1
   9  502.3288  980.9350    40     7     7  6368   246
  10  486.0665  983.0760    41     8     7  6269   224
  11  293.0646  984.2265    16     4     5  1257   384
  12  469.8499  985.2586    41     8     7  6114   229
  13  600.6976  985.7077    38     7     7  5260    -1
  14  453.7014  987.4774    41     7     7  5992   243
  15  583.8812  987.9040    42     8     7  7100    -1
  16  437.6342  989.6776    40     7     7  5727   252
  17  567.1434  990.1022    42     8     7  7002    -1
  18  421.6457  991.8340    39     7     7  5465   255
  19  550.4587  992.3257    41     7     7  6863   181
  20  257.4017  993.0463   236    45    19 14791    -1
  21  611.5416  993.1879    78     5    49  4717    -1
  22  405.7223  993.9644    37     7     6  5179   268
  23  533.8749  994.5432    44     8     7  6897   165
  24  389.8867  996.0320    37     7     6  5023   272
  25  517.4161  996.7450    42     7     7  6594   171
  26  374.1596  998.0764    38     7     7  4870   275
  27  501.0224  998.9284    41     8     7  6317   183
  28  358.4653 1000.1876    39     7     7  4773   286
  29  484.6963 1001.0529    39     7     7  6030   198
  30  342.8836 1002.3277    37     7     7  4415   298
  31  468.4507 1003.1985    40     7     7  5953   199
  32  599.6289 1003.9810    36     7     6  5081   127
  33  327.3646 1004.4421    39     7     7  4402   303
  34  452.2984 1005.3128    39     7     7  5775   204
  35  582.7904 1006.1701    40     7     7  7099    98
  36  311.9348 1006.5517    36     7     7  3987   414
  37  436.1735 1007.4337    39     7     7  5570   223
  38  566.0051 1008.3235    44     8     7  7328    80
  39  296.5747 1008.6682    39     7     7  4037   320
  40  420.1398 1009.5636    42     8     7  5498   216
  41  549.3033 1010.5151    42     7     7  7082    91
  42  281.2833 1010.7841    33     7     6  3371   425
  43  404.1547 1011.7340    39     7     7  5211   237
  44  532.6329 1012.6924    40     7     7  6741   120
  45  266.0794 1012.7870    31     6     6  3017   351
  46  388.2445 1013.8271    39     7     7  5022   244
  47  250.9040 1014.8603    31     6     6  2810   346
  48  516.1424 1014.8749    40     8     7  6510   116
  49  372.4664 1015.8970    37     7     7  4734   269
  50  235.8948 1016.9006    29     6     6  2481   357
  51  499.6876 1016.9971    42     7     8  6413   113
  52  356.7205 1017.9346    36     7     6  4508   278
  53  221.0266 1018.7500    19     4     6  1326   378
  54  483.3096 1019.0944    41     7     7  6204   141
  55  341.1066 1019.9853    36     7     6  4347   287
  56  467.0184 1021.1725    42     8     7  6118   148
  57  325.5430 1022.0161    34     7     6  4118   300
  58  598.6026 1022.3478    39     7     7  5399    82
  59  450.7713 1023.2825    42     7     7  5981   160
  60  310.0786 1024.0660    34     6     6  3919   307
  61  581.6686 1024.5364    41     7     7  7405    44
  62  434.6161 1025.3858    41     7     7  5771   170
  63  294.6820 1026.0653    34     7     6  3782   314
  64  564.8289 1026.6940    43     8     7  7310    56
  65  418.5451 1027.4605    41     7     7  5598   194
  66  279.3535 1028.1015    35     7     6  3695   327
  67  548.0710 1028.8318    41     8     7  6957    76
  68  402.5289 1029.5491    41     7     7  5411   211
  69  264.0908 1030.1568    32     6     6  3418   403
  70  531.3866 1030.9518    42     7     8  6784    74
  71  386.5877 1031.6139    40     7     7  5169   233
  72  248.9053 1032.1331    34     6     6  3390   334
  73  514.7963 1033.0834    39     7     7  6489    87
  74  370.7345 1033.6611    39     7     7  4910   253
  75  233.8924 1034.1399    30     6     6  2894   343
  76  498.3249 1035.1754    41     7     7  6477   111
  77  354.9636 1035.7157    39     8     7  4672   271
  78  218.9078 1036.2374    23     5     6  1687   372
  79  481.8864 1037.2358    41     8     7  6312   124
  80  339.3033 1037.7417    38     7     7  4478   294
  81  465.5444 1039.3204    41     7     7  6175   139
  82  323.7012 1039.7805    37     7     7  4256   304
  83  597.4935 1040.9335    37     7     7  5216    89
  84  449.3038 1041.3553    39     7     7  5889   158
  85  308.1702 1041.7660    38     7     7  4141   315
  86  580.5856 1043.0278    44     7     8  7410    38
  87  433.0809 1043.4294    42     8     7  5813   167
  88  292.7310 1043.8010    36     7     7  3913   323
  89  563.6826 1045.1520    42     7     8  7177    39
  90  416.9348 1045.4739    41     8     7  5580   189
  91  277.3544 1045.7984    35     7     7  3714   335
  92  546.8375 1047.2451    43     8     7  7140    55
  93  400.8796 1047.5083    41     8     7  5406   205
  94  262.0378 1047.7490    33     7     6  3461   364
  95  530.1401 1049.3095    43     8     7  7038    67
  96  384.9004 1049.5185    41     8     7  5189   220
  97  246.8375 1049.7135    33     6     7  3327    -1
  98  513.4920 1051.4041    41     7     7  6816    95
  99  369.0266 1051.5244    40     8     7  4947   242
 100  231.8063 1051.6360    30     6     6  2868    -1
 101  496.9384 1053.4664    43     8     7  6705    93
 102  353.2059 1053.5169    39     7     7  4738   266
 103  216.8583 1053.5183    22     5     5  1647    -1
 104  337.4861 1055.5023    41     7     7  4703   279
 105  480.4789 1055.5177    41     7     7  6455   112
 106  321.8646 1057.4867    38     7     7  4311   395
 107  464.0974 1057.5714    43     8     7  6308   121
 108  306.2733 1059.4479    39     7     7  4235   306
 109  596.4235 1059.5627    41     7     7  5605    96
 110  447.7401 1059.6030    39     7     7  5940   143
 111  290.8366 1061.4176    37     7     7  3962   322
 112  579.4708 1061.5842    41     7     7  7464    26
 113  431.5105 1061.6021    41     7     7  5859   157
 114  275.3868 1063.3482    39     7     7  3946   296
 115  415.3680 1063.5923    41     7     7  5657   184
 116  562.5151 1063.6677    42     7     7  7337    31
 117  260.0515 1065.2974    34     6     7  3546   361
 118  399.2551 1065.5867    41     7     7  5451   192
 119  545.6248 1065.7284    42     7     7  7126    48
 120  244.8074 1067.2140    33     7     6  3374   404
 121  383.2221 1067.5506    40     7     7  5203   213
 122  528.8299 1067.8034    43     8     7  7012    59
 123  229.7239 1069.1528    31     7     6  2970   337
 124  367.2862 1069.5171    39     7     7  4985   236
 125  512.1765 1069.8468    42     8     7  6734    60
 126  214.6436 1071.1073    24     5     6  1778    -1
 127  351.4259 1071.4814    40     7     7  4847   389
 128  495.5677 1071.8552    44     7     8  6674    62
 129  335.6521 1073.4273    40     7     7  4656   401
 130  479.0539 1073.8961    42     8     7  6364    72
 131  319.9718 1075.3516    37     7     7  4283    -1
 132  462.6076 1075.8784    43     7     7  6238    84
 133  304.3723 1077.2669    39     7     7  4275   256
 134  446.2526 1077.8753    40     7     7  5909   101
 135  595.3254 1078.2813    39     7     7  5466    57
 136  288.8744 1079.1902    38     7     7  4053   317
 137  429.9339 1079.8896    42     8     7  5822   103
 138  578.3367 1080.3503    43     7     7  7520     9
 139  273.3915 1081.1017    35     7     6  3786   291
 140  413.7002 1081.8320    41     7     7  5622   122
 141  561.3411 1082.3913    43     7     7  7430    16
 142  258.0294 1083.0628    34     6     6  3587   308
 143  397.5572 1083.7879    40     7     7  5425   132
 144  544.4051 1084.4113    41     7     7  7181    24
 145  242.6898 1084.9685    35     7     6  3526   274
 146  381.5064 1085.7239    40     7     7  5282   151
 147  527.5480 1086.4261    42     7     7  7082    37
 148  227.6061 1086.8574    33     7     6  3102   336
 149  365.5210 1087.6490    40     7     7  5094   169
 150  510.7980 1088.4102    43     8     7  6952    34
 151  212.5287 1088.6849    25     5     6  1807   442
 152  349.6198 1089.5484    39     7     7  4822   397
 153  494.2144 1090.3786    44     8     7  6780    36
 154  333.8106 1091.4453    39     7     7  4584   206
 155  477.5977 1092.3814    42     7     7  6520    53
 156  318.0915 1093.3248    36     7     7  4243   345
 157  461.1549 1094.3139    43     8     7  6352    63
 158  302.4504 1095.2140    39     7     7  4289   185
 159  444.6810 1096.2712    42     7     7  6112    77
 160  286.8892 1097.0974    36     7     6  3961   400
 161  594.2230 1097.1671    39     7     7  5383    35
 162  428.3728 1098.2165    39     7     7  5738   100
 163  271.3854 1099.0221    35     7     6  3809   230
 164  577.1806 1099.1970    45     8     8  7604     1
 165  412.1008 1100.0997    41     8     7  5625   115
 166  255.9485 1100.9024    34     6     6  3611   250
 167  560.1297 1101.1762    45     8     8  7518     3
 168  395.9042 1102.0374    40     8     7  5370   138
 169  240.5872 1102.8330    35     7     6  3504   261
 170  543.1383 1103.1698    45     8     8  7320     7
 171  379.7529 1103.9746    38     7     7  5071   391
 172  225.4243 1104.6742    34     7     7  3101   288
 173  526.2675 1105.1423    43     7     8  7015    19
 174  363.7390 1105.8748    38     7     7  4896   392
 175  210.3154 1106.4659    22     5     5  1658   347
 176  509.4631 1107.1048    44     7     8  6919    22
 177  347.7800 1107.7526    39     7     7  4789   331
 178  492.7575 1109.0468    43     8     8  6651    29
 179  331.9518 1109.6269    39     8     7  4575   152
 180  476.1694 1110.9650    42     8     8  6420    52
 181  316.1887 1111.4549    39     7     7  4433   162
 182  459.6287 1112.8637    43     7     8  6315    61
 183  300.5140 1113.2685    39     7     7  4309   182
 184  443.1783 1114.7886    43     8     7  6145   398
 185  284.9266 1115.1320    37     7     7  4016   203
 186  593.1239 1116.1780    38     7     7  5319    46
 187  426.7277 1116.6856    39     7     7  5754   399
 188  269.3675 1117.0122    35     7     6  3796   225
 189  576.0303 1118.1321    44     8     8  7569     2
 190  410.4554 1118.5653    41     7     7  5725    -1
 191  253.8875 1118.8632    33     7     6  3539   247
 192  558.9136 1120.0748    45     8     8  7492     4
 193  394.2302 1120.4102    40     7     7  5429    71
 194  238.4869 1120.7574    37     7     7  3602   262
 195  541.8751 1122.0053    44     8     8  7284    13
 196  378.0423 1122.2591    41     8     7  5209    90
 197  223.2974 1122.4964    32     6     7  3007   284
 198  524.9521 1123.9307    44     8     8  7122   387
 199  361.9550 1124.1195    40     8     7  5020   102
 200  208.1856 1124.3739    24     5     6  1747    -1
 201  508.1298 1125.8559    46     8     8  7032   390
 202  345.9788 1125.9952    38     8     7  4705   126
 203  491.3801 1127.7421    42     7     7  6677   386
 204  330.0905 1127.8680    39     8     7  4597   146
 205  474.6755 1129.6607    42     7     7  6517    17
 206  314.2784 1129.6954    40     7     7  4513   161
 207  298.5693 1131.4839    40     7     7  4353   173
 208  458.1195 1131.5323    44     8     7  6466    21
 209  282.9216 1133.2666    37     7     7  4018   195
 210  441.5784 1133.4103    42     7     7  6180    32
 211  267.3242 1135.0644    35     7     6  3809   218
 212  425.1715 1135.2629    43     8     7  5958    41
 213  592.0096 1135.3056    37     6     7  5343   396
 214  251.8192 1136.9182    34     7     6  3608   240
 215  408.7775 1137.1145    39     7     7  5377    66
 216  574.8642 1137.1956    46     8     8  7717   388
 217  236.3424 1138.7531    36     7     7  3558   267
 218  392.5239 1138.8897    39     7     7  5088    85
 219  557.6900 1139.0590    46     7     8  7599     5
 220  221.1671 1140.4595    33     6     7  3083   285
 221  376.2853 1140.7846    41     7     7  5110    92
 222  540.6229 1140.9636    46     7     8  7401    11
 223  205.9848 1142.3157    23     5     6  1709   340
 224  360.1963 1142.5807    41     7     7  5086   117
 225  523.6357 1142.8392    45     7     8  7173     0
 226  344.1393 1144.3565    39     7     7  4786   135
 227  506.7331 1144.7306    42     7     8  6884    28
 228  328.1953 1146.1601    38     7     7  4539   159
 229  489.9246 1146.6174    44     8     7  6866    12
 230  312.3409 1147.9896    36     7     6  4257   179
 231  391.5778 1148.3095    47     7     8  6413   110
 232  473.2420 1148.4744    43     8     7  6603    18
 233  296.5649 1149.8197    39     7     7  4293   186
 234  456.5559 1150.3367    42     7     7  6337    83
 235  280.8731 1151.5553    37     7     7  4021   212
 236  440.0118 1152.1560    42     8     7  6051    40
 237  265.2311 1153.2502    38     7     7  3934   228
 238  423.5316 1153.9523    45     7     8  5980    65
 239  590.9309 1154.4683    36     6     7  5337   393
 240  249.7319 1155.0050    35     7     6  3665   251
 241  407.1664 1155.7568    40     7     7  5372   341
 242  573.6893 1156.3891    42     7     7  7520    -1
 243  234.2301 1156.8514    37     7     7  3606   265
 244  393.4572 1157.3371    70    15     7  8435   201
 245  556.4795 1158.2510    45     7     8  7531     8
 246  218.9941 1158.5446    33     6     7  3085   295
 247  374.5019 1159.3106    40     7     7  5110   130
 248  539.3464 1160.0975    46     7     8  7386    10
 249  203.8222 1160.2958    24     5     6  1768   350
 250  358.3653 1161.1105    41     7     7  5028   140
 251  522.3185 1161.9194    45     7     8  7143     6
 252  342.2797 1162.8915    39     7     7  4760   163
 253  505.3798 1163.7135    43     7     8  6891    -1
 254  326.2828 1164.6476    41     7     7  4720   164
 255  488.5052 1165.5660    42     7     7  6724    25
 256  310.3869 1166.3603    39     7     7  4470   188
 257  471.6990 1167.4150    42     7     7  6521    33
 258  294.5672 1168.0997    38     7     7  4221   208
 259  455.0425 1169.2264    43     8     7  6310    43
 260  278.8304 1169.8915    37     7     7  3993   232
 261  438.4180 1170.9884    45     7     8  6189    64
 262  263.1557 1171.6259    38     7     7  3933   241
 263  421.8698 1172.7675    44     8     7  5916    73
 264  247.6220 1173.2628    38     7     7  3818   263
 265  589.8372 1173.7214    39     7     7  5455    -1
 266  405.4312 1174.5459    41     7     7  5581   106
 267  232.0931 1175.0181    34     6     6  3472   289
 268  572.5430 1175.5780    42     7     7  7513    -1
 269  389.0566 1176.2617    43     8     7  5436   125
 270  216.8237 1176.7503    34     6     7  3158   310
 271  555.2768 1177.4714    45     8     7  7558    20
 272  372.7274 1178.0525    41     7     8  5154   136
 273  201.5548 1178.4117    24     5     6  1766   356
 274  538.0551 1179.3249    45     8     8  7345    15
 275  356.5336 1179.7654    40     7     7  5003   166
 276  520.9539 1181.1150    46     8     8  7204    14
 277  340.4069 1181.4494    41     7     7  4917   175
 278  503.9583 1182.8731    45     8     8  6965    49
 279  324.3669 1183.1834    39     7     7  4594   190
 280  487.0703 1184.6430    45     8     7  6830    42
 281  308.4236 1184.9414    38     7     7  4349   214
 282  470.2463 1186.4575    44     8     7  6595    51
 283  292.5866 1186.6339    39     7     7  4318   226
 284  453.4814 1188.2507    44     7     8  6344    99
 285  276.8125 1188.2727    39     7     7  4123   248
 286  436.8150 1189.9545    44     8     8  6121    79
 287  261.0941 1190.0002    34     6     6  3725   277
 288  420.2682 1191.6655    42     7     7  5870   109
 289  245.4720 1191.6977    39     7     7  3877   283
 290  229.9628 1193.2998    34     6     7  3448   305
 291  588.6975 1193.3003    40     7     7  5540    -1
 292  403.7033 1193.4098    42     7     7  5691    -1
 293  214.5995 1195.0010    33     7     6  3147   316
 294  571.3523 1195.0578    46     7     8  7657    -1
 295  387.2998 1195.1352    43     7     8  5472   131
 296  199.2778 1196.6129    23     5     6  1708   359
 297  554.0244 1196.8007    47     8     8  7594    27
 298  370.9551 1196.8191    42     8     7  5196   154
 299  354.6705 1198.5243    40     7     7  4967   172
 300  536.7620 1198.5773    45     8     7  7361    23
 301  338.4971 1200.2088    40     7     7  4788   196
 302  519.5903 1200.4209    42     7     7  7005    30
 303  322.4413 1201.8831    40     7     7  4623   202
 304  502.5481 1202.1684    46     7     8  6978    -1
 305  306.4615 1203.5612    41     7     7  4567   219
 306  485.6018 1203.8579    46     7     8  6798    54
 307  290.5474 1205.1922    40     7     7  4365   239
 308  468.7089 1205.5841    43     7     7  6491    70
 309  274.7231 1206.8933    37     7     7  4006   259
 310  451.9031 1207.3495    45     8     7  6376    78
 311  259.0030 1208.5197    36     6     7  3828   281
 312  435.2146 1209.0377    45     8     8  6146   104
 313  243.3196 1210.1198    36     7     7  3712   297
 314  418.5768 1210.6921    41     7     7  5762   129
 315  227.7552 1211.8039    36     7     7  3567   309
 316  402.0146 1212.3953    44     8     7  5723   137
 317  587.5376 1212.7620    42     7     8  5562   436
 318  212.3609 1213.3712    35     7     7  3217   326
 319  385.5321 1214.0869    44     7     8  5473   150
 320  570.1617 1214.5470    46     8     7  7706    -1
 321  197.0785 1214.9642    25     6     6  1836   366
 322  369.1325 1215.7330    42     8     7  5216   176
 323  552.7314 1216.3676    45     8     8  7484    50
 324  352.7510 1217.3865    42     7     7  5088   191
 325  535.4547 1218.0742    46     7     8  7356    45
 326  336.5956 1219.0433    42     7     8  4800   200
 327  518.2725 1219.7306    45     8     8  7099    47
 328  320.5132 1220.6745    40     7     7  4659   222
 329  501.1564 1221.4977    46     8     7  7006    94
 330  304.4649 1222.2597    39     7     7  4455   235
 331  484.1421 1223.2277    46     8     8  6759    69
 332  288.5151 1223.9288    40     7     8  4311   254
 333  467.2118 1224.8784    47     8     8  6618    86
 334  272.6514 1225.5325    39     7     7  4163   270
 335  450.3716 1226.5491    42     7     7  6235   155
 336  256.8770 1227.0980    38     7     7  3945   293
 337  433.5593 1228.2646    43     7     8  6011   118
 338  241.1176 1228.7558    38     7     7  3796   301
 339  416.8982 1229.8661    44     8     8  5844   144
 340  225.5700 1230.2657    38     7     7  3714   318
 341  400.3172 1231.4991    42     7     7  5612    -1
 342  210.1121 1231.9067    34     6     7  3190   339
 343  586.3297 1232.5238    41     7     7  5574   439
 344  383.7535 1233.1483    43     7     8  5408   180
 345  194.8131 1233.4177    23     5     6  1709   374
 346  568.9196 1234.2718    48     8     8  7750   325
 347  367.3325 1234.7340    42     7     7  5168   207
 348  551.5091 1235.9251    47     7     8  7521    68
 349  350.9519 1236.3750    41     8     7  4938   210
 350  534.1756 1237.5862    47     8     8  7374    75
 351  334.6996 1237.9809    42     7     8  4816   221
 352  516.8569 1239.3441    48     8     8  7203    58
 353  318.5292 1239.5553    41     7     7  4690   238
 354  499.7126 1240.9632    45     7     8  6846   394
 355  302.4487 1241.1553    40     7     7  4454   260
 356  482.6482 1242.5900    44     7     8  6613    97
 357  286.4799 1242.7506    39     7     7  4288   280
 358  270.5502 1244.2764    39     7     7  4159   290
 359  465.6426 1244.3302    44     7     8  6422   105
 360  254.7495 1245.8757    37     7     7  3878   313
 361  448.7556 1245.9052    45     7     8  6260   133
 362  239.0008 1247.3928    36     6     7  3721   328
 363  431.9372 1247.5252    46     8     7  6152   145
 364  223.3136 1248.9806    35     7     7  3531   333
 365  415.2129 1249.1575    45     8     8  5841   153
 366  207.9172 1250.4506    34     6     7  3198   355
 367  398.5573 1250.7021    42     7     8  5519   174
 368  192.4692 1252.0094    25     5     6  1835   379
 369  381.9750 1252.3281    43     8     7  5373   197
 370  585.1425 1252.4095    40     7     7  5404    -1
 371  365.4882 1253.8718    44     7     8  5239   215
 372  567.7163 1254.0154    47     8     8  7676    -1
 373  349.0998 1255.4653    42     8     7  4986   227
 374  550.2607 1255.6267    46     8     8  7461   108
 375  332.7672 1257.0226    42     7     8  4817   249
 376  532.8049 1257.3525    47     8     8  7306    88
 377  316.5629 1258.5801    41     7     7  4673   264
 378  515.5099 1258.9428    46     7     8  7067    81
 379  300.4228 1260.1319    41     7     8  4473   282
 380  498.3236 1260.5431    43     7     8  6720   354
 381  284.3997 1261.6724    41     7     7  4393   302
 382  481.1701 1262.2147    46     8     8  6650   107
 383  268.4322 1263.1802    39     7     7  4148   319
 384  464.1480 1263.7752    46     8     8  6482   123
 385  252.5875 1264.7135    39     7     7  4030   330
 386  447.1809 1265.3981    45     8     7  6245   147
 387  236.8262 1266.1738    38     7     7  3822   428
 388  430.3175 1266.9583    45     7     8  6014   168
 389  221.0514 1267.7331    36     6     7  3572   344
 390  413.4997 1268.5122    43     7     7  5758   177
 391  205.6296 1269.1226    34     7     7  3197   360
 392  396.7817 1270.0913    44     8     8  5540   193
 393  190.1795 1270.6300    23     5     6  1696   380
 394  380.1967 1271.5986    41     7     7  5274   217
 395  583.9619 1272.3532    39     6     8  5336    -1
 396  363.6048 1273.1815    43     7     8  5183   231
 397  566.4900 1273.8833    47     7     8  7644   367
 398  347.1906 1274.6802    41     7     7  4914   257
 399  548.9498 1275.5187    46     8     7  7393   348
 400  330.7966 1276.2220    42     7     7  4801   273
 401  531.4880 1277.1430    47     7     8  7247   128
 402  314.5622 1277.6936    39     7     7  4538   299
 403  514.1269 1278.6819    48     8     8  7139   114
 404  298.3726 1279.2193    39     7     7  4383   312
 405  496.8293 1280.3259    46     8     8  6815   119
 406  282.3057 1280.6904    40     7     7  4321   324
 407  479.6540 1281.8683    46     7     8  6604   134
 408  266.3061 1282.1735    38     7     7  4087   329
 409  462.5545 1283.4611    42     7     7  6212   142
 410  250.4116 1283.6614    40     7     7  4082   338
 411  445.5505 1284.9800    46     7     8  6223   156
 412  234.5936 1285.0790    39     7     7  3905   349
 413  428.6063 1286.5056    42     7     7  5855   178
 414  218.8673 1286.5806    36     7     7  3575   358
 415  203.2923 1288.0149    32     6     6  3107   371
 416  411.7578 1288.0403    44     7     8  5672   187
 417  187.8692 1289.4068    23     5     6  1708   381
 418  395.0368 1289.5274    44     8     7  5518   209
 419  378.3475 1291.0569    45     7     8  5378   234
 420  582.8048 1292.4092    40     7     7  5392   406
 421  361.7406 1292.5255    41     7     7  5071   258
 422  565.2464 1293.9216    47     8     8  7547   402
 423  345.2659 1293.9950    43     7     8  4974   276
 424  328.8291 1295.4848    41     7     7  4739   292
 425  547.6246 1295.5060    45     7     9  7241   149
 426  312.5296 1296.9353    42     7     8  4597   311
 427  530.1241 1297.0690    49     8     8  7276   407
 428  296.3349 1298.3784    39     7     7  4385   321
 429  512.6848 1298.5940    46     7     8  6917   373
 430  280.2033 1299.8506    41     7     8  4332   332
 431  495.3745 1300.1648    47     7     8  6756   245
 432  264.1473 1301.2964    37     7     7  4016   342
 433  478.1571 1301.6471    47     8     8  6584   410
 434  248.1799 1302.7360    39     7     7  4018   352
 435  460.9850 1303.2145    45     8     8  6281   363
 436  232.3439 1304.1109    37     7     7  3798   362
 437  443.9205 1304.6766    46     8     8  6174   365
 438  216.5648 1305.5330    39     7     7  3770   438
 439  426.9301 1306.2027    45     8     8  5879   369
 440  200.9905 1306.9450    34     6     6  3219   377
 441  410.0589 1307.6338    46     8     8  5737   440
 442  185.4778 1308.3020    25     5     6  1836   383
 443  393.2379 1309.1417    44     7     8  5454   431
 444  376.5092 1310.5665    42     7     7  5245    -1
 445  359.8524 1312.0403    42     7     8  5006    -1
 446  581.6584 1312.4086    39     7     7  4848   417
 447  343.3124 1313.4493    41     7     7  4870    -1
 448  563.9954 1313.9476    45     8     8  6689   353
 449  326.8713 1314.9128    42     7     8  4726    -1
 450  546.3358 1315.4547    43     7     8  6540   405
 451  310.4725 1316.3037    41     7     7  4562    -1
 452  528.7501 1317.0531    45     7     8  6712   409
 453  294.2484 1317.7174    41     7     7  4423   433
 454  511.2904 1318.5495    45     8     8  6758   408
 455  278.0588 1319.1279    38     7     8  4112    -1
 456  493.8753 1320.1227    48     8     8  6975   415
 457  261.9874 1320.4934    37     7     7  3961   445
 458  476.5948 1321.5335    44     7     8  6472   411
 459  246.0115 1321.8835    37     6     8  3850   444
 460  459.3804 1323.0805    46     7     8  6505   412
 461  230.0842 1323.2489    35     6     7  3638    -1
 462  442.2924 1324.5346    44     8     8  6213   424
 463  214.2422 1324.6409    38     7     7  3688   382
 464  198.6867 1325.9848    35     7     7  3266    -1
 465  425.2505 1325.9851    48     8     8  6220   368
 466  183.1513 1327.3100    24     5     6  1742    -1
 467  408.3068 1327.4241    45     7     8  5848   376
 468  391.4374 1328.7992    45     7     8  5682   375
 469  374.6124 1330.2690    44     7     8  5455    -1
 470  357.9431 1331.6298    45     8     8  5317    -1
 471  341.3525 1333.0101    45     7     8  5173    -1
 472  324.8142 1334.4059    42     8     7  4853    -1
 473  308.4408 1335.7518    42     7     8  4717    -1
 474  292.1391 1337.1494    40     7     8  4433    -1
 475  275.9073 1338.4762    40     7     7  4313    -1
 476  259.7892 1339.8278    41     7     8  4225   423
 477  243.7911 1341.1295    39     7     7  3939    -1
 478  227.8782 1342.4216    38     7     7  3661   441
 479  211.9987 1343.7151    34     6     7  3192   443
 480  196.3647 1344.9223    31     6     6  2696    -1
 481  180.8932 1346.2350    22     5     6  1451    -1
 482  498.6375 1346.7058    23     5     6  2394   385
 483  532.1875 1357.8125     6     4     2   316    -1
 484  214.8166 1365.3687   204    42    10 12196    -1
 485  256.7921 1365.9700    18     5     6  1417    -1
