183
   0   74.3140 1003.8372    47    33     4  2436   194
   1  143.8402 1009.2842    67    18     6  3832   195
   2   83.3043 1012.3913     7     3     3   396   135
   3  115.9931 1012.7080    82    21     8  4970   154
   4  152.3040 1027.5620    22     5     5  1600    -1
   5  137.6366 1029.4123    24     5     6  1998    69
   6  122.9690 1031.2138    29     6     6  2320    66
   7  108.4016 1033.0222    28     6     6  2254    60
   8   93.8865 1034.8010    28     6     6  2277    74
   9   79.4366 1036.6185    25     6     6  2102   192
  10   65.0407 1038.5321    27     6     5  2160    80
  11   50.7166 1040.4142    24     6     5  1934    -1
  12   36.4381 1042.2399    24     5     6  1846   184
  13   22.3174 1043.9379    24     6     6  1764    -1
  14  150.0279 1044.5285    25     6     5  2057    -1
  15    8.1901 1045.7535    22     6     5  1597    -1
  16  135.3321 1046.4192    29     7     6  2576    24
  17  120.6517 1048.2463    31     7     6  2638    27
  18  105.9805 1050.0395    29     6     6  2449    36
  19   91.4467 1051.8319    29     6     6  2351    59
  20   76.9665 1053.6256    29     6     6  2286   164
  21   62.5117 1055.5026    23     5     5  1921    65
  22   48.1531 1057.3229    25     6     5  1939   173
  23   33.8449 1059.1219    26     6     6  1903   172
  24   19.6174 1060.8268    22     5     5  1611   181
  25  147.6911 1061.6814    26     5     6  2127    -1
  26    5.5849 1062.6009    22     5     5  1536    -1
  27  132.9866 1063.5423    30     6     6  2659    21
  28  118.2179 1065.4150    30     6     6  2606    31
  29  103.5402 1067.2203    31     7     6  2569    23
  30   88.9277 1068.9819    29     6     6  2390    54
  31   74.4033 1070.7279    29     6     6  2288   163
  32   59.9791 1072.5152    26     6     5  2089    40
  33   45.5434 1074.3873    23     5     5  1842   188
  34   31.1937 1076.1048    26     6     6  1930   169
  35   16.9186 1077.7652    24     6     5  1728   170
  36  145.3371 1079.0962    29     6     6  2297    70
  37    2.9247 1079.4398    18     4     5  1232   187
  38  130.5829 1080.8469    31     7     6  2732    12
  39  115.8080 1082.6306    31     6     6  2683    25
  40  101.0457 1084.4679    29     6     6  2478    18
  41   86.3967 1086.2689    29     6     6  2389    52
  42   71.8626 1087.9336    29     6     6  2338    84
  43   57.3742 1089.6182    26     6     6  2087    38
  44   42.9186 1091.4291    27     6     5  2069   157
  45   28.5179 1093.2256    24     5     6  1816   167
  46   14.2034 1094.8870    26     6     6  1853   162
  47  142.9599 1096.5200    26     6     5  2148    67
  48  128.1248 1098.3256    31     6     6  2760    10
  49  113.2998 1100.0442    31     6     6  2704    20
  50   98.5848 1101.7314    30     7     6  2550    17
  51   83.8735 1103.5051    28     6     6  2372    46
  52   69.2735 1105.3014    29     6     6  2311    79
  53   54.7706 1106.9257    27     6     6  2137    86
  54   40.3184 1108.5880    24     6     5  1927   128
  55   25.8573 1110.3736    25     6     5  1891   166
  56   11.4549 1112.0321    24     5     6  1777   159
  57  140.5959 1114.0734    27     5     6  2236    43
  58  125.7210 1115.7605    32     6     6  2817     6
  59  110.8632 1117.5241    30     6     6  2662    22
  60   96.0239 1119.2413    31     6     6  2617    11
  61   81.3059 1120.9065    30     6     6  2484    44
  62   66.6878 1122.5507    27     6     6  2218    57
  63   52.0903 1124.3182    27     6     6  2153    35
  64   37.5753 1125.9658    26     5     6  2017   105
  65   23.1815 1127.5643    26     6     5  1953   146
  66    8.7549 1129.2738    24     6     5  1757   153
  67  138.1723 1131.7000    29     6     6  2335    41
  68  123.2424 1133.4362    30     6     7  2692   136
  69  108.3515 1135.1091    33     7     6  2842     5
  70   93.4835 1136.7528    31     7     6  2638     4
  71   78.7287 1138.4692    29     6     6  2425     7
  72   64.0461 1140.0982    28     6     6  2301    58
  73   49.4627 1141.6530    26     6     6  2104    37
  74   34.8983 1143.3880    25     6     5  1973    51
  75   20.4732 1144.9657    25     5     6  1847   140
  76    6.0969 1146.5581    22     6     5  1616   141
  77  135.6643 1149.5282    25     6     6  2102    50
  78  120.8094 1151.1331    30     6     6  2751    33
  79  105.8539 1152.7667    32     6     6  2815    13
  80   90.9771 1154.4284    31     6     7  2640     3
  81   76.1302 1156.0288    29     6     6  2456     9
  82   61.4442 1157.6272    29     6     6  2346    71
  83   46.7380 1159.3545    28     6     6  2211    81
  84   32.2097 1160.8542    29     6     6  2170    42
  85   17.6109 1162.4952    24     6     5  1822   143
  86    3.4208 1163.9752    21     5     6  1454   150
  87  133.2611 1167.3612    28     6     6  2279    55
  88  118.2657 1168.9371    31     6     6  2822   137
  89  103.2680 1170.6092    32     7     7  2781    16
  90   88.3898 1172.2037    30     7     6  2607     8
  91   73.5271 1173.7297    30     7     6  2497     1
  92   58.7698 1175.3852    28     6     6  2297    83
  93   44.0776 1176.9344    29     6     6  2288    30
  94   29.4512 1178.4861    24     6     5  1917    56
  95   14.8535 1180.0573    27     6     6  1978   148
  96    1.6983 1181.0948     8     2     5   516   160
  97  130.7166 1185.3469    27     6     6  2232   139
  98  115.7850 1186.8626    32     6     6  2877   138
  99  100.7875 1188.4503    34     7     7  2907    15
 100   85.8088 1190.0195    31     6     6  2680    14
 101   70.9018 1191.5867    30     6     6  2503     2
 102   56.0944 1193.1332    29     6     6  2377    72
 103   41.3871 1194.6129    28     6     6  2224    32
 104   26.6687 1196.2394    28     6     6  2129    49
 105   12.0762 1197.6814    28     6     6  2056   155
 106  128.2645 1203.3612    28     6     6  2279   142
 107  113.2220 1204.8868    31     6     6  2827    62
 108   98.1669 1206.4723    33     6     7  2878    29
 109   83.1546 1207.9841    32     6     6  2732    26
 110   68.2367 1209.5470    30     6     7  2499    19
 111   53.4124 1210.9714    30     6     6  2425    76
 112   38.6161 1212.5183    26     6     6  2118    47
 113   23.9336 1214.0021    28     6     6  2115    61
 114    9.3503 1215.4707    23     5     5  1798   129
 115  125.7293 1221.5726    28     6     6  2268   144
 116  110.7178 1223.0259    32     7     6  2895    68
 117   95.6097 1224.5581    35     7     7  2971    28
 118   80.5325 1226.0237    32     7     6  2738    39
 119   65.5887 1227.5329    30     7     7  2503    34
 120   50.7032 1228.9527    29     6     6  2380    89
 121   35.8645 1230.4563    27     6     5  2173    77
 122   21.1776 1231.8963    29     6     6  2154   131
 123    6.5121 1233.4136    24     5     6  1779   120
 124  123.2795 1239.7908    28     6     6  2325    97
 125  108.1126 1241.2433    34     6     7  3001    78
 126   92.9863 1242.7456    32     6     6  2842    45
 127   77.9028 1244.1546    30     6     6  2632    64
 128   62.8890 1245.6496    30     6     6  2536    48
 129   47.9535 1247.0887    29     6     6  2374    93
 130   33.0865 1248.5442    29     6     6  2265    85
 131   18.3159 1249.9242    28     6     6  2079    96
 132    3.7443 1251.3489    23     5     5  1633   176
 133  120.6900 1258.1862    28     6     6  2337   103
 134  105.5407 1259.6510    35     7     7  3028    91
 135   90.3587 1261.0259    33     7     6  2903    53
 136   75.2119 1262.4661    32     6     7  2721    75
 137   60.1640 1263.8518    29     6     6  2462    63
 138   45.2264 1265.2703    31     6     6  2460   100
 139   30.3192 1266.6316    29     6     6  2263    95
 140   15.4427 1268.0712    26     5     6  1981   117
 141  118.1011 1276.6912    29     6     6  2355   107
 142  102.9462 1278.0154    33     6     6  2952    98
 143   87.7486 1279.4432    32     6     7  2815    73
 144   72.5659 1280.8037    32     7     6  2723    90
 145   57.4720 1282.1937    30     7     6  2499   123
 146   42.4353 1283.5589    28     6     6  2266   106
 147   27.4825 1284.9080    27     5     6  2149   102
 148   12.5560 1286.3520    27     6     6  2046   108
 149  115.5817 1295.2538    26     5     6  2218   115
 150  100.2833 1296.6386    35     7     7  3005    92
 151   85.0470 1297.9530    31     6     6  2784    88
 152   69.8491 1299.3055    31     6     7  2650    99
 153   54.6992 1300.6687    30     6     6  2484    94
 154   39.6693 1301.9798    30     6     6  2392   110
 155   24.6472 1303.3265    27     6     6  2111   109
 156    9.7412 1304.5985    26     6     6  1980   126
 157  112.9725 1313.9637    28     6     6  2310   116
 158   97.7145 1315.2437    35     7     7  3018    82
 159   82.3192 1316.6333    35     7     7  2928    87
 160   67.1161 1317.8912    30     6     6  2594   112
 161   51.9328 1319.1954    29     6     6  2425   161
 162   36.8213 1320.5116    31     6     7  2409   111
 163   21.8064 1321.7681    28     6     6  2131   114
 164    6.9379 1323.0147    28     6     6  2012   125
 165  110.3250 1332.7809    28     6     6  2297   124
 166   94.9801 1334.0199    32     6     6  2879   104
 167   79.7153 1335.2668    32     7     7  2775   101
 168   64.3311 1336.6334    31     7     7  2592   165
 169   49.1070 1337.8467    29     6     6  2399   121
 170   33.9501 1339.1247    29     6     6  2292   118
 171   18.8741 1340.3559    28     6     6  2087   134
 172    4.0697 1341.5184    24     6     5  1688   179
 173  107.6909 1351.5408    24     5     6  1813   130
 174   92.3202 1352.7522    29     6     6  2362   119
 175   76.9343 1354.0342    29     6     6  2341   113
 176   61.5873 1355.3007    28     6     7  2248   175
 177   46.3260 1356.5502    29     6     7  2266   122
 178   31.1271 1357.7918    29     6     6  2276   127
 179   15.9895 1358.9852    28     6     6  2111   182
 180    1.9396 1359.9203    12     3     6   807   133
 181   78.7372 1375.4654   203    50     8 11596     0
 182   54.9286 1381.0571    12     5     4   670   132
