458
   0 2272.2778  887.9444     7     5     2   359    -1
   1 2251.7069  889.6724    16     7     3   829    -1
   2 2230.8694  891.2748    30     6     6  1611    -1
   3 2210.6925  893.4437    30     7     6  1713    -1
   4 2190.0788  895.7363    31     7     6  1842    -1
   5 2169.9813  898.1110    32     6     6  1947   406
   6 2149.8717  900.4971    32     7     7  1939    -1
   7 2129.8408  902.9776    33     7     6  2052    -1
   8 2276.1154  903.7991    30     6     6  1617   418
   9 1905.0176  904.1588    13     5     4   735    -1
  10 2109.8175  905.2275    31     7     6  1972   362
  11 2255.5290  906.3406    29     7     6  1588    -1
  12 2089.9267  907.7200    32     7     6  2050    -1
  13 2234.9518  908.6265    28     6     6  1566    -1
  14 2069.9961  909.9981    32     6     6  2116   257
  15 2214.4070  911.0721    31     7     6  1765    -1
  16 2050.2097  912.2455    35     7     6  2308   321
  17 2194.0314  913.5251    28     6     5  1639    -1
  18 2030.5213  914.7013    34     7     6  2311   284
  19 2173.7721  915.9830    34     7     6  1994    -1
  20 2010.9488  916.9955    33     7     6  2314   285
  21 2153.5752  918.2712    34     7     6  2019    -1
  22 1991.4235  919.2025    35     7     6  2456   277
  23 2133.2781  920.6550    32     7     6  1929   338
  24 1971.9331  921.6410    35     7     7  2438   203
  25 2280.1964  921.8750    30     6     6  1612   414
  26 2113.2388  922.9512    33     7     6  2029   242
  27 1952.5611  923.9051    36     7     6  2585   213
  28 2259.6942  924.3058    31     7     6  1689   312
  29 2093.2335  925.2262    35     7     6  2159   336
  30 1933.2259  926.1210    35     7     6  2560   387
  31 2239.0542  926.6627    29     6     6  1616    -1
  32 2073.3468  927.6014    33     7     6  2094   319
  33 1914.0525  928.4239    35     7     7  2512   197
  34 2218.2718  929.0000    31     7     6  1756   294
  35 2053.5619  929.9651    36     7     6  2301   318
  36 1894.9439  930.8961    34     7     6  2475   184
  37 2197.9017  931.3908    28     6     6  1629   398
  38 2033.8168  932.1336    34     7     6  2224   335
  39 1875.9475  933.0689    34     7     6  2433   143
  40 2177.3451  933.8468    33     7     6  1947   358
  41 2014.1015  934.4488    35     7     7  2277   276
  42 1856.9719  935.2961    34     7     6  2323   395
  43 2157.0256  936.0801    33     7     6  1962    -1
  44 1994.4662  936.8237    34     7     6  2321   254
  45 1837.9636  937.6269    34     6     7  2291   207
  46 2136.9369  938.3770    30     6     6  1809    -1
  47 1974.9783  939.0172    33     7     6  2317   253
  48 2284.3571  940.0143    29     7     6  1555   415
  49 1819.8281  940.3281    27     6     6  1478   153
  50 2116.8488  940.7861    33     7     6  2017   304
  51 1955.5335  941.2332    34     7     6  2416   159
  52 2263.7500  942.3824    29     7     6  1586    -1
  53 2096.7791  943.0728    34     7     6  2112   340
  54 1936.1729  943.6176    37     7     7  2547   201
  55 2242.9850  944.7395    29     6     6  1617    -1
  56 2076.7681  945.2226    33     7     6  2079   261
  57 1916.9010  945.9115    35     7     6  2513   379
  58 2222.2071  946.9899    30     6     6  1698    -1
  59 2056.8786  947.6794    33     7     7  2107   255
  60 1897.7094  948.0651    35     7     6  2557   149
  61 2201.8289  949.3622    30     7     6  1725   300
  62 2037.0226  949.9396    32     6     6  2130   274
  63 1878.5307  950.2553    34     7     6  2546   121
  64 2181.1250  951.7841    32     7     6  1864   280
  65 2017.2422  952.0848    35     7     6  2328   229
  66 1859.4749  952.4806    37     7     7  2726    81
  67 2160.9235  954.0765    32     6     6  1907   346
  68 1997.6236  954.2628    35     7     7  2357   260
  69 1840.4925  954.7879    34     7     6  2631   105
  70 2140.5680  956.2781    34     7     6  2038   234
  71 1978.0008  956.7211    35     7     7  2347   236
  72 1822.0869  956.8738    30     6     6  1805   120
  73 2288.4889  958.2222    29     7     6  1540    -1
  74 2120.3434  958.7170    34     7     6  2064   402
  75 1958.5028  958.8631    37     7     6  2555   151
  76 2267.6892  960.5450    28     6     6  1511    -1
  77 2100.1600  960.9268    34     7     6  2103   248
  78 1939.0075  961.0075    33     7     6  2381   189
  79 2246.7885  963.0321    31     6     6  1706   289
  80 2080.0639  963.1027    34     7     6  2138   309
  81 1919.7129  963.1859    35     7     6  2511   375
  82 2226.0000  965.2053    30     6     6  1690   298
  83 2060.1485  965.3013    34     7     7  2158   266
  84 1900.4225  965.5209    37     7     7  2663   125
  85 2205.5909  967.5736    33     7     6  1881   292
  86 2040.2505  967.7231    33     7     6  2143   297
  87 1881.2343  967.8140    34     7     6  2528   133
  88 2185.0836  969.8457    31     6     6  1819   353
  89 2020.4350  969.8755    35     7     6  2304   188
  90 1862.0550  969.9644    34     7     6  2572    87
  91 1843.0241  972.0132    34     7     6  2612    71
  92 2000.7671  972.0476    34     7     6  2299   273
  93 2164.6003  972.0825    32     7     6  1909   221
  94 1824.4479  974.1059    30     6     6  1807    79
  95 1981.0566  974.1602    34     7     6  2318   388
  96 2144.1026  974.2692    32     7     6  1912   208
  97 1961.4639  976.4380    37     7     7  2543   193
  98 2292.8418  976.5253    26     6     5  1379   325
  99 2123.9367  976.7018    32     7     6  1932   195
 100 1941.9560  978.8343    34     7     6  2382   170
 101 2103.6671  978.8830    35     7     6  2139   334
 102 2271.7478  978.9513    28     6     6  1513   209
 103 1922.5366  980.8721    36     7     6  2566   123
 104 2083.6183  981.0638    33     7     6  2081   322
 105 2250.9138  981.2241    29     6     6  1595   316
 106 1903.1507  983.0080    35     7     6  2563   112
 107 2063.5450  983.1871    34     7     6  2189   301
 108 2229.9939  983.5732    29     6     6  1614   278
 109 1883.8995  985.0584    34     7     6  2531   108
 110 2043.5098  985.4961    36     7     7  2311   393
 111 2209.2788  985.8733    32     7     6  1817   160
 112 1864.7057  987.2368    37     7     7  2720    88
 113 2023.6449  987.7572    35     7     6  2302   376
 114 2188.8884  988.0785    32     6     6  1842   389
 115 1845.5878  989.4989    37     7     7  2784    49
 116 2003.8966  989.9444    35     7     6  2335   220
 117 2168.2007  990.2007    34     7     6  1974   141
 118 1827.1614  991.6567    31     7     6  1869    94
 119 1984.0032  992.0032    33     7     6  2282   210
 120 2147.8414  992.4724    32     7     7  1890   145
 121 1964.4673  994.2017    35     7     6  2454   172
 122 2127.4080  994.7874    34     7     6  2048   200
 123 2296.8483  995.1180    30     6     6  1589   262
 124 1944.8455  996.2536    37     7     7  2536   171
 125 2107.0979  996.9386    34     7     6  2083   310
 126 2275.8482  997.4375    28     6     6  1512    -1
 127 1925.3819  998.5722    36     7     7  2562   124
 128 2086.9651  999.0446    33     7     6  2065    -1
 129 2255.0286  999.6857    29     6     6  1590   357
 130 1905.9753 1000.8542    37     8     7  2618   119
 131 2066.7887 1001.1859    35     7     6  2183   107
 132 2234.0955 1001.8315    31     6     6  1728    -1
 133 1886.6845 1002.8679    36     7     6  2667    96
 134 2046.7875 1003.4836    35     7     7  2237   139
 135 2213.2537 1004.0616    32     7     6  1803   403
 136 1867.3954 1004.9494    38     7     6  2799    50
 137 2026.8931 1005.7543    33     7     7  2169   275
 138 2192.6471 1006.2647    33     7     6  1888   283
 139 1848.1874 1007.0471    35     7     6  2684    54
 140 2006.9663 1007.8918    34     7     6  2264   147
 141 2172.0349 1008.6473    31     6     7  1808   400
 142 1829.4810 1009.0443    32     7     6  1916    73
 143 1987.0990 1009.9649    34     7     6  2326   397
 144 2151.4293 1010.8473    33     7     6  1961   216
 145 1967.4490 1012.0758    37     7     6  2536   183
 146 2131.0216 1012.9640    32     6     6  1947   323
 147 2300.9725 1013.7308    29     6     6  1541   191
 148 1947.8011 1014.0952    35     7     6  2464   224
 149 2110.7086 1015.1150    32     7     6  1974   308
 150 2279.9692 1015.9154    31     6     6  1680    -1
 151 1928.2417 1016.2099    37     7     7  2605   104
 152 2090.4544 1017.1978    34     7     6  2117   394
 153 2258.8987 1018.0949    31     6     6  1708   148
 154 1908.7652 1018.3750    38     7     7  2692    -1
 155 2070.1944 1019.3310    33     7     7  2082   106
 156 2237.9678 1020.2895    30     6     6  1671   354
 157 1889.4407 1020.5399    37     7     7  2727   113
 158 2050.0974 1021.6320    36     7     7  2262   272
 159 1870.1014 1022.6800    38     8     7  2778    60
 160 2217.1041 1022.6929    29     6     6  1647   356
 161 2030.0726 1023.8367    34     7     6  2196   240
 162 1850.8249 1024.8687    36     7     7  2714   363
 163 2196.3710 1024.8750    32     7     6  1848    93
 164 2010.1448 1025.8908    35     7     6  2313   180
 165 1832.2147 1026.8006    31     6     6  1876   110
 166 2175.8162 1027.0294    33     7     6  1922   343
 167 1990.2060 1027.9410    35     7     6  2369   190
 168 2155.0251 1029.0552    33     7     6  1949   333
 169 1970.4911 1030.0237    38     7     6  2576   164
 170 2134.6376 1031.1636    33     7     6  1977   252
 171 1950.7978 1032.0665    35     7     6  2472   134
 172 2305.4881 1032.3690    28     7     6  1484   296
 173 2114.1192 1033.3052    33     7     7  1994   314
 174 1931.1430 1034.0933    35     7     6  2495   103
 175 2284.0575 1034.6593    28     6     6  1513   392
 176 2093.8360 1035.5542    34     7     7  2069   369
 177 1911.5713 1036.2146    36     7     7  2599    -1
 178 2263.0894 1036.8444    30     6     6  1651   341
 179 2073.5787 1037.6944    36     7     7  2232   235
 180 1892.1838 1038.2721    38     7     7  2738    82
 181 2242.0707 1038.9239    31     6     6  1734   348
 182 2053.3849 1039.7985    34     7     6  2169   237
 183 1872.7734 1040.3471    38     7     7  2796    59
 184 2221.0321 1041.0734    33     7     6  1868   126
 185 2033.2857 1041.8726    35     7     6  2268   246
 186 1853.5000 1042.4392    37     7     7  2821    35
 187 2200.1904 1043.2573    32     7     6  1839   118
 188 2013.2337 1043.9374    36     7     6  2367   378
 189 1834.6473 1044.4279    32     7     7  1919    62
 190 2179.5000 1045.4611    35     7     7  2033   328
 191 1993.3692 1046.0359    37     7     6  2477   174
 192 2158.8811 1047.7203    33     7     7  1936   239
 193 1973.5090 1048.0808    38     7     6  2568    -1
 194 2138.2723 1049.8200    33     7     6  1975   269
 195 1953.7500 1050.0771    35     7     6  2450   156
 196 2309.9138 1051.2241    29     6     6  1537   306
 197 2117.8873 1051.8988    34     7     6  2046   117
 198 1934.0847 1052.0659    36     8     6  2544   100
 199 2288.4474 1053.3860    30     7     6  1614   206
 200 2097.2724 1053.9038    33     7     6  1962   288
 201 1914.4740 1054.1984    35     7     6  2559    85
 202 2267.1028 1055.6986    29     6     6  1591   361
 203 2076.9957 1055.9232    32     6     6  1945   324
 204 1894.9073 1056.1305    39     8     7  2770    74
 205 2246.1012 1057.7601    30     6     6  1673   227
 206 2056.7962 1058.0687    34     7     6  2122   377
 207 1875.5066 1058.2440    36     7     7  2714    39
 208 2225.1132 1059.8868    32     6     6  1812   219
 209 2036.6133 1060.1024    37     7     6  2353   372
 210 1856.1960 1060.2035    38     7     7  2831    45
 211 2204.0959 1061.9163    32     6     6  1845   339
 212 2016.4842 1062.1555    36     7     6  2369   205
 213 1837.2848 1062.1623    30     6     6  1802    84
 214 2183.3145 1063.9982    34     7     6  1975    95
 215 1996.4754 1064.1814    36     7     6  2409   181
 216 2078.7004 1065.0142    41     7     6  2544   225
 217 2162.6213 1066.1426    33     7     6  1955   330
 218 1976.5492 1066.1815    34     7     6  2350   154
 219 2141.8722 1068.1440    33     7     6  1959   179
 220 1956.7017 1068.1996    37     7     7  2539   122
 221 2314.0281 1070.1517    30     6     6  1589    -1
 222 1936.9681 1070.1911    39     8     7  2672    98
 223 2121.3352 1070.2346    35     7     6  2108   270
 224 2292.8675 1072.2179    31     7     6  1667   231
 225 1917.3527 1072.2401    38     7     7  2708    80
 226 2100.9216 1072.2582    35     7     7  2056   268
 227 2089.4697 1073.3788    20     6     5  1231   410
 228 1897.6971 1074.2692    39     7     7  2782    -1
 229 2271.3601 1074.4231    30     7     6  1643   187
 230 2080.3445 1074.5152    32     7     7  1928   259
 231 1878.2760 1076.2111    37     7     7  2743    34
 232 2060.1290 1076.4115    34     7     7  2107   232
 233 2250.1036 1076.6953    29     6     6  1619   349
 234 1858.7580 1078.1955    38     7     7  2803    24
 235 2039.8580 1078.4671    36     7     7  2286   211
 236 2229.0891 1078.7624    29     6     6  1652   344
 237 1839.9611 1080.1355    33     7     6  1971    48
 238 2019.6713 1080.5074    38     7     7  2437   243
 239 2208.0890 1080.8517    31     6     6  1786   109
 240 1999.6216 1082.5194    38     7     7  2517   136
 241 2187.0560 1082.8918    32     7     6  1868   404
 242 1979.6054 1084.5651    38     7     7  2545   127
 243 2166.2741 1084.8821    33     7     6  1951   202
 244 1959.6720 1086.5685    38     7     7  2586   142
 245 2145.6208 1086.9924    35     7     6  2081   287
 246 1939.9383 1088.5407    39     8     7  2687    89
 247 2124.9485 1089.0042    33     7     6  2009   279
 248 2318.4000 1089.1875    31     7     6  1630   411
 249 1920.2344 1090.4860    39     7     7  2737    69
 250 2104.3770 1091.0273    36     7     6  2166   238
 251 2296.8654 1091.2692    30     6     6  1604   167
 252 1900.5160 1092.4498    37     7     7  2726    43
 253 2083.9625 1093.0425    33     7     6  2050   241
 254 2275.5769 1093.3308    34     7     6  1830   144
 255 1880.9569 1094.3594    39     8     7  2832    26
 256 2063.5000 1094.9912    37     7     6  2306   366
 257 2254.0669 1095.5701    32     7     7  1757   342
 258 1861.4696 1096.3377    38     7     7  2855    21
 259 2043.1220 1097.0100    35     7     6  2250   192
 260 2233.0410 1097.7240    31     7     6  1733   307
 261 1842.4547 1098.1202    32     6     6  1887    -1
 262 2022.9464 1098.9828    34     7     6  2222   175
 263 2211.9722 1099.7824    32     6     6  1816   186
 264 2002.8662 1100.9824    35     7     6  2318   152
 265 2191.0020 1101.8077    32     6     6  1847   320
 266 1982.7986 1102.9462    36     7     6  2423    -1
 267 2170.0641 1103.8370    31     6     6  1823   317
 268 1962.8145 1104.9481    36     7     6  2474    90
 269 2149.2453 1105.7862    34     7     7  2018   291
 270 1942.8689 1106.9630    35     7     6  2452    68
 271 2128.5134 1107.7957    36     7     6  2172   258
 272 2322.7000 1108.3429    30     6     6  1570   399
 273 1923.0730 1108.9163    37     8     6  2597    53
 274 2107.9058 1109.8796    35     7     6  2132   247
 275 2300.9894 1110.6915    30     6     7  1594   137
 276 1903.3956 1110.7682    37     7     7  2674    31
 277 2087.4114 1111.7659    36     7     7  2240   230
 278 2279.7177 1112.6774    31     7     6  1674   169
 279 1883.6748 1112.6873    39     7     7  2831    23
 280 2066.8933 1113.7356    36     7     7  2250   212
 281 1864.2257 1114.5427    39     7     7  2887    14
 282 2258.1774 1114.5581    32     7     7  1755   355
 283 2046.4903 1115.6586    36     7     7  2317    -1
 284 1845.1475 1116.3780    33     7     7  1945    66
 285 2237.0333 1116.7833    30     6     6  1680   311
 286 2026.3190 1117.5585    38     7     7  2447   178
 287 2215.9419 1118.7884    31     6     6  1765   329
 288 2006.0043 1119.4760    39     8     7  2533   131
 289 2194.8614 1120.7410    32     7     6  1849   302
 290 1985.8322 1121.3909    37     7     7  2455   249
 291 2173.9746 1122.7645    33     6     7  1926   380
 292 1965.8216 1123.2957    38     7     7  2556    91
 293 2153.0342 1124.7638    34     6     7  2007   365
 294 1945.8609 1125.1334    38     7     7  2601    56
 295 2132.2464 1126.6368    36     7     7  2151   373
 296 1926.0214 1127.0338    36     8     6  2525    47
 297 2327.0238 1127.8175    30     6     6  1563   281
 298 2111.5073 1128.5829    37     7     7  2260   267
 299 1906.1612 1129.0368    36     7     6  2588    27
 300 2305.4583 1129.8542    32     7     6  1696   182
 301 2090.8428 1130.4409    37     7     7  2273   381
 302 1886.4931 1130.9455    38     7     6  2771    18
 303 2284.1218 1131.8445    30     6     6  1619   332
 304 2070.3475 1132.2892    37     7     7  2296   204
 305 1866.8524 1132.9519    37     7     7  2724    13
 306 2262.4811 1133.8333    33     7     6  1809   138
 307 2049.8326 1134.2287    37     7     7  2307    -1
 308 1847.8147 1134.7448    33     7     6  1936    40
 309 2241.2065 1135.8641    32     7     6  1784   256
 310 2029.4776 1136.1884    36     7     6  2336   150
 311 2220.0046 1137.8853    33     6     6  1868   368
 312 2009.1993 1138.0567    36     7     6  2382    -1
 313 2198.8661 1139.8780    34     7     6  1954   299
 314 1988.9991 1140.0060    35     8     6  2337   135
 315 2177.7727 1141.7552    36     7     7  2086   390
 316 1968.8776 1141.9755    35     7     6  2383    83
 317 2156.8491 1143.7044    36     7     7  2118   370
 318 1948.8161 1143.9461    36     7     6  2477    51
 319 2135.9000 1145.6229    34     7     7  2050    -1
 320 1928.8208 1145.7887    39     7     7  2667    37
 321 2331.8390 1147.0932    30     6     6  1559   315
 322 2115.0891 1147.4457    37     7     7  2237   412
 323 1909.0346 1147.5654    40     8     7  2780    30
 324 2309.8667 1149.1333    30     6     6  1590   352
 325 2094.4153 1149.3192    37     7     7  2287   228
 326 1889.3573 1149.3538    39     7     7  2798    16
 327 2288.1694 1150.9050    32     7     6  1721   250
 328 2073.7235 1151.1635    36     7     7  2225    -1
 329 1869.5462 1151.2207    40     7     7  2888     7
 330 1850.4183 1152.9163    32     6     6  1857    28
 331 2266.8567 1153.0732    34     7     6  1857   102
 332 2053.2167 1153.1216    36     7     6  2273   163
 333 2032.8295 1154.9933    35     7     6  2275   165
 334 2245.2772 1155.0054    34     7     6  1884   331
 335 2012.4242 1156.9360    38     7     6  2494   115
 336 2224.0000 1157.0000    32     6     6  1824   382
 337 1992.1119 1158.8847    39     8     7  2553    97
 338 2202.8283 1158.9453    35     7     6  2015    99
 339 1971.9520 1160.6749    38     8     7  2546    86
 340 2181.5676 1160.8953    36     7     6  2096   264
 341 1951.8252 1162.4484    39     7     7  2648    55
 342 2160.6018 1162.8204    36     7     6  2134   244
 343 1931.7804 1164.2045    38     7     7  2631    36
 344 2139.5643 1164.7332    36     7     7  2173   233
 345 1911.9533 1166.0467    37     8     6  2600    57
 346 2118.6775 1166.5400    38     7     7  2300   371
 347 2336.0862 1166.7759    29     6     6  1508   408
 348 1892.0595 1168.0058    37     8     6  2631     6
 349 2097.8267 1168.3688    37     7     7  2254   226
 350 2314.0802 1168.6975    29     6     6  1531   384
 351 1872.3415 1169.7704    40     7     7  2858    12
 352 2077.2133 1170.1298    37     7     7  2293   185
 353 2292.5096 1170.6827    32     7     6  1704   350
 354 1853.1865 1171.4802    33     7     7  1902    19
 355 2056.6198 1172.0682    38     7     6  2384   146
 356 2270.8920 1172.6600    29     6     7  1575   345
 357 2036.0610 1174.0039    35     7     6  2258   155
 358 2249.3914 1174.3514    35     7     7  1925   337
 359 2015.6582 1175.8384    37     7     7  2438    78
 360 2227.9577 1176.2214    33     6     7  1851   305
 361 1995.3871 1177.6355    38     7     7  2520   101
 362 2206.6897 1178.1561    33     7     6  1903   290
 363 1975.0790 1179.3889    39     8     7  2589   116
 364 2185.4966 1180.1149    36     7     6  2096   286
 365 1954.9000 1181.1235    38     7     7  2580    44
 366 2164.3111 1182.0108    35     7     6  2073   265
 367 1934.8011 1182.9762    37     7     6  2564    38
 368 2143.2197 1183.9017    36     7     6  2146   198
 369 1914.7689 1184.9093    37     7     7  2605    32
 370 2122.3989 1185.7713    35     7     7  2126   218
 371 2340.6091 1186.3182    31     7     6  1605   161
 372 1894.8304 1186.6200    40     7     7  2808    10
 373 2101.4764 1187.5802    38     7     7  2324   199
 374 2318.6857 1188.0571    31     7     6  1620   359
 375 1875.0741 1188.2853    41     8     7  2893     5
 376 2080.6775 1189.3809    38     7     7  2345   158
 377 1855.8992 1190.0761    33     7     6  1893    -1
 378 2296.8261 1190.0870    30     6     6  1592   351
 379 2060.0680 1191.0551    34     7     6  2163   157
 380 2275.0118 1192.0197    32     6     6  1727    75
 381 2039.4315 1192.9815    38     7     6  2440   166
 382 2253.5759 1194.0506    34     7     6  1858   347
 383 2018.8967 1194.9262    35     7     7  2292    77
 384 2231.9896 1195.9740    32     6     6  1792   295
 385 1998.5016 1196.5524    38     7     7  2530    72
 386 2210.6681 1197.8362    36     7     6  2032   114
 387 1978.2319 1198.2384    39     7     7  2573    76
 388 2189.3410 1199.5459    37     7     7  2133   303
 389 1957.9667 1200.0190    36     8     6  2430    33
 390 2168.1107 1201.3121    36     7     7  2098   271
 391 1937.7729 1201.9311    36     7     6  2489    15
 392 2147.0108 1203.0046    34     7     6  2023   245
 393 1917.6581 1203.6247    39     7     7  2728    22
 394 2126.0099 1205.0014    33     7     6  2003   214
 395 1897.6687 1205.3276    39     7     7  2762     9
 396 2344.8929 1206.2321    29     6     6  1506   223
 397 2105.0156 1206.9505    35     8     6  2134   177
 398 1877.8272 1207.0105    37     7     6  2663     0
 399 2322.9328 1207.9776    32     6     6  1667   222
 400 2084.2919 1208.6298    37     7     7  2297   176
 401 1858.4478 1208.9261    32     6     6  1830     4
 402 2301.1629 1209.8820    30     6     6  1589   313
 403 2063.5162 1210.3586    37     7     7  2345   128
 404 2279.3387 1211.8871    32     7     6  1724    63
 405 2042.8109 1212.0347    36     7     6  2305   364
 406 2257.7895 1213.6974    31     7     6  1702   385
 407 2022.2315 1213.9919    37     7     6  2405   111
 408 2236.1250 1215.4674    33     6     7  1834   293
 409 2001.6599 1215.6631    39     7     7  2563    61
 410 2214.7172 1217.1878    34     7     7  1921   130
 411 1981.3742 1217.3354    39     7     7  2594    -1
 412 1961.0183 1219.0278    37     8     6  2479    65
 413 2193.2030 1219.0602    35     7     6  2016   367
 414 1940.7734 1220.9167    37     7     7  2534    20
 415 2172.0000 1221.0000    32     6     6  1888    -1
 416 1920.5719 1222.5497    39     7     7  2715    11
 417 2150.8121 1222.8424    35     7     7  2080   215
 418 1900.5250 1224.2403    40     7     7  2801     3
 419 2129.6530 1224.3989    37     7     7  2216   196
 420 1880.6467 1225.9412    38     7     6  2725     1
 421 2327.5000 1225.9545     8     5     2   411   360
 422 2108.6680 1226.1273    37     7     7  2231   374
 423 1861.2111 1227.6333    34     7     7  1925    -1
 424 2087.7753 1227.9588    36     7     6  2225   173
 425 2305.7321 1229.2143    31     6     6  1606   383
 426 2066.8785 1229.8226    37     7     7  2315   129
 427 2046.2170 1231.3774    39     7     7  2480   168
 428 2283.7414 1231.4793    34     7     7  1845   263
 429 2025.4731 1233.1140    38     7     6  2457    92
 430 2261.9475 1233.3232    32     6     7  1781   326
 431 2004.9110 1234.9484    37     7     7  2412    67
 432 2240.0833 1235.0648    32     6     6  1816   327
 433 1984.4954 1236.5412    39     7     7  2605    -1
 434 2218.8418 1236.9836    35     7     6  2025   282
 435 1964.1089 1238.1200    37     7     7  2479    41
 436 2197.2800 1238.8733    36     7     6  2100   251
 437 1943.7733 1239.9444    36     7     6  2466    17
 438 2175.8855 1240.5203    37     7     7  2195    -1
 439 1923.5280 1241.5935    39     7     7  2699    -1
 440 2154.5682 1242.1982    38     7     7  2281   217
 441 1903.4179 1243.2333    38     7     7  2680     8
 442 2133.4310 1244.0143    37     7     6  2270   194
 443 1883.4262 1244.9184    39     7     7  2777     2
 444 2112.3539 1245.7270    38     7     7  2345    -1
 445 1864.1167 1246.5485    36     7     7  2027    -1
 446 2091.3750 1247.4093    39     7     7  2446   162
 447 2070.3945 1249.0913    37     7     6  2381   140
 448 2049.6162 1250.8060    38     7     7  2485   132
 449 2028.7644 1252.4375    40     7     7  2624    70
 450 2008.2340 1254.0587    37     7     7  2489    64
 451 1987.6557 1255.8261    38     7     7  2587    52
 452 1967.2778 1257.4438    40     7     7  2729    42
 453 1946.8043 1258.9549    37     7     7  2527    46
 454 1926.5832 1260.5816    39     7     7  2587    29
 455 1906.3837 1262.0590    38     7     7  2476    25
 456 1886.2143 1263.7544    36     7     6  2374    58
 457 1867.3955 1264.5149    21     6     6  1117    -1
