487
   0 1665.5769  924.5769     5     2     4   263    -1
   1 1667.3487  931.4916    11     4     3   669    -1
   2 1690.3383  933.3191   110    39     7  6075   455
   3 1640.3450  934.0943    18     5     4  1287   476
   4 1730.7365  948.3084    32     6     6  1934   475
   5 1712.9252  950.1891    35     7     6  2773   465
   6 1694.4780  952.2968    34     7     6  2837   456
   7 1676.2274  954.3075    35     7     7  3023   451
   8 1658.1123  956.3956    36     7     7  3247   442
   9 1640.0712  958.5248    36     7     7  3374   428
  10 1622.1005  960.6729    37     7     7  3487   407
  11 1604.1735  962.7510    37     7     7  3559   376
  12 1388.4521  963.4776    13     5     4   963   478
  13 1586.3567  964.7759    37     7     7  3637   359
  14 1733.1038  965.1248    32     7     6  2173   472
  15 1745.0227  965.5227    31     4    27  1594    -1
  16 1568.6301  966.8227    36     7     7  3591   346
  17 1714.9495  967.0513    35     7     6  3125   454
  18 1550.9343  968.9092    33     7     6  3407   332
  19 1696.5467  969.2275    36     7     7  3257   445
  20 1533.2017  970.8883    35     7     6  3594   327
  21 1678.2553  971.2791    37     7     7  3321   440
  22 1515.7594  972.8901    35     7     6  3616   306
  23 1660.0802  973.3336    36     7     7  3284   436
  24 1498.1261  974.8885    35     7     6  3665   280
  25 1641.9724  975.4691    35     7     7  3238   427
  26 1480.8715  976.8941    34     7     6  3603   269
  27 1623.9437  977.5586    36     7     7  3337   402
  28 1463.4510  978.8490    36     7     6  3780   240
  29 1605.9822  979.6304    35     6     7  3322   390
  30 1446.0886  980.8725    34     7     6  3681   214
  31 1588.0784  981.6772    37     7     7  3458   378
  32 1735.3520  982.2330    34     7     6  2288   470
  33 1428.9502  982.8834    33     6     6  3627   195
  34 1570.2559  983.6615    37     7     7  3534   363
  35 1717.0844  984.2568    37     7     7  3219   453
  36 1411.8986  984.8424    32     6     7  3542   193
  37 1552.4983  985.6608    37     7     7  3616   334
  38 1698.6005  986.3838    37     7     7  3322   444
  39 1394.8682  986.8110    33     7     7  3589   176
  40 1534.8318  987.6424    37     7     7  3550   310
  41 1680.3084  988.4766    39     7     7  3443   439
  42 1377.8819  988.7592    33     6     7  3606   180
  43 1517.1735  989.6109    35     7     7  3517   286
  44 1662.0390  990.5170    36     7     7  3273   432
  45 1360.9386  990.6902    32     6     7  3335   187
  46 1499.6911  991.5787    36     7     7  3642   268
  47 1344.0405  992.5771    32     6     7  3169   161
  48 1643.8796  992.5890    36     7     7  3328   417
  49 1482.1475  993.4984    35     7     7  3577   246
  50 1327.2306  994.5111    33     6     7  3090   160
  51 1625.7761  994.6400    38     7     7  3479   401
  52 1464.8402  995.4530    35     7     7  3602   229
  53 1310.8161  996.4577    29     6     6  2089   237
  54 1607.7396  996.6282    37     7     7  3457   396
  55 1447.4496  997.3585    36     7     7  3764   210
  56 1589.8058  998.6301    37     7     7  3495   382
  57 1430.1563  999.2679    34     7     7  3600   211
  58 1737.5762  999.7595    31     7     6  2101   473
  59 1571.9322 1000.5862    36     7     7  3459   353
  60 1413.0565 1001.1873    33     6     7  3553   184
  61 1719.2504 1001.7327    38     7     7  3318   450
  62 1554.1055 1002.5196    37     7     7  3533   320
  63 1396.0079 1003.1412    33     6     6  3601   157
  64 1700.7070 1003.7627    38     7     7  3354   438
  65 1536.3608 1004.4506    37     7     7  3653   312
  66 1378.9782 1005.0759    33     6     6  3645   137
  67 1682.3237 1005.7674    37     7     7  3342   434
  68 1518.7167 1006.3894    38     7     7  3727   283
  69 1361.9868 1007.0123    32     6     6  3640   113
  70 1664.0000 1007.8499    38     8     7  3366   422
  71 1501.0923 1008.2534    36     7     7  3588   266
  72 1344.9952 1008.9933    32     6     6  3678    73
  73 1645.7627 1009.8209    37     7     7  3380   416
  74 1483.5826 1010.2381    35     7     7  3663   245
  75 1328.1708 1010.9515    33     6     6  3661    52
  76 1627.6126 1011.7680    37     7     7  3458   400
  77 1466.0790 1012.1091    34     7     6  3560   217
  78 1311.6548 1012.8431    30     7     6  2424   182
  79 1609.5524 1013.7458    36     7     7  3460   383
  80 1448.8483 1014.0722    35     7     6  3688   200
  81 1591.5424 1015.6954    36     7     7  3499   365
  82 1431.4159 1016.0648    35     7     6  3701   162
  83 1739.7543 1017.0326    32     6     6  2182   469
  84 1573.5908 1017.6232    37     7     7  3612   333
  85 1414.1046 1018.0250    34     7     6  3683   147
  86 1721.3645 1019.0194    38     7     6  3317   449
  87 1555.7344 1019.5393    38     7     7  3632   308
  88 1396.9867 1019.9437    32     6     6  3626   127
  89 1702.8869 1021.0070    35     7     6  3174   435
  90 1537.9671 1021.3967    36     6     7  3532   318
  91 1379.9309 1021.8879    33     6     6  3648   121
  92 1684.2952 1023.0181    37     7     6  3344   418
  93 1520.1795 1023.2964    36     7     7  3588   272
  94 1362.9346 1023.7417    34     6     7  3665    84
  95 1665.9929 1024.9990    33     7     6  3125   424
  96 1502.5507 1025.2297    36     7     7  3694   254
  97 1346.0046 1025.5203    33     6     7  3616    54
  98 1647.7716 1026.9607    36     7     6  3354   414
  99 1485.0208 1027.0489    32     6     6  3449   236
 100 1329.1384 1027.2919    33     6     7  3663    44
 101 1629.4751 1028.9325    38     7     6  3507   388
 102 1467.4594 1029.0663    37     7     6  3773   197
 103 1312.3982 1029.1355    30     6     6  2463   117
 104 1611.2721 1030.9048    36     7     6  3428   368
 105 1450.0020 1031.0020    32     6     6  3572   170
 106 1432.7639 1032.8823    35     7     6  3717   166
 107 1593.2211 1032.8849    36     7     7  3460   348
 108 1741.9786 1034.5536    33     7     7  2210   467
 109 1415.3618 1034.7998    37     7     7  3855   133
 110 1575.2707 1034.8069    38     7     7  3601   330
 111 1723.5404 1036.4754    37     7     7  3312   446
 112 1398.1232 1036.6466    36     7     7  3785   105
 113 1557.3569 1036.6723    38     7     7  3647   313
 114 1381.0412 1038.4272    35     6     7  3729    82
 115 1704.9183 1038.4282    39     7     7  3370   426
 116 1539.4913 1038.5400    37     7     7  3699   273
 117 1364.0186 1040.2063    35     6     7  3742    60
 118 1521.7330 1040.3696    38     7     7  3733   249
 119 1686.4275 1040.4156    37     7     7  3367   415
 120 1347.0342 1042.0723    32     6     6  3674    53
 121 1504.0135 1042.1502    36     6     7  3621   261
 122 1667.9743 1042.3103    37     7     7  3326   404
 123 1330.0459 1044.0104    32     6     6  3714    34
 124 1486.3314 1044.1318    36     7     6  3674   231
 125 1649.5889 1044.2759    38     7     7  3475   394
 126 1313.3619 1045.8776    29     6     6  2406   123
 127 1468.9474 1045.9830    35     7     6  3688   204
 128 1631.3372 1046.1850    37     7     7  3447   372
 129 1451.2733 1047.9377    35     7     6  3717   167
 130 1613.1123 1048.0646    35     7     6  3321   373
 131 1433.9212 1049.8626    35     6     7  3697   153
 132 1595.0050 1050.0050    33     7     6  3248   358
 133 1416.6180 1051.6293    36     7     7  3842   126
 134 1576.9903 1051.9988    32     6     6  3256   340
 135 1744.1998 1052.1821    33     7     6  2213   468
 136 1399.2483 1053.3603    35     7     7  3776    98
 137 1558.9946 1053.9703    33     6     6  3332   307
 138 1725.7921 1054.0379    36     7     6  3200   448
 139 1382.0869 1055.1337    34     6     7  3690    71
 140 1541.0525 1055.8055    37     7     7  3575   284
 141 1707.0561 1056.0039    35     7     6  3149   431
 142 1365.0291 1057.0305    32     6     6  3681    68
 143 1523.2470 1057.5510    38     7     7  3722   260
 144 1688.4653 1057.9583    38     7     6  3399   411
 145 1347.9518 1058.9408    32     6     6  3685    23
 146 1505.4576 1059.3465    37     7     7  3785   227
 147 1669.9645 1059.9817    35     7     6  3199   393
 148 1330.9921 1060.7802    35     6     7  3788    14
 149 1487.8611 1061.1341    36     7     7  3694   218
 150 1651.5612 1061.8048    37     7     7  3402   384
 151 1314.2175 1062.4499    30     6     7  2438   136
 152 1470.0599 1063.0376    34     7     6  3629   178
 153 1633.2134 1063.7429    38     7     7  3477   369
 154 1452.6941 1064.9034    36     7     6  3778   165
 155 1614.9565 1065.5983    37     7     7  3447   356
 156 1435.0901 1066.8000    36     7     7  3803   143
 157 1596.7485 1067.3724    40     7     7  3662   328
 158 1417.8195 1068.5672    35     7     7  3744   135
 159 1578.6681 1069.2243    38     7     7  3601   339
 160 1746.5623 1069.9579    35     7     6  2296   464
 161 1400.4323 1070.2639    36     7     7  3867   101
 162 1560.6544 1071.0897    37     7     6  3566   287
 163 1727.9084 1071.8929    39     8     7  3309   441
 164 1383.1063 1072.0873    34     7     6  3694    57
 165 1542.7266 1072.9588    36     7     6  3570   274
 166 1709.2010 1073.7350    39     7     7  3388   423
 167 1365.9830 1073.9782    32     6     6  3685    29
 168 1524.7832 1074.8651    37     7     7  3644   264
 169 1690.5214 1075.5861    37     7     7  3394   419
 170 1348.9377 1075.8013    35     6     7  3781     5
 171 1506.9341 1076.6573    36     6     7  3650   253
 172 1671.9793 1077.4160    39     8     7  3450   410
 173 1331.9938 1077.4694    35     6     7  3775     0
 174 1489.1909 1078.3277    36     7     7  3686   213
 175 1315.2329 1079.2028    30     6     6  2496   100
 176 1653.4937 1079.2965    38     7     7  3482   370
 177 1471.5202 1080.1665    37     7     7  3835   202
 178 1635.0848 1081.0670    36     7     7  3322   349
 179 1453.9904 1081.9894    32     6     6  3574   188
 180 1616.8489 1083.0202    35     7     6  3361   360
 181 1436.3871 1083.8445    37     7     7  3879   141
 182 1598.5344 1084.9025    38     7     6  3587   323
 183 1418.9626 1085.6290    36     6     7  3793   110
 184 1580.3852 1086.7435    38     7     7  3625   314
 185 1401.6350 1087.2893    37     7     7  3910    86
 186 1748.7481 1087.8969    33     6     6  2174   463
 187 1562.2776 1088.5270    39     7     7  3690   297
 188 1384.2176 1089.0941    36     7     6  3808    46
 189 1730.1839 1089.5976    40     7     7  3414   437
 190 1544.2226 1090.2158    38     7     7  3645   258
 191 1367.0056 1090.9463    33     6     6  3707    19
 192 1711.3911 1091.4101    38     7     7  3379   425
 193 1526.1971 1092.0625    35     7     6  3533   225
 194 1349.9330 1092.6815    35     6     7  3766    21
 195 1692.5808 1093.2689    38     7     7  3397   406
 196 1508.3713 1093.8926    37     7     6  3707   222
 197 1332.9760 1094.2906    35     6     7  3832    11
 198 1673.9832 1095.0258    37     8     6  3305   381
 199 1490.6207 1095.7104    36     7     7  3763   198
 200 1316.1029 1096.0198    32     6     6  2635    70
 201 1655.4422 1096.9943    38     7     6  3492   386
 202 1472.9052 1097.3707    38     7     7  3857   172
 203 1636.9803 1098.9489    37     7     7  3376   374
 204 1455.1806 1099.1307    37     7     7  3832   139
 205 1618.5831 1100.6644    39     7     7  3611   337
 206 1437.7551 1100.9468    36     7     6  3819   145
 207 1600.3389 1102.4239    38     7     7  3582   325
 208 1420.1116 1102.7785    36     7     7  3847    94
 209 1582.0511 1104.1183    37     7     7  3503   298
 210 1402.8026 1104.4533    36     7     7  3836   102
 211 1751.0064 1105.7011    35     7     7  2297   466
 212 1563.9660 1106.0000    34     7     6  3348   289
 213 1385.3545 1106.1414    36     7     7  3841    47
 214 1732.4329 1107.4528    38     7     7  3361   443
 215 1545.8470 1107.8910    37     7     7  3487   277
 216 1368.0336 1107.9786    33     6     6  3706    40
 217 1713.4628 1109.2840    40     7     7  3477   405
 218 1527.8243 1109.4764    37     7     7  3506   248
 219 1350.9402 1109.6960    36     6     7  3831    36
 220 1694.7318 1111.0777    38     7     7  3380   397
 221 1509.9039 1111.1774    36     7     7  3595   205
 222 1333.9223 1111.2584    35     6     7  3836     7
 223 1316.9902 1112.9390    32     6     6  2616   103
 224 1675.9917 1112.9993    37     8     6  3294   371
 225 1492.0000 1113.0000    32     6     6  3488   190
 226 1657.4031 1114.7793    39     7     7  3518   343
 227 1474.1817 1114.8305    37     7     7  3820   174
 228 1456.5465 1116.4886    37     7     7  3956   149
 229 1638.8620 1116.5698    41     7     7  3641   357
 230 1438.9664 1118.0952    35     6     7  3761   134
 231 1528.5193 1118.1580    46     7     7  4528   191
 232 1620.4575 1118.3125    39     7     7  3619   329
 233 1421.2956 1119.9653    36     7     6  3816   104
 234 1602.0533 1120.0238    36     7     7  3394   311
 235 1403.9174 1121.7443    36     6     7  3822    72
 236 1583.8237 1121.9269    36     7     7  3456   290
 237 1386.4933 1123.2946    37     7     7  3948    67
 238 1565.5630 1123.6109    37     7     7  3627   265
 239 1753.2672 1123.7751    35     7     7  2317   460
 240 1369.0530 1125.0402    32     6     6  3629    33
 241 1547.4464 1125.3124    38     7     7  3616   279
 242 1734.5544 1125.4655    39     7     7  3401   429
 243 1537.2982 1126.3587    23     6     5  2240   392
 244 1351.9437 1126.8322    36     6     7  3844    22
 245 1529.2411 1127.0908    35     7     6  3407   257
 246 1715.6301 1127.2244    40     7     7  3484   389
 247 1334.8615 1128.3723    37     7     7  3972    16
 248 1511.3616 1128.8123    37     7     7  3685   221
 249 1696.8251 1129.0100    36     7     6  3255   380
 250 1317.9057 1129.9842    31     6     6  2531    93
 251 1493.4687 1130.4871    37     7     7  3861   207
 252 1678.0294 1130.9378    39     8     7  3412   391
 253 1475.6774 1132.1498    37     7     7  3846   171
 254 1659.4224 1132.6267    38     7     7  3486   379
 255 1457.9561 1133.9685    35     7     6  3688   159
 256 1640.7876 1134.3325    40     7     7  3582   344
 257 1440.1599 1135.6190    37     7     7  3876   138
 258 1622.2453 1136.1045    38     7     7  3498   304
 259 1422.6031 1137.2229    39     7     7  4036   114
 260 1603.8781 1137.9536    36     7     7  3416   302
 261 1404.9955 1138.9921    32     6     6  3618    74
 262 1585.5187 1139.5854    37     7     7  3619   281
 263 1387.6563 1140.6463    37     7     7  3948    81
 264 1567.2483 1141.2284    38     7     7  3616   244
 265 1755.6955 1142.0102    34     7     6  2237   462
 266 1370.1655 1142.1973    37     7     7  3898    43
 267 1548.9985 1143.0126    33     7     6  3277   251
 268 1736.7555 1143.5711    40     7     7  3448   420
 269 1352.9661 1143.9665    32     6     6  3677    15
 270 1530.9324 1144.7881    37     7     7  3589   230
 271 1717.7864 1145.2765    39     7     7  3413   399
 272 1335.8117 1145.5964    35     7     7  3877     9
 273 1512.8797 1146.3197    38     7     7  3725   212
 274 1698.9242 1147.0154    38     8     6  3324   387
 275 1318.8272 1147.0790    31     7     6  2531   131
 276 1494.9815 1148.0027    34     7     6  3538   208
 277 1680.1022 1148.9167    38     7     7  3383   361
 278 1476.9958 1149.8077    36     6     7  3724   155
 279 1661.4313 1150.5712    39     7     7  3550   342
 280 1459.1780 1151.3172    39     7     7  3919   132
 281 1642.6969 1152.2882    40     7     7  3610   336
 282 1441.4401 1153.0179    38     7     6  3937   125
 283 1624.1181 1154.0150    36     7     6  3371   319
 284 1423.8478 1154.7540    37     7     7  3834   109
 285 1605.6399 1155.7626    39     7     7  3637   285
 286 1406.1809 1156.2596    37     7     7  3884    87
 287 1587.3098 1157.3789    40     7     7  3751   278
 288 1388.8143 1157.9578    36     7     6  3814    61
 289 1568.9479 1159.0196    36     7     7  3461   262
 290 1371.2513 1159.5827    39     7     7  4053    35
 291 1757.7624 1160.0358    34     7     6  2245    -1
 292 1550.6692 1160.7870    38     7     7  3691   256
 293 1353.9881 1161.0973    35     6     7  3846    28
 294 1739.0866 1161.8312    39     8     7  3336   430
 295 1532.4900 1162.4260    37     7     7  3755   203
 296 1336.7880 1162.8469    38     7     7  3990    18
 297 1720.0292 1163.5000    41     8     7  3522   408
 298 1514.3294 1164.0504    39     7     7  3814   168
 299 1319.7301 1164.3119    32     7     7  2578    77
 300 1701.0527 1165.1546    40     8     7  3442   447
 301 1496.3299 1165.7360    39     7     7  3861   177
 302 1682.1568 1166.9925    36     7     6  3260   345
 303 1478.3962 1167.3247    39     7     7  3935   151
 304 1663.3965 1168.6439    40     7     7  3584   341
 305 1460.5375 1168.9707    38     7     6  3899   140
 306 1644.6313 1170.3320    40     7     7  3637   322
 307 1442.7494 1170.6341    38     7     7  3913   122
 308 1626.0223 1172.0066    37     8     6  3374   293
 309 1425.0130 1172.1004    36     6     7  3802   120
 310 1607.4878 1173.6723    41     7     7  3774   301
 311 1407.3564 1173.8374    37     7     7  3898    79
 312 1589.0003 1175.2836    38     8     7  3605   315
 313 1389.8711 1175.3633    38     7     7  3956    50
 314 1570.6268 1176.9772    38     7     6  3675   238
 315 1372.2828 1177.0071    36     7     6  3849    42
 316 1760.1998 1178.3571    36     7     7  2353   458
 317 1552.3076 1178.6411    40     7     7  3814   224
 318 1354.9524 1178.6510    37     6     7  3930    30
 319 1741.3661 1180.0741    39     7     7  3347   413
 320 1337.7488 1180.1007    36     7     7  3934    20
 321 1534.0426 1180.1640    37     7     7  3612   239
 322 1320.4930 1181.8126    31     7     6  2545   116
 323 1722.2291 1181.8214    40     7     7  3425   377
 324 1515.9243 1181.9373    37     7     7  3620   201
 325 1703.2665 1183.4479    40     7     7  3516   364
 326 1497.8016 1183.4567    40     7     7  3893   156
 327 1479.8900 1185.0301    36     7     7  3677   196
 328 1684.2523 1185.1345    38     7     7  3394   350
 329 1461.8953 1186.7248    38     7     7  3848   148
 330 1665.4100 1186.8574    40     7     7  3578   326
 331 1444.0195 1188.1634    36     6     7  3752   119
 332 1646.5500 1188.4982    39     7     7  3589   300
 333 1426.1805 1189.8830    37     7     7  3850    78
 334 1627.9030 1190.0831    39     7     7  3538   309
 335 1408.5785 1191.3882    37     7     7  3952    76
 336 1609.3024 1191.7914    39     7     7  3635   282
 337 1390.9872 1192.9892    32     6     6  3597    55
 338 1590.7250 1193.3722    40     7     7  3769   252
 339 1373.4047 1194.5127    37     7     7  3981    24
 340 1572.2627 1195.0083    37     7     6  3607   241
 341 1356.0014 1196.0024    32     6     6  3678     4
 342 1553.9116 1196.6378    38     7     7  3693   234
 343 1762.6307 1196.9938    35     7     6  2232   403
 344 1338.6664 1197.6174    37     7     7  4056     2
 345 1535.6444 1198.1739    39     7     7  3799   185
 346 1743.5751 1198.5343    40     7     7  3398   409
 347 1321.3551 1199.0674    30     6     6  2501    37
 348 1517.4026 1199.7673    40     7     7  3878   192
 349 1724.4180 1200.1492    41     7     7  3464   367
 350 1499.2800 1201.3081    39     7     7  3836   179
 351 1705.3669 1201.8588    40     7     7  3480   347
 352 1481.1143 1202.9530    37     7     7  3722   144
 353 1686.3770 1203.4466    40     7     7  3537   352
 354 1463.2158 1204.4212    40     7     7  3967   158
 355 1667.3807 1205.0999    39     7     7  3492   305
 356 1445.2432 1206.0038    36     7     6  3759    99
 357 1648.5846 1206.7158    40     7     7  3608   288
 358 1427.4952 1207.5506    37     7     7  3927    97
 359 1629.7727 1208.3260    40     7     7  3632   276
 360 1409.8523 1209.0496    36     7     7  3787    66
 361 1611.0991 1209.9924    37     7     6  3434   270
 362 1392.0648 1210.6612    37     6     7  3872    39
 363 1592.5141 1211.5249    37     7     7  3620   243
 364 1374.4859 1212.1066    38     7     7  3959    27
 365 1574.0193 1213.0457    38     7     7  3562   235
 366 1356.9835 1213.7034    36     6     7  3889    25
 367 1555.5764 1214.6572    39     7     7  3808   220
 368 1339.6511 1215.1148    38     7     7  4091    32
 369 1764.8924 1215.3924    35     7     7  2224   461
 370 1537.1957 1216.1718    38     7     7  3704   154
 371 1322.3028 1216.7288    31     6     7  2564    91
 372 1745.8758 1217.0072    39     8     7  3198   412
 373 1518.9551 1217.8404    37     7     7  3654   189
 374 1726.6086 1218.6719    39     7     7  3340    -1
 375 1500.7357 1219.2830    40     7     7  3922   152
 376 1707.4744 1220.2931    41     7     7  3495   355
 377 1482.6194 1220.8265    39     7     7  3901    -1
 378 1688.4205 1221.9182    39     7     7  3435   331
 379 1464.5540 1222.3663    39     7     7  3969   106
 380 1669.4689 1223.4854    39     7     7  3525   351
 381 1446.6463 1223.8750    38     7     7  3868    83
 382 1650.5044 1225.0822    40     7     7  3587   294
 383 1428.7620 1225.3535    39     7     7  3977    96
 384 1631.6362 1226.6808    39     7     7  3587   271
 385 1410.9749 1226.9497    35     6     7  3700    69
 386 1612.9605 1228.1741    39     8     7  3570   317
 387 1393.1706 1228.2890    38     7     7  3919    49
 388 1594.3237 1229.7976    39     7     7  3657   259
 389 1375.6228 1229.8578    39     7     7  4010    41
 390 1357.9981 1231.2176    36     6     7  3886     3
 391 1575.7149 1231.3042    40     7     7  3782   216
 392 1340.6014 1232.7983    38     7     7  4099     1
 393 1557.1909 1232.8937    38     7     7  3660   263
 394 1767.2617 1234.1213    37     7     6  2320   459
 395 1323.2784 1234.1320    30     6     6  2538   115
 396 1538.7954 1234.3287    40     7     7  3845   209
 397 1748.2193 1235.6963    41     7     7  3354   398
 398 1520.4847 1235.8733    40     7     7  3894   183
 399 1728.8784 1237.2221    39     8     7  3274   385
 400 1502.2260 1237.3491    40     7     7  3909   219
 401 1709.6464 1238.8551    40     7     7  3366   354
 402 1484.0057 1238.9300    36     6     7  3635   124
 403 1465.9567 1240.2874    38     7     7  3838   108
 404 1690.4898 1240.4338    40     7     7  3465   335
 405 1447.9604 1241.8976    37     7     7  3744   199
 406 1671.4633 1241.9840    40     7     8  3498   316
 407 1430.0023 1243.2135    36     6     7  3751    75
 408 1652.5082 1243.5348    40     7     7  3580   292
 409 1412.0827 1244.8294    36     7     7  3770    56
 410 1633.5968 1245.0793    40     7     7  3602   295
 411 1394.3013 1246.1853    38     7     7  3918    48
 412 1614.7656 1246.6258    40     7     7  3653   275
 413 1376.6945 1247.6643    39     7     7  4032    13
 414 1596.1057 1248.0873    37     7     7  3430   250
 415 1359.0034 1249.0290    34     6     7  3766     6
 416 1577.4766 1249.5986    41     7     7  3804   228
 417 1341.5315 1250.5118    37     7     7  4135    17
 418 1558.9012 1251.0917    39     7     7  3635   233
 419 1324.2523 1251.9832    32     6     6  2670    80
 420 1540.4521 1252.5876    39     7     7  3787   186
 421 1769.6709 1253.0312    34     7     6  2133   457
 422 1522.0052 1254.0437    37     7     7  3566   175
 423 1750.4977 1254.4378    40     7     7  3319   395
 424 1503.6575 1255.5523    40     7     7  3930   142
 425 1731.1513 1256.0073    39     8     7  3186   366
 426 1485.4291 1256.9896    40     7     8  3932   163
 427 1711.7885 1257.5412    41     7     7  3433   362
 428 1467.3334 1258.4346    39     7     7  3937   130
 429 1692.6341 1259.0490    40     7     7  3417   321
 430 1449.1572 1259.9109    38     7     7  3808    88
 431 1673.5361 1260.5832    39     7     7  3417   291
 432 1431.2272 1261.2838    39     7     7  3911    89
 433 1654.4723 1262.1254    40     7     7  3479   303
 434 1413.2975 1262.7453    39     7     7  3960    62
 435 1635.5432 1263.6070    39     7     7  3502   299
 436 1395.5050 1264.1499    40     7     7  4008    59
 437 1616.6452 1265.1141    40     7     7  3591   255
 438 1377.7737 1265.5627    40     7     7  4057    58
 439 1597.8458 1266.6085    41     7     7  3681   232
 440 1360.0208 1266.9890    34     6     7  3747    10
 441 1579.1529 1268.0595    38     7     7  3496   242
 442 1342.5157 1268.3831    37     7     7  4083     8
 443 1560.5227 1269.5102    39     7     7  3710   169
 444 1325.1648 1269.8343    33     6     7  2694   128
 445 1541.9997 1270.9695    38     8     7  3521   173
 446 1771.7052 1271.3821    32     7     6  1829   471
 447 1523.5323 1272.4262    38     7     7  3729   181
 448 1752.8029 1273.0199    38     7     7  2854   452
 449 1505.1366 1273.8590    38     7     7  3705   118
 450 1733.3532 1274.7004    40     7     7  3083   433
 451 1486.9107 1275.1841    39     7     7  3808   150
 452 1713.9927 1276.2052    40     8     7  3238   375
 453 1468.6531 1276.6410    39     7     7  3922   112
 454 1694.7063 1277.7793    39     7     7  3375   338
 455 1450.5443 1278.0481    39     7     7  3915    -1
 456 1675.5224 1279.3224    42     7     7  3660   324
 457 1432.4975 1279.4529    37     7     7  3866    95
 458 1656.4775 1280.7439    41     7     7  3608   296
 459 1414.5718 1280.8271    40     7     7  3963    63
 460 1396.6932 1282.2139    38     7     7  3913    51
 461 1637.4375 1282.2961    41     7     7  3698   267
 462 1378.8911 1283.6072    39     7     7  3965    45
 463 1618.5296 1283.7092    41     7     7  3742   247
 464 1361.0221 1284.9686    35     6     7  3786    31
 465 1599.6322 1285.1506    41     7     7  3767   223
 466 1343.5031 1286.3004    39     7     7  4194    12
 467 1580.8630 1286.5929    41     7     7  3805   215
 468 1326.1240 1287.6924    32     6     7  2624    65
 469 1562.1944 1288.0052    39     7     8  3694   194
 470 1543.5788 1289.4493    42     7     7  3992   206
 471 1525.0527 1290.8403    39     7     7  3772   146
 472 1506.6472 1292.1970    41     7     7  4020   164
 473 1488.3072 1293.5837    41     7     7  4094   129
 474 1470.0018 1294.9533    40     7     8  3917   111
 475 1451.8585 1296.3030    40     7     7  4081    85
 476 1726.5667 1296.8000    40    12     7  2180   421
 477 1433.7530 1297.6846    39     7     7  4041    64
 478 1415.7875 1299.0385    39     7     8  4030    90
 479 1397.8278 1300.3288    38     7     7  4020    26
 480 1379.9728 1301.7099    37     6     7  3851    38
 481 1711.0259 1302.1897    13     5     4   766    -1
 482 1362.0613 1302.9382    35     6     7  3569    92
 483 1344.5121 1304.1734    38     7     7  3639   107
 484 1687.4424 1304.1914    17     5     4  1093   474
 485 1327.1227 1305.4776    29     6     7  2163   226
 486 1377.6667 1344.3333     9     4     4   474    -1
