486
   0  756.3471 1039.7053   372    55    19 25009    -1
   1  713.3501 1042.1945    11     4     4   897   450
   2  783.2689 1055.6375    22     5     5  1922    -1
   3  768.6299 1057.3707    27     6     6  3028    -1
   4  754.3457 1058.9440    28     6     6  3357    -1
   5  739.9427 1060.6410    29     6     6  3499   295
   6  725.6329 1062.3607    28     6     6  3604    -1
   7  711.4232 1063.9972    32     7     6  3931    -1
   8  697.2882 1065.6317    29     6     6  3674   248
   9  514.2333 1065.8722    11     3     4   730   400
  10  683.1422 1067.3581    29     6     6  3599   283
  11  669.0463 1068.9713    28     6     6  3558   286
  12  655.0405 1070.5880    29     6     6  3461   273
  13  782.7034 1071.0004    26     6     6  2657    -1
  14  641.0478 1072.3080    30     6     6  3437   292
  15  768.2684 1072.6412    28     6     6  3745    -1
  16  482.8336 1073.4515   130    33    12  7675   268
  17  627.1320 1073.8799    29     6     6  3374   304
  18  753.8139 1074.3131    31     6     6  4060    -1
  19  613.2915 1075.5000    26     6     5  3094   312
  20  739.4057 1076.0039    32     7     6  4134   217
  21  599.4505 1077.1917    29     7     6  3208   310
  22  725.0861 1077.6735    31     6     6  3925    -1
  23  585.7095 1078.6857    28     6     6  3080   327
  24  710.7769 1079.3472    30     6     6  3804    -1
  25  572.0425 1080.4050    28     6     6  2989   323
  26  696.5926 1080.9710    32     7     6  3912   220
  27  558.4180 1081.9392    28     6     6  2937   335
  28  682.4311 1082.5882    27     6     6  3470   265
  29  544.8397 1083.5380    26     6     5  2772   347
  30  668.3512 1084.2856    28     6     6  3490   256
  31  531.3406 1085.2052    28     6     6  2774   349
  32  654.2751 1085.8439    30     6     6  3559   246
  33  782.3791 1086.5354    23     5     5  2506   198
  34  517.9272 1086.6535    27     6     6  2614   354
  35  640.2857 1087.4927    27     6     6  3263   284
  36  767.7442 1088.1640    30     6     6  4018   119
  37  504.5328 1088.4250    23     5     5  2217   367
  38  626.3269 1089.0761    30     6     6  3378   278
  39  753.3117 1089.8053    30     6     6  4156   143
  40  491.2007 1089.8931    23     5     6  1992   376
  41  612.4368 1090.6291    28     6     6  3189   285
  42  738.8392 1091.4582    31     6     7  4038   154
  43  477.8995 1091.5761    20     5     5  1736   435
  44  598.5422 1092.3363    27     6     6  3079   305
  45  464.7468 1093.0738    20     5     5  1474   387
  46  724.4853 1093.1095    31     7     6  4070   144
  47  584.7716 1093.7975    30     6     6  3157   298
  48  451.5671 1094.6342    15     5     5   899   397
  49  710.1904 1094.7466    30     6     6  3913   172
  50  571.0610 1095.4666    28     6     5  2958   317
  51  695.8995 1096.3779    31     6     6  3843   170
  52  557.3979 1097.0249    27     6     6  2878   319
  53  681.7217 1097.9834    31     6     6  3873   182
  54  543.8077 1098.5527    26     6     5  2743   332
  55  667.5870 1099.5795    29     7     6  3588   210
  56  530.2537 1100.2127    28     6     6  2768   338
  57  653.4844 1101.2243    30     7     6  3611   211
  58  516.8024 1101.6351    28     6     6  2703   341
  59  781.8241 1102.1427    27     6     6  2797   133
  60  639.4611 1102.7234    29     7     6  3455   230
  61  503.3603 1103.3530    27     6     6  2581   429
  62  767.2820 1103.7676    30     6     6  4041    92
  63  625.4638 1104.3856    29     7     6  3356   254
  64  489.9758 1104.7455    27     6     6  2527   355
  65  752.7700 1105.3567    31     6     6  4180   102
  66  611.5419 1105.8613    30     7     6  3385   255
  67  476.6337 1106.3979    23     5     5  2257   366
  68  738.2950 1107.0144    31     6     6  4252    97
  69  597.6171 1107.4914    26     6     5  3050   293
  70  463.4775 1107.8508    22     5     6  1901   380
  71  723.8674 1108.6420    31     6     6  4057   121
  72  583.8345 1109.0577    28     6     6  3134   306
  73  450.2275 1109.4461    17     4     5  1184   394
  74  709.5285 1110.2436    31     7     6  4003   134
  75  570.0786 1110.5702    29     6     6  3073   320
  76  695.2435 1111.8062    30     6     6  3933   157
  77  556.3831 1112.1937    27     6     6  2950   328
  78  680.9962 1113.4347    31     6     7  3815   176
  79  542.7605 1113.6199    28     6     6  2893   340
  80  666.8479 1114.9974    30     6     6  3782   193
  81  529.1765 1115.2860    28     6     6  2825   346
  82  652.6681 1116.5659    28     6     6  3494   214
  83  515.6538 1116.7000    27     6     6  2715   356
  84  781.3889 1117.8071    26     5     6  2785   192
  85  638.6128 1118.1625    30     6     6  3583   224
  86  502.1975 1118.3989    26     6     5  2566   369
  87  766.7407 1119.4376    32     6     7  4147    79
  88  624.5884 1119.6701    28     6     6  3369   250
  89  488.8097 1119.7702    26     6     6  2514   378
  90  752.2606 1121.0305    31     6     6  4374    85
  91  610.6166 1121.2720    29     6     6  3362   262
  92  475.4225 1121.4199    23     5     5  2299    -1
  93  737.6961 1122.6530    29     6     6  4071   104
  94  596.6910 1122.7222    28     6     6  3232   275
  95  462.2442 1122.7752    23     5     6  1975   449
  96  723.2942 1124.2202    30     6     6  4109   109
  97  449.0768 1124.2971    18     4     5  1245    -1
  98  582.8461 1124.3424    29     6     6  3195   289
  99  569.0725 1125.7948    28     6     6  3103   301
 100  708.8763 1125.8366    30     6     6  4046   126
 101  694.5604 1127.3709    30     7     6  3885   139
 102  555.3483 1127.4001    28     6     6  3002   318
 103  541.6964 1128.8084    28     6     6  2953   326
 104  680.2714 1128.9242    31     6     6  3978   164
 105  528.0835 1130.4314    28     6     6  2843   339
 106  666.0673 1130.4955    31     6     7  3778   189
 107  514.5544 1131.8467    27     6     6  2746   353
 108  651.9100 1132.0362    28     6     6  3649   174
 109  501.0464 1133.4382    27     6     5  2644   363
 110  637.7472 1133.5751    28     6     6  3451   225
 111  781.0187 1133.6130    26     6     6  2742   168
 112  487.6094 1134.8518    25     5     6  2475   377
 113  623.7358 1135.0973    30     6     6  3561   233
 114  766.2929 1135.1797    30     6     6  4185    72
 115  474.2159 1136.4322    26     6     5  2465   398
 116  609.6949 1136.5995    28     6     6  3309   229
 117  751.7149 1136.8023    30     6     6  4315    61
 118  460.9651 1137.7663    25     6     6  2095   411
 119  595.7780 1138.1319    29     6     6  3349   252
 120  737.1686 1138.3050    32     6     7  4313    65
 121  447.8490 1139.2918    18     5     5  1241    -1
 122  581.8720 1139.6065    29     6     6  3216   277
 123  722.6470 1139.9136    32     7     6  4301    89
 124  568.0314 1141.1478    28     6     6  3135   263
 125  708.2437 1141.4452    31     6     7  4070   108
 126  554.3128 1142.5692    26     6     6  2919   314
 127  693.8824 1143.0041    31     6     6  4089    98
 128  540.5851 1144.1610    28     6     6  2975   329
 129  679.5471 1144.5394    32     7     7  3933   149
 130  526.9630 1145.5788    28     6     6  2873   308
 131  665.2884 1146.0610    31     6     6  3937   169
 132  513.3972 1147.0996    26     6     6  2701   350
 133  651.0997 1147.5864    31     6     7  3761   161
 134  499.8668 1148.5435    26     6     5  2633   357
 135  636.9527 1149.0770    29     6     6  3637   196
 136  780.4519 1149.4787    23     5     5  2605   152
 137  486.3889 1150.0244    27     6     6  2601   344
 138  622.8337 1150.5818    31     6     7  3567   209
 139  765.7806 1151.0459    31     6     6  4305    53
 140  472.9665 1151.5068    26     6     5  2479   386
 141  608.8237 1152.0814    30     6     6  3514   203
 142  751.1883 1152.6089    33     6     7  4460    36
 143  459.6891 1152.9453    24     5     6  2078   408
 144  594.7975 1153.5629    30     6     6  3359   245
 145  736.5862 1154.1035    32     7     6  4420    54
 146  446.4239 1154.4268    18     5     5  1255   451
 147  580.9091 1155.0188    28     6     6  3260   266
 148  722.0330 1155.7060    32     6     7  4279    74
 149  567.0636 1156.4865    28     6     5  3098   251
 150  707.5839 1157.1795    33     7     6  4271    70
 151  553.2386 1157.9771    29     6     6  3133   287
 152  693.1693 1158.7341    31     6     6  4057    93
 153  539.5108 1159.4758    25     6     6  2822   410
 154  678.8097 1160.1989    30     6     6  3951   101
 155  525.8520 1160.8682    29     6     6  2987   294
 156  664.5278 1161.6956    31     7     6  3891   127
 157  512.2266 1162.4121    28     6     6  2845   333
 158  650.3026 1163.1959    30     6     6  3805   140
 159  498.7025 1163.7480    28     6     6  2783   313
 160  636.1211 1164.6839    31     6     6  3714   159
 161  485.1656 1165.3037    28     6     6  2689   337
 162  780.0631 1165.4715    27     6     6  2824   120
 163  621.9671 1166.1358    30     6     6  3628   167
 164  471.7448 1166.6032    27     6     6  2551   384
 165  765.2676 1166.9591    31     6     6  4347    34
 166  607.8800 1167.6161    30     6     6  3463   195
 167  458.4123 1168.1629    23     5     6  2028   371
 168  750.6333 1168.4728    34     7     7  4498    27
 169  593.8798 1169.0743    29     6     6  3414   206
 170  445.1240 1169.5107    18     4     5  1275   448
 171  735.9752 1169.9854    32     6     6  4443    56
 172  579.9089 1170.5239    30     6     7  3300   218
 173  721.4087 1171.4917    33     7     7  4300    52
 174  566.0235 1171.9655    28     6     6  3211   236
 175  706.9122 1172.9980    31     6     6  4233    62
 176  552.2105 1173.4146    28     6     6  3051   247
 177  692.4581 1174.4823    32     7     7  4082    80
 178  538.4580 1174.7862    28     6     6  3018   264
 179  678.0559 1175.9689    28     6     6  3906   111
 180  524.7182 1176.3365    28     6     6  2935   271
 181  663.7176 1177.4331    32     6     7  3948   116
 182  511.0966 1177.6773    28     6     6  2855   288
 183  649.4739 1178.8743    32     7     6  3935   112
 184  497.4978 1179.1793    26     5     6  2675   316
 185  635.2730 1180.3413    29     6     6  3617   145
 186  483.9455 1180.5263    27     6     5  2643   324
 187  779.4748 1181.4455    25     5     6  2719    99
 188  621.0806 1181.8024    30     6     6  3603   160
 189  470.4884 1181.9422    26     5     6  2512   334
 190  764.7606 1182.9870    31     6     6  4355    25
 191  606.9471 1183.2161    31     6     6  3554   186
 192  457.1641 1183.4091    24     6     5  2102   360
 193  750.1032 1184.4342    34     6     7  4603    17
 194  443.9738 1184.6545    17     4     5  1232   395
 195  592.8945 1184.6562    30     6     6  3376   191
 196  735.3776 1185.9455    32     7     6  4516    40
 197  578.9222 1186.0858    28     6     6  3295   207
 198  720.7682 1187.3780    33     6     7  4364    37
 199  564.9954 1187.5034    31     6     7  3302   208
 200  706.2250 1188.8921    31     6     6  4266    63
 201  551.1281 1188.9182    29     6     6  3198   241
 202  691.7496 1190.3086    32     6     7  4144    73
 203  537.3449 1190.3517    28     6     6  3025   242
 204  523.5954 1191.7060    28     6     6  2973   260
 205  677.3024 1191.8093    30     6     6  4025    87
 206  509.9375 1193.1622    28     6     6  2895   267
 207  662.9429 1193.2076    31     6     6  3975    88
 208  496.3356 1194.5057    26     6     6  2693   299
 209  648.6195 1194.6821    28     6     6  3685   125
 210  482.7553 1195.8803    28     6     6  2728   303
 211  634.3955 1196.1065    32     7     6  3859   113
 212  469.2186 1197.3508    28     6     6  2633   321
 213  620.2164 1197.5174    31     6     7  3560   137
 214  779.1388 1197.6119    26     6     6  2784    55
 215  455.9028 1198.5983    24     6     5  2126   352
 216  606.0529 1198.8397    28     6     6  3337   166
 217  764.2435 1199.0457    31     6     6  4396    21
 218  442.5836 1200.0343    20     5     5  1335   391
 219  591.9190 1200.3215    30     6     6  3371   416
 220  749.5226 1200.4990    33     7     7  4523    11
 221  577.9034 1201.7479    30     6     6  3364   194
 222  734.7883 1201.9826    31     6     6  4474    32
 223  563.9572 1203.1093    29     6     6  3285   204
 224  720.1657 1203.3953    34     6     7  4461    33
 225  550.0651 1204.4946    30     6     7  3181   178
 226  705.5602 1204.8778    31     7     6  4258    47
 227  536.2267 1205.8789    29     6     6  3126   228
 228  691.0438 1206.2423    32     6     7  4204    44
 229  605.5189 1206.8273    32     6     6  3818   117
 230  522.4596 1207.3087    28     6     6  2984   244
 231  676.5580 1207.7359    32     7     7  4084    67
 232  508.7385 1208.6233    28     6     6  2901   216
 233  662.1769 1209.1006    30     6     6  3976    86
 234  495.1108 1210.0000    28     6     6  2844   280
 235  647.7905 1210.5560    31     6     7  3870    95
 236  481.5128 1211.4101    24     5     6  2523   315
 237  633.5309 1211.9334    31     7     6  3816    96
 238  467.9601 1212.6765    27     6     6  2602   272
 239  619.3515 1213.3124    28     6     6  3420   405
 240  778.4955 1213.7960    26     5     6  2854    91
 241  454.5860 1214.0679    23     5     6  2092   359
 242  611.4064 1214.1257    20     6     5  2058   276
 243  605.0260 1214.7967    28     6     6  3284   412
 244  763.7323 1215.1749    31     6     6  4340    10
 245  441.1809 1215.3995    18     4     5  1298   392
 246  590.9763 1216.0597    28     6     6  3344   165
 247  748.9766 1216.7048    32     6     7  4573     7
 248  576.8864 1217.4362    32     6     7  3435   138
 249  734.2226 1218.0476    31     6     6  4470    29
 250  562.8890 1218.8116    30     6     6  3310   158
 251  719.5069 1219.5182    33     7     7  4403    18
 252  548.9814 1220.1471    28     6     6  3151   419
 253  704.8736 1220.9372    31     6     6  4304   402
 254  535.1434 1221.5130    30     6     7  3121   181
 255  690.3325 1222.3061    31     6     7  4129    48
 256  521.3193 1222.8508    30     6     6  3105   243
 257  675.7994 1223.7622    31     6     7  4082    59
 258  507.5757 1224.2583    27     6     6  2856   257
 259  661.3752 1225.0853    32     7     6  4108    35
 260  493.8770 1225.5551    28     6     6  2798   223
 261  646.9893 1226.4786    32     6     7  3934    84
 262  480.2976 1226.8628    29     6     6  2809   187
 263  632.6374 1227.8515    31     6     6  3792   110
 264  466.6987 1228.2443    28     6     6  2663   183
 265  618.3984 1229.2226    31     6     6  3637    66
 266  453.3193 1229.4685    23     5     5  2102   307
 267  778.1658 1230.0000    30     6     6  3086    -1
 268  604.1662 1230.5765    33     6     7  3612   150
 269  439.9922 1230.7370    17     4     5  1234   393
 270  763.2144 1231.4814    34     6     7  4498     5
 271  589.9946 1231.9256    28     6     6  3343   438
 272  748.3912 1232.9067    33     7     6  4647    13
 273  575.8861 1233.2157    30     6     6  3396   122
 274  733.6209 1234.2323    36     7     7  4669     9
 275  561.8478 1234.5825    31     6     7  3307   199
 276  718.8549 1235.7182    32     6     7  4432    28
 277  547.9126 1235.9155    29     6     6  3207   153
 278  704.2036 1237.0323    31     6     6  4323   291
 279  533.9988 1237.2364    31     6     6  3204   162
 280  689.5843 1238.4323    34     7     7  4299    14
 281  520.1692 1238.5474    28     6     6  2960   420
 282  506.4104 1239.8214    28     6     6  2906   201
 283  675.0491 1239.8368    31     6     6  4127    60
 284  660.5728 1241.1408    33     7     6  4150    30
 285  492.6726 1241.2123    28     6     6  2825   222
 286  479.0409 1242.4732    28     6     5  2707   235
 287  646.1526 1242.4996    33     6     7  3999    51
 288  465.4541 1243.7257    27     6     6  2613   258
 289  631.7693 1243.8667    31     6     6  3841   409
 290  452.0183 1245.0667    28     6     6  2330   290
 291  617.4613 1245.1656    31     7     6  3745    69
 292  438.6117 1246.3692    18     5     5  1267   358
 293  777.5094 1246.3843    27     5     7  2845    -1
 294  603.2448 1246.4714    32     6     7  3630   100
 295  589.0056 1247.8362    31     6     6  3522   106
 296  762.6781 1247.8864    33     7     7  4525   404
 297  574.8576 1249.1276    29     6     6  3335   135
 298  747.8466 1249.1463    34     6     7  4686   406
 299  560.7958 1250.4338    31     6     7  3301   147
 300  732.9905 1250.5831    34     6     7  4636     1
 301  546.7967 1251.7190    30     6     6  3212   155
 302  718.2216 1251.9516    31     6     6  4413     6
 303  532.8797 1253.0118    28     6     6  3088   185
 304  703.5323 1253.2391    35     7     7  4471     8
 305  519.0109 1254.3199    30     6     6  3060   237
 306  688.8497 1254.6792    33     6     7  4301    19
 307  505.2207 1255.5794    29     6     6  2936   269
 308  674.2765 1255.9721    31     6     6  4168    24
 309  491.4734 1256.8378    27     5     6  2777   239
 310  659.7782 1257.2494    33     6     7  4116    38
 311  477.7764 1258.1568    29     6     6  2796   296
 312  645.2995 1258.6291    32     6     7  3954    43
 313  464.1589 1259.4151    28     6     6  2637   330
 314  630.8972 1259.9467    31     6     6  3876    71
 315  450.7158 1260.5994    25     5     6  2186   311
 316  616.5401 1261.2059    31     7     6  3743    78
 317  437.1725 1261.9123    16     4     5  1142   396
 318  602.2700 1262.5069    32     6     7  3630    90
 319  777.1825 1262.8881    27     6     6  2950    -1
 320  587.9843 1263.8483    31     6     6  3557   105
 321  762.1517 1264.1997    32     6     7  4514   440
 322  573.8173 1265.0761    30     6     6  3413   131
 323  747.2663 1265.6197    34     6     7  4674   403
 324  559.7316 1266.3388    29     6     6  3212   141
 325  732.3638 1266.9553    32     7     6  4574     3
 326  545.6967 1267.6297    29     6     7  3138   156
 327  717.5886 1268.2016    35     7     7  4572     2
 328  531.7657 1268.8678    31     6     6  3225   188
 329  702.8062 1269.6065    34     6     7  4450     4
 330  517.8604 1270.1396    29     6     6  3029   184
 331  688.1229 1270.9369    32     6     6  4278    20
 332  504.0307 1271.3907    30     6     6  2964   200
 333  673.5289 1272.1798    33     7     7  4208    22
 334  490.2650 1272.6153    28     6     6  2796   232
 335  658.9467 1273.5227    34     6     7  4165    31
 336  476.5353 1273.8473    27     5     6  2683   234
 337  644.4291 1274.8283    33     7     6  4047    49
 338  462.8331 1275.1622    29     6     6  2708   238
 339  629.9930 1276.0586    31     6     6  3836    75
 340  449.3414 1276.3964    23     5     5  2077   309
 341  615.6221 1277.3203    31     6     7  3687    77
 342  435.9753 1277.5857    18     4     5  1285   365
 343  601.2936 1278.6257    32     6     7  3645    82
 344  776.5203 1279.3841    29     6     7  2977   436
 345  587.0210 1279.8913    31     6     6  3523   115
 346  761.6082 1280.8134    33     7     7  4515    -1
 347  572.8333 1281.1157    29     6     6  3334   128
 348  746.6969 1282.0510    32     7     6  4607    -1
 349  558.6631 1282.3501    29     6     7  3204   136
 350  731.7719 1283.3651    34     6     7  4598   124
 351  544.5937 1283.6174    29     6     7  3137   173
 352  716.9033 1284.7328    33     6     7  4477     0
 353  530.6144 1284.8120    30     6     6  3144   177
 354  702.1263 1285.9898    31     6     6  4290    12
 355  516.7106 1286.0700    30     6     6  3072   179
 356  687.4109 1287.2342    33     7     7  4276    15
 357  502.8122 1287.2930    29     6     6  2933   215
 358  488.9967 1288.5087    32     6     7  2977   226
 359  672.7120 1288.5463    33     6     7  4178    26
 360  475.2547 1289.6911    29     6     6  2779   221
 361  658.1208 1289.8571    30     6     6  3950    41
 362  461.5556 1290.9203    27     5     6  2592   259
 363  643.6118 1291.0408    32     7     6  4015    57
 364  448.0355 1292.1710    26     6     6  2215   302
 365  629.1084 1292.2800    32     6     7  3855    68
 366  434.4394 1293.3705    19     5     5  1313   362
 367  614.6641 1293.5672    31     6     7  3677    83
 368  600.2990 1294.7899    30     6     6  3570   107
 369  776.1864 1296.0047    30     6     6  3107    -1
 370  586.0128 1296.0118    29     6     6  3441   118
 371  571.7859 1297.2297    29     6     6  3307   132
 372  761.0828 1297.3334    34     6     7  4617    -1
 373  557.6042 1298.4539    30     6     7  3256   151
 374  746.1040 1298.6797    33     6     7  4632   431
 375  543.4899 1299.6640    30     7     6  3183   175
 376  731.1710 1299.9594    32     6     6  4506   401
 377  529.4569 1300.8614    28     6     6  3049   180
 378  716.2462 1301.1489    33     6     7  4495   142
 379  515.5070 1302.0940    30     7     6  3064   190
 380  701.4180 1302.4650    35     7     7  4407    16
 381  501.5958 1303.2804    27     6     6  2812   219
 382  686.6451 1303.7678    34     7     7  4325    23
 383  487.7313 1304.4559    27     6     7  2712   240
 384  671.9626 1304.9611    32     6     6  4142    46
 385  473.9612 1305.6374    29     6     6  2738   249
 386  657.3300 1306.1591    33     7     7  4126    45
 387  460.2717 1306.7785    28     6     6  2635   274
 388  642.7277 1307.4011    32     6     7  3936    64
 389  446.6947 1307.9300    24     5     6  2114   331
 390  628.2184 1308.6796    32     6     7  3855    81
 391  433.1581 1309.2607    17     4     5  1201   375
 392  613.7334 1309.8907    31     6     6  3705   103
 393  599.3317 1311.0529    31     6     6  3648   114
 394  584.9995 1312.2147    31     6     6  3492   130
 395  775.5341 1312.8432    28     6     6  2985    -1
 396  570.7008 1313.4590    32     6     7  3453   146
 397  760.5160 1314.0507    33     7     6  4517   445
 398  556.4898 1314.6591    31     7     7  3323   163
 399  745.5402 1315.2469    36     7     7  4736   336
 400  542.3769 1315.8042    29     6     6  3156   197
 401  730.5180 1316.5626    35     7     7  4579   425
 402  528.3069 1316.9764    31     6     6  3202   205
 403  715.5749 1317.8265    35     7     7  4540   382
 404  514.3112 1318.1859    29     6     6  2991   213
 405  700.7242 1319.0184    31     6     6  4266    39
 406  500.3697 1319.3272    28     6     6  2858   261
 407  685.9096 1320.2137    33     6     7  4245    42
 408  486.5052 1320.4763    26     6     7  2651   279
 409  671.1663 1321.4842    34     6     7  4226    50
 410  472.6290 1321.6228    29     6     7  2729   282
 411  656.4779 1322.6876    35     7     7  4144    58
 412  458.9161 1322.7516    28     6     6  2616   297
 413  445.3411 1323.8993    25     5     6  2169   345
 414  641.8563 1323.9085    32     6     6  3938    76
 415  431.8796 1325.0062    19     5     6  1274   383
 416  627.2928 1325.0428    31     6     6  3818    94
 417  612.8054 1326.1975    32     6     7  3722   123
 418  598.3727 1327.4028    30     6     7  3495   129
 419  583.9789 1328.5860    33     6     7  3592   148
 420  775.1676 1329.6359    29     6     7  2936   361
 421  569.6626 1329.7471    31     6     7  3383   171
 422  759.9548 1330.8513    32     6     7  4390   231
 423  555.4173 1330.8830    31     6     6  3328   202
 424  744.9221 1332.0199    34     6     6  4593   322
 425  541.2262 1332.0430    31     6     6  3270   212
 426  527.1308 1333.1633    30     6     6  3098   227
 427  729.9111 1333.2198    34     6     7  4541   388
 428  513.1258 1334.2988    30     6     6  2991   253
 429  714.9043 1334.4596    34     6     7  4495   325
 430  499.1627 1335.4337    30     6     7  2917   281
 431  700.0006 1335.7146    33     6     7  4339   415
 432  485.2591 1336.5656    30     6     7  2841   300
 433  685.1586 1336.9113    32     6     6  4160   348
 434  471.4072 1337.6786    27     6     6  2632   342
 435  670.3622 1338.0380    32     7     6  4111   439
 436  457.5855 1338.7697    27     5     6  2566   444
 437  655.6788 1339.1958    34     7     7  4077   443
 438  443.9484 1339.8495    27     6     6  2260   373
 439  640.9743 1340.3703    33     6     7  3948   423
 440  430.2792 1341.0489    18     5     6  1217   390
 441  626.3788 1341.5728    32     6     7  3770   424
 442  611.8292 1342.7289    32     6     7  3684   370
 443  597.3639 1343.8629    31     6     6  3570   427
 444  582.9475 1345.0010    29     6     6  3372   385
 445  568.6041 1346.1052    31     6     6  3384   446
 446  774.5037 1346.2875    25     5     6  2318   368
 447  554.3342 1347.2288    30     6     6  3237   379
 448  759.4238 1347.5965    30     6     7  3521   407
 449  540.1116 1348.3287    32     6     7  3240    -1
 450  744.3373 1348.8245    31     6     6  3812   413
 451  525.9499 1349.4764    32     6     7  3167    -1
 452  729.2679 1349.9658    31     6     6  3993   414
 453  511.8739 1350.6014    32     6     7  3079   441
 454  714.2296 1351.1625    32     6     7  4181   389
 455  497.8691 1351.7046    29     6     6  2848    -1
 456  699.2613 1352.4020    34     6     7  4343   351
 457  483.9459 1352.7573    30     6     6  2841    -1
 458  684.4072 1353.5386    34     7     7  4212   343
 459  470.0557 1353.8336    28     6     6  2683    -1
 460  669.5541 1354.7437    34     7     7  4232   437
 461  456.2430 1354.9320    28     6     6  2606    -1
 462  654.7826 1355.9161    33     6     7  4116   374
 463  442.6010 1355.9871    24     5     6  2091    -1
 464  640.0851 1356.9998    32     6     6  3945   432
 465  429.0206 1357.0429    18     4     6  1215    -1
 466  625.4459 1358.1110    32     7     7  3857   364
 467  610.8730 1359.2163    33     6     7  3800    -1
 468  596.3827 1360.3684    33     6     7  3679   372
 469  581.8777 1361.4587    33     6     7  3609   381
 470  567.4952 1362.5672    33     7     7  3509    -1
 471  553.1922 1363.7041    32     6     7  3403    -1
 472  538.9367 1364.7866    31     6     6  3249    -1
 473  524.7674 1365.8457    31     6     6  3173    -1
 474  510.6686 1366.8820    30     6     6  3042    -1
 475  496.6503 1367.9453    30     6     6  2944   418
 476  482.6926 1368.9828    28     6     6  2651    -1
 477  748.8682 1369.4765   419    58    21 27770    -1
 478  468.7592 1370.0127    26     6     6  2365    -1
 479  454.9209 1371.0570    26     6     6  2160    -1
 480  441.1812 1372.1565    23     5     6  1677    -1
 481  427.6810 1372.9052    14     4     5   816    -1
 482  724.4659 1372.9829    22     8     4  1510    -1
 483  704.3050 1374.6429    13     4     4  1091   452
 484  458.7721 1389.1428   118    33     7  6863   270
 485  495.1532 1389.8790    12     4     4   848   399
