460
   0  373.8478 1086.0304    31    11     4  1665    -1
   1  325.6795 1087.1923     6     3     3   339   349
   2  352.8734 1088.0166    50    16     6  2891   415
   3  387.6622 1101.1757    15     4     4   898    -1
   4  374.5727 1102.4932    20     5     5  1440    -1
   5  361.5615 1103.9264    20     5     5  1537    -1
   6  348.5873 1105.3202    21     5     5  1634   372
   7  335.6601 1106.7377    20     5     5  1631   373
   8  322.7839 1108.1309    21     5     5  1684    -1
   9  309.9976 1109.5549    22     6     5  1737    -1
  10  297.2308 1110.9920    19     5     4  1511    -1
  11  284.4656 1112.3354    21     5     5  1603    -1
  12  271.8000 1113.8292    19     5     5  1430   199
  13  259.1689 1115.0878    18     5     5  1344    -1
  14  386.1819 1115.6654    20     5     5  1393    -1
  15  246.5529 1116.5655    19     5     5  1347   380
  16  373.1927 1117.1321    22     5     5  1842    -1
  17  233.9674 1117.9565    15     4     4  1118   226
  18  360.1271 1118.5226    24     6     5  2042   365
  19  221.4628 1119.2430    18     5     5  1223   215
  20  347.1161 1119.9172    23     6     6  1869   364
  21  208.9894 1120.7746    15     4     4  1034    -1
  22  334.1610 1121.3545    22     6     5  1808    -1
  23  196.5827 1122.0197    17     5     4  1104   313
  24  321.2807 1122.7669    21     5     5  1702    -1
  25  184.2788 1123.3702    15     4     5   958   276
  26  308.4378 1124.1353    20     5     5  1595    -1
  27  171.9188 1124.8037    14     4     4   891   394
  28  295.6509 1125.5579    20     5     5  1570    -1
  29  159.6210 1126.1624    13     4     4   807   323
  30  282.8763 1126.9601    18     5     4  1389   152
  31  147.5541 1127.5090     9     3     3   561   278
  32  270.1352 1128.2589    20     5     5  1477   176
  33  135.5000 1128.8235    10     3     4   568   269
  34  257.3818 1129.7506    19     5     5  1373   378
  35  123.3276 1130.1207     7     3     3   379   407
  36  384.9014 1130.4524    18     4     5  1341    -1
  37  244.8834 1130.9819    16     5     4  1186    -1
  38  110.9000 1131.7000     7     3     3   360   347
  39  371.7190 1131.8572    22     5     5  1881    -1
  40  232.2292 1132.3482    18     5     5  1236   398
  41  358.6557 1133.2983    23     5     5  1998    -1
  42  219.6046 1133.8595    17     5     4  1156   232
  43  345.6229 1134.6686    22     5     5  1889    91
  44  207.1821 1135.0607    15     4     4  1030    -1
  45  332.6376 1136.0972    22     5     6  1805    94
  46  194.7087 1136.3957    16     5     5  1030   209
  47  319.7214 1137.4580    22     5     5  1791    -1
  48  182.3390 1137.8512    13     4     4   855   235
  49  306.8134 1138.8698    19     5     5  1553    -1
  50  170.0380 1139.1033    14     4     4   884   289
  51  294.0432 1140.1649    20     6     5  1567    -1
  52  157.6880 1140.5000    11     4     3   683   275
  53  281.1974 1141.5846    20     5     5  1532   132
  54  145.5236 1141.7283    11     3     4   677   389
  55  268.4460 1142.9600    18     5     4  1363   371
  56  133.3468 1143.1937    11     4     4   661   291
  57  255.7558 1144.2028    20     5     5  1434   160
  58  121.1667 1144.4333    10     4     3   590   318
  59  383.3782 1145.3897    19     5     5  1385    -1
  60  108.9474 1145.5921    10     4     3   576   306
  61  243.0439 1145.6980    19     5     5  1349    -1
  62  370.2905 1146.7022    22     5     5  1921    -1
  63   97.1364 1146.8636     5     2     3   261   336
  64  230.4155 1146.9898    18     5     4  1243   189
  65  357.1915 1148.1501    25     6     6  2096    57
  66  217.9505 1148.1518    17     4     5  1163   214
  67  344.0808 1149.5024    23     6     5  1973    -1
  68  205.3340 1149.6358    16     5     5  1065   198
  69  331.0970 1150.8366    23     6     5  1872    78
  70  192.9141 1150.9688    15     4     4  1006   388
  71  180.4561 1152.1780    16     5     4  1005   382
  72  318.1105 1152.2335    23     6     5  1833   362
  73  168.1412 1153.5353    12     4     4   770   274
  74  305.2014 1153.5735    21     5     5  1703   103
  75  292.3510 1154.9541    20     5     5  1577   361
  76  155.7635 1154.9551    14     4     4   867   247
  77  143.5000 1156.2200    11     3     4   675   280
  78  279.5335 1156.2454    21     5     5  1588   359
  79  131.3393 1157.4464    11     4     3   662   292
  80  266.7766 1157.6182    20     5     5  1499   146
  81  119.1747 1158.7289    11     4     4   633   284
  82  254.0147 1158.9649    18     5     4  1341   155
  83  106.8881 1160.0970    12     4     4   667   341
  84  241.3109 1160.1642    18     5     5  1302   167
  85  381.9799 1160.2656    18     4     5  1348    -1
  86   95.0000 1161.2500     5     2     3   262   333
  87  228.6562 1161.5630    19     5     5  1315   169
  88  368.8103 1161.6253    24     6     5  2070   105
  89  216.0762 1162.9360    15     4     4  1078   183
  90  355.6674 1163.0275    24     6     6  2072    34
  91  203.5000 1164.1042    17     5     4  1133   184
  92  342.5663 1164.3721    23     5     5  1979    58
  93  190.9980 1165.4562    16     4     5  1051   249
  94  329.5318 1165.7122    22     5     5  1854    67
  95  178.5095 1166.8095    15     5     4   960   234
  96  316.5223 1167.0757    21     5     6  1724    -1
  97  166.2538 1168.0075    14     4     4   899   213
  98  303.5947 1168.3707    23     5     5  1815    83
  99  153.7987 1169.3506    12     4     4   754   268
 100  290.6859 1169.7496    21     5     5  1647   123
 101  141.5394 1170.5945    10     3     4   627   408
 102  277.8505 1171.0162    21     5     5  1575   370
 103  129.3417 1171.8417    12     4     4   720   283
 104  265.0437 1172.3294    19     5     5  1454   353
 105  117.1170 1173.3191    12     4     4   694   272
 106  252.2424 1173.6507    21     5     5  1508   129
 107  104.7400 1174.5400     9     4     3   525   304
 108  239.4952 1174.9940    18     5     4  1315   157
 109  380.5320 1175.3447    20     5     5  1438    73
 110   93.1923 1175.6538     5     2     3   263   334
 111  226.9320 1176.1373    18     5     5  1275   171
 112  367.3526 1176.5911    23     5     5  2039    26
 113  214.2052 1177.5213    18     4     5  1229   180
 114  354.1888 1177.9809    26     6     6  2190    17
 115  201.6322 1178.8864    17     5     4  1145   193
 116  340.9792 1179.3600    23     6     5  1993    28
 117  189.1109 1180.0600    15     4     4  1025   237
 118  327.9734 1180.5949    23     6     5  1940    29
 119  176.6651 1181.3119    15     5     4   968   217
 120  314.8991 1181.9717    24     6     6  1889    24
 121  164.2174 1182.6467    13     4     4   834   383
 122  301.9187 1183.2831    22     6     5  1764    40
 123  151.8430 1183.9593    14     4     4   872   236
 124  289.0437 1184.5550    22     6     5  1718    54
 125  139.5844 1185.1429    12     4     4   754   266
 126  276.1506 1185.8752    20     5     5  1541    89
 127  127.2739 1186.4478    11     4     3   665   270
 128  263.3072 1187.0884    20     5     5  1498    87
 129  115.0612 1187.4796    10     4     3   598   295
 130  250.5045 1188.3976    20     5     5  1449    99
 131  102.7405 1188.7785    11     4     4   629   345
 132  237.7574 1189.7770    20     5     5  1408   133
 133   90.7857 1190.2857     6     3     3   314   314
 134  379.0381 1190.4089    18     4     5  1372    41
 135  225.0714 1190.9921    16     4     4  1178   135
 136  365.8436 1191.6575    23     6     5  2026     6
 137  212.3988 1192.1718    18     5     5  1226   147
 138  352.6146 1193.0798    24     6     6  2090     4
 139  199.7633 1193.4858    17     5     5  1131   164
 140  339.4790 1194.3528    23     5     5  2006     7
 141  187.1825 1194.8175    14     4     4   952   233
 142  326.3767 1195.6119    23     5     5  1945    11
 143  174.7227 1195.9664    15     4     4   988   212
 144  313.3275 1196.9058    22     5     6  1790    27
 145  162.3394 1197.1425    15     5     4   943   246
 146  300.2833 1198.2444    21     5     5  1719    48
 147  149.8902 1198.4451    13     4     5   814   248
 148  287.3201 1199.5113    22     5     5  1717    51
 149  137.5072 1199.6871    11     3     4   689   271
 150  274.4536 1200.7982    21     5     5  1610    65
 151  125.3898 1200.9803    12     4     4   727   401
 152  261.5922 1202.0471    19     5     5  1449    92
 153  112.9947 1202.2684    11     4     4   645   393
 154  248.7894 1203.2362    20     5     5  1470   108
 155  100.6951 1203.5854     9     3     3   532   395
 156  235.9943 1204.5322    19     5     5  1385   125
 157   88.7000 1204.7500     8     3     3   420   377
 158  377.6691 1205.5698    19     5     5  1423    44
 159  223.1541 1205.9081    18     5     5  1270   151
 160  364.3956 1206.8376    22     5     6  1962     8
 161  210.5514 1207.0166    18     5     4  1231   115
 162  197.9352 1208.1478    16     4     5  1101   207
 163  351.1273 1208.2291    26     6     6  2223     0
 164  185.3566 1209.4442    16     5     5  1051   216
 165  337.8936 1209.4693    24     6     5  2079     2
 166  324.7724 1210.6741    23     6     5  1954    10
 167  172.7682 1210.8000    15     4     4   970   203
 168  160.3398 1211.9272    14     4     4   906    -1
 169  311.6740 1211.9950    23     5     6  1857    22
 170  147.8568 1213.1270    14     4     4   885    -1
 171  298.6330 1213.2504    21     5     5  1719    33
 172  135.5809 1214.3897    12     4     4   736   263
 173  285.6855 1214.5063    23     5     5  1786    25
 174  123.2197 1215.5227    12     4     4   732   403
 175  272.7425 1215.7885    21     5     5  1615    52
 176  110.8434 1216.7020    11     4     4   649    -1
 177  259.8497 1216.9872    20     5     5  1509    75
 178   98.6494 1217.8563    10     3     4   587   391
 179  246.9905 1218.1406    19     5     5  1423   110
 180   86.8158 1219.2895     6     3     3   319    -1
 181  234.1564 1219.3791    19     5     5  1372    93
 182  221.4032 1220.7070    19     5     5  1322   131
 183  376.0757 1220.8234    19     5     5  1386    60
 184  208.7055 1221.9387    16     5     4  1126   144
 185  362.7869 1222.1491    25     6     6  2125     3
 186  196.0410 1223.0705    15     4     4  1055   165
 187  349.5712 1223.3990    23     5     5  2091     5
 188  183.4373 1224.2451    16     5     5  1055   228
 189  336.3621 1224.5644    23     5     5  2035    20
 190  170.8562 1225.5228    15     4     5   969   191
 191  323.2006 1225.8516    24     6     6  1985    23
 192  158.2980 1226.7414    13     4     4   853   252
 193  310.0207 1227.1419    26     6     6  2026     9
 194  145.9194 1227.9355    14     4     4   886   390
 195  296.9876 1228.3690    22     6     5  1787    32
 196  133.5662 1229.0232    11     3     4   701   396
 197  283.9907 1229.5512    22     6     5  1744    49
 198  121.2752 1230.2287    12     4     4   729    -1
 199  270.9991 1230.7822    23     6     5  1717    47
 200  108.8061 1231.5510    10     4     3   598    -1
 201  258.0740 1232.0266    18     5     5  1407    79
 202   96.5814 1232.5581     9     3     3   536   399
 203  245.1772 1233.1920    20     5     5  1474    90
 204   84.6176 1233.6176     7     3     3   367    -1
 205  232.3456 1234.3922    20     5     5  1408   114
 206  219.5597 1235.4881    17     5     5  1185   154
 207  374.6872 1236.1416    20     5     5  1438    72
 208  206.8292 1236.8789    17     5     5  1172   162
 209  361.3322 1237.4222    23     5     5  2050    16
 210  194.0955 1238.0000    15     4     4  1064   208
 211  348.0665 1238.5754    25     6     5  2205    12
 212  181.5000 1239.1296    16     5     4  1070   185
 213  334.7650 1239.8272    25     6     6  2118    13
 214  168.9025 1240.2967    16     4     5  1041   392
 215  321.5668 1241.1208    22     5     6  1878    37
 216  156.3400 1241.6000    15     5     5   950   387
 217  308.3889 1242.3086    22     5     5  1847    46
 218  143.8793 1242.6954    15     4     4   924   221
 219  218.6525 1243.1102    20     5     6  1354   177
 220  295.3037 1243.4943    22     5     5  1798    55
 221  131.5000 1243.8636    11     3     4   704    -1
 222  282.2432 1244.7039    22     5     5  1723    59
 223  119.1444 1245.0333    13     4     4   785   262
 224  269.2940 1245.9014    22     5     6  1663    76
 225  106.7056 1246.2664    12     4     4   707   287
 226  256.3027 1247.0764    19     5     5  1467   101
 227   94.4294 1247.4294     9     3     3   535   414
 228  243.3758 1248.2473    20     5     5  1459   104
 229   82.5000 1248.5000     7     3     3   367    -1
 230  230.5628 1249.4397    19     5     5  1348   138
 231  219.6798 1250.5949    31    10     5  2056    62
 232  373.0453 1251.5129    18     4     5  1364   111
 233  204.9350 1251.8807    16     4     5  1131   172
 234  359.8438 1252.6814    26     6     6  2193    14
 235  192.1484 1253.0065    15     4     4  1060   187
 236  346.4913 1253.9410    26     5     6  2223    19
 237  179.5879 1254.0934    16     5     4  1073   202
 238  166.9426 1255.1762    16     4     5  1044   224
 239  333.1773 1255.2197    26     6     6  2174    15
 240  319.9160 1256.4043    23     6     5  1965    45
 241  154.3382 1256.4167    15     5     5   954   251
 242  306.7797 1257.5660    21     5     5  1808    64
 243  141.8291 1257.6076    13     4     4   808   367
 244  129.4231 1258.7500    13     4     4   806   339
 245  293.6318 1258.7518    21     5     5  1733    56
 246  116.9857 1259.9071    14     4     4   840   324
 247  280.5291 1259.9750    22     5     6  1719    82
 248  104.5619 1260.9779    12     4     4   713   404
 249  267.4982 1261.1365    20     5     5  1564    98
 250   92.4043 1262.1809    10     3     4   594   411
 251  254.5379 1262.2614    20     5     5  1528   113
 252   80.1667 1263.3667     7     3     3   365   413
 253  241.6191 1263.4085    22     5     5  1570   117
 254  228.7119 1264.6238    20     5     5  1420   136
 255  215.8697 1265.8271    18     5     5  1276   148
 256  371.7581 1266.9302    21     5     6  1480   121
 257  203.0207 1266.9645    15     4     4  1088    -1
 258  190.2318 1268.0199    16     5     4  1102   205
 259  358.2606 1268.2629    24     6     6  2073    39
 260  177.6011 1269.1067    17     5     4  1117   227
 261  344.8979 1269.4295    25     6     5  2200    21
 262  164.9805 1270.1914    16     4     5  1056   206
 263  331.5819 1270.5370    23     5     5  2041    30
 264  152.3868 1271.4151    14     4     5   912   243
 265  318.3536 1271.6927    23     5     6  1949    18
 266  139.8099 1272.5351    13     4     5   821   239
 267  305.0900 1272.9100    25     6     6  1972    66
 268  127.3766 1273.6234    13     4     4   804   264
 269  291.9027 1274.1214    24     6     6  1863    50
 270  114.8692 1274.6923    12     4     4   730    -1
 271  278.8312 1275.2552    21     5     5  1675   102
 272  102.5459 1275.8486    11     3     4   659   309
 273  265.7797 1276.3814    21     5     5  1640   100
 274   90.3065 1276.9409    12     4     4   693   298
 275  252.7886 1277.5054    20     5     5  1551   118
 276   78.0000 1278.1429     5     2     3   264   337
 277  239.7640 1278.6520    20     5     5  1500   134
 278  226.8468 1279.8333    19     5     5  1397   150
 279  213.9883 1280.9649    17     5     5  1235   170
 280  201.1268 1282.0160    15     4     4  1093    -1
 281  370.0531 1282.5260    18     4     5  1361   137
 282  188.2888 1283.0908    17     5     5  1153   196
 283  356.7506 1283.6682    24     5     6  2098    31
 284  175.6221 1284.1756    17     5     5  1112   197
 285  343.3634 1284.8639    26     6     6  2237    36
 286  162.9916 1285.2605    16     4     5  1038   253
 287  329.9824 1286.0515    26     6     6  2154    38
 288  150.3650 1286.4100    14     4     5   900   238
 289  316.6508 1287.2250    23     5     6  1939    86
 290  137.7176 1287.6529    14     4     5   870   258
 291  303.4104 1288.3650    23     5     5  1898    81
 292  125.3387 1288.6806    13     4     4   805   282
 293  290.2424 1289.4540    22     5     5  1795    68
 294  112.7581 1289.7177    12     4     4   724   297
 295  277.1040 1290.5749    23     6     5  1804    77
 296  100.5000 1290.7264    11     3     4   656   307
 297  263.9991 1291.7014    21     6     5  1631   107
 298   88.0612 1291.8367    13     4     4   748   405
 299  250.9595 1292.8533    21     5     5  1568   127
 300   76.0000 1292.9375     6     3     3   316   340
 301  237.9501 1293.9692    19     5     6  1421   163
 302  225.0011 1295.0356    18     4     5  1335   181
 303  212.0593 1296.1211    17     4     5  1238   368
 304  199.1158 1297.1610    17     4     5  1204   161
 305  368.6272 1298.2232    20     5     5  1448   141
 306  186.2852 1298.3020    19     5     5  1248   192
 307  173.6641 1299.3672    16     5     5  1056   242
 308  355.1384 1299.3951    24     6     5  2096    70
 309  341.7411 1300.4684    25     6     5  2200    69
 310  160.9615 1300.4829    17     4     5  1084   230
 311  328.3806 1301.5541    23     5     5  2038    42
 312  148.3191 1301.6055    16     5     5   999   285
 313  315.0569 1302.6539    25     6     6  2049    35
 314  135.6387 1302.7312    13     4     4   823   265
 315  123.1645 1303.8092    13     4     4   802   303
 316  301.7213 1303.8198    24     5     6  1941    53
 317  110.6719 1304.7891    12     4     4   728   300
 318  288.5384 1304.9284    22     5     6  1777   128
 319   98.4623 1305.8208    11     3     4   656   301
 320  275.3377 1306.0656    23     5     6  1760    97
 321   85.9048 1306.7500    11     4     4   634   343
 322  262.2004 1307.1933    21     5     5  1614   122
 323   73.8333 1307.7857     7     3     3   371    -1
 324  249.1234 1308.2495    22     6     5  1631    84
 325  236.0613 1309.3254    20     5     5  1481   156
 326  223.1000 1310.4023    20     5     5  1440   195
 327  210.1439 1311.4798    19     5     5  1346   145
 328  197.2326 1312.6105    19     5     5  1294   223
 329  184.4010 1313.6584    17     5     5  1153   245
 330  367.0411 1313.8196    18     4     5  1338   158
 331  171.6351 1314.7008    17     5     5  1109   220
 332  353.6441 1314.9749    24     5     6  2095    88
 333  158.8913 1315.7696    16     4     5  1030   254
 334  340.1731 1316.1326    26     6     6  2239    61
 335  146.2647 1316.8186    14     4     4   904   294
 336  326.7181 1317.2555    24     6     6  2071    63
 337  133.6257 1317.8829    14     4     4   875   281
 338  313.3530 1318.3327    24     5     6  1989    43
 339  121.0767 1318.8926    14     4     4   863    -1
 340  300.0491 1319.4462    23     6     5  1893   119
 341  108.5813 1319.8821    11     4     4   673   322
 342  286.7964 1320.4796    23     5     5  1835    95
 343   96.2523 1320.8303    13     4     4   759   312
 344  273.5938 1321.5687    23     5     5  1790   112
 345   83.6264 1321.9023    12     4     4   687   344
 346  260.4190 1322.6741    23     5     5  1730   124
 347   71.6250 1322.9375     6     3     2   316   350
 348  247.3026 1323.7421    21     5     5  1587   149
 349  234.2161 1324.7925    20     5     5  1465   259
 350  221.1887 1325.8561    20     5     5  1424   410
 351  208.1961 1326.9104    19     5     5  1335   201
 352  195.2901 1327.9694    18     5     4  1243   182
 353  182.4386 1328.9539    18     5     4  1193   255
 354  365.6397 1329.6135    19     5     5  1408   174
 355  169.6774 1330.0094    16     5     4  1065   279
 356  352.0682 1330.6913    27     6     6  2244   109
 357  156.9512 1331.0203    14     4     4   946   412
 358  338.5771 1331.7966    24     5     6  2134   106
 359  144.2089 1332.0070    15     4     4   963   335
 360  325.0981 1332.8890    28     6     6  2256    74
 361  131.5377 1333.0346    12     4     4   759   315
 362  311.6775 1333.9938    24     5     6  2000    71
 363  119.0290 1334.0613    14     4     4   855   302
 364  298.3522 1335.0621    24     5     6  1917    80
 365  106.4677 1335.0726    11     3     4   674   310
 366   93.9742 1336.1495    13     4     4   747   320
 367  285.0442 1336.1552    26     6     6  1967   139
 368   81.5698 1337.0116    10     3     4   586   331
 369  271.8058 1337.2346    23     5     6  1768   120
 370   69.2857 1337.9286     7     3     4   364   342
 371  258.6207 1338.2441    21     5     5  1605   142
 372  245.4579 1339.2529    21     5     5  1572   190
 373  232.3739 1340.2773    21     5     5  1526   179
 374  219.3357 1341.2958    20     5     5  1426   204
 375  206.3036 1342.3269    20     5     5  1387   222
 376  193.3899 1343.3029    20     5     5  1345    -1
 377  180.4689 1344.3616    17     5     5  1139   397
 378  167.7069 1345.3084    17     5     5  1111   277
 379  363.9687 1345.4806    18     4     5  1363   186
 380  154.8636 1346.3045    15     4     5   970   288
 381  350.4759 1346.5493    24     5     6  2073   116
 382  142.2500 1347.3085    15     4     5   938   299
 383  336.9508 1347.6083    26     6     6  2214    85
 384  129.5581 1348.3000    11     3     4   705   327
 385  323.4667 1348.6534    24     5     6  2041   126
 386  116.8139 1349.3540    13     4     4   787   316
 387  310.0383 1349.6811    27     6     6  2134    96
 388  104.3879 1350.3362    12     4     4   716   325
 389  296.6515 1350.7603    24     5     6  1926   153
 390   91.7299 1351.4655    12     4     4   687   330
 391  283.3290 1351.8056    22     5     6  1761   168
 392   79.3750 1352.3375     9     3     4   530   338
 393  270.0332 1352.8272    25     6     6  1852   130
 394   67.0000 1353.2500     5     2     3   262   348
 395  256.7847 1353.8668    23     5     6  1698   140
 396  243.6109 1354.9079    21     5     6  1555   178
 397  230.4626 1355.9009    21     5     6  1504   305
 398  217.3649 1356.9201    21     5     6  1457   229
 399  204.3424 1357.9538    19     5     5  1318   319
 400  191.3523 1358.9215    18     5     5  1225   261
 401  178.4155 1359.9155    18     5     5  1184   267
 402  165.6134 1360.8927    16     5     4  1047   328
 403  362.3832 1361.4188    20     5     5  1394   194
 404  152.8170 1361.8795    15     4     4   974    -1
 405  348.8501 1362.4880    24     6     5  2034   256
 406  140.0258 1362.8402    14     4     4   894   311
 407  335.3263 1363.5057    24     6     5  2075   257
 408  127.4085 1363.7876    12     4     4   753   329
 409  321.7843 1364.5352    25     6     5  2073   143
 410  114.5896 1364.8060    12     4     4   734   326
 411  102.2411 1365.5268    12     4     4   712   384
 412  308.3272 1365.5508    24     6     5  1987   159
 413  294.9146 1366.5434    22     6     5  1814   166
 414   89.6124 1366.5899     9     3     3   539    -1
 415   77.1087 1367.4710    10     4     3   569    -1
 416  281.5598 1367.5762    23     5     5  1819   210
 417   65.0000 1368.2500     5     2     3   262   406
 418  268.2303 1368.5757    21     5     5  1658   218
 419  254.9955 1369.5736    19     5     5  1507   240
 420  241.7909 1370.5424    20     5     5  1519   273
 421  228.6069 1371.5824    21     5     5  1499   219
 422  215.5073 1372.5460    22     5     5  1513   250
 423  202.4418 1373.4945    19     5     5  1311    -1
 424  189.4568 1374.4537    18     5     5  1224    -1
 425  176.5142 1375.4110    17     5     5  1131   386
 426  163.5535 1376.3601    18     5     5  1143   296
 427  150.7624 1377.2574    15     4     5   952   317
 428  360.8750 1377.2634    17     4     5  1074   308
 429  137.9914 1378.2029    14     4     4   875   402
 430  347.2019 1378.3577    20     5     5  1520   173
 431  125.3487 1379.2171    13     4     4   802    -1
 432  333.7085 1379.3821    22     5     5  1685   175
 433  112.5403 1380.0806    11     3     4   674   346
 434  320.1321 1380.4125    20     5     5  1617   211
 435   99.9322 1381.1271    13     4     4   768    -1
 436  306.5961 1381.4473    23     5     5  1795   188
 437   87.5000 1381.9505    10     3     4   591    -1
 438  293.1424 1382.4578    22     6     5  1788   231
 439   74.7958 1382.7958    10     4     4   571    -1
 440  279.8197 1383.4273    22     5     5  1760   200
 441   62.7727 1384.0455     6     3     2   311    -1
 442  266.4124 1384.4309    23     5     5  1801   225
 443  253.1142 1385.4205    21     6     5  1641   244
 444  239.8974 1386.3757    20     5     5  1531   241
 445  226.7167 1387.2812    21     5     5  1530   321
 446  213.5300 1388.2506    20     5     5  1433   260
 447  200.4577 1389.1746    20     5     5  1378   286
 448  187.4174 1390.1136    19     5     5  1289   293
 449  174.4000 1391.0633    19     5     5  1250   290
 450  161.5000 1392.0321    18     5     4  1165    -1
 451  148.6389 1392.9722    16     5     4  1016    -1
 452  135.8911 1393.9059    15     4     4   952    -1
 453  123.1199 1394.7924    14     4     4   871   332
 454  110.4077 1395.6769    12     4     4   730    -1
 455   97.6235 1396.5988    10     3     4   581    -1
 456   85.3367 1397.3367     8     3     3   449    -1
 457  331.0461 1397.5331   100    38     5  5423     1
 458   72.7941 1398.2059     6     3     3   317    -1
 459  296.0227 1403.8182     5     2     3   294   351
