467
   0 2117.7609  970.8043     9     4     3   473    -1
   1 1903.4048  985.1138   109    72     8  5639   423
   2 2187.6338  985.4014    21     5     5  1192    -1
   3 2170.4888  987.3708    21     5     5  1228    -1
   4 2153.2168  989.0735    24     6     6  1479    -1
   5 2136.0735  990.8137    26     6     6  1708    -1
   6 2119.0351  992.6746    27     6     5  1877    -1
   7 2102.0565  994.5702    26     6     5  1884    -1
   8 2085.1742  996.4774    26     6     5  1920   353
   9 1878.6980  997.5792     7     3     3   451    -1
  10 2068.2925  998.4157    25     6     5  1867   360
  11 2051.4304 1000.3207    26     7     5  1947   419
  12 2190.7880 1000.5107    26     6     5  1675    -1
  13 2034.6745 1002.0572    28     6     6  2082   327
  14 2173.5678 1002.4749    25     6     5  1648    -1
  15 2017.9829 1003.7974    28     6     6  2133   355
  16 2156.3368 1004.4091    24     6     5  1629    -1
  17 2001.3333 1005.6085    27     6     5  2106   252
  18 2139.1498 1006.3017    25     6     6  1724    -1
  19 1833.3137 1006.7941    72    25     8  4008    86
  20 1984.7985 1007.5252    26     6     5  2094   325
  21 2122.0591 1008.0551    26     6     6  1799    -1
  22 1968.1950 1009.4222    27     6     5  2186   256
  23 2105.0283 1009.7906    28     6     6  1930   367
  24 1951.7281 1011.2185    29     6     6  2331   263
  25 2088.0009 1011.6544    27     6     5  1933    -1
  26 1935.3120 1012.9196    28     6     6  2320   214
  27 2071.1096 1013.5256    27     6     5  1975   279
  28 2209.7857 1014.5000     5     2     3   257    -1
  29 1918.9521 1014.6094    29     6     6  2410   197
  30 2054.2444 1015.4333    26     6     5  1930   305
  31 2194.0478 1015.9073    26     6     6  1656    -1
  32 1902.6949 1016.5063    29     7     5  2399   199
  33 2037.4084 1017.3292    27     7     6  1994   338
  34 2176.7261 1017.6884    25     6     5  1648    -1
  35 1886.3875 1018.3792    29     7     6  2410   179
  36 2020.6724 1018.9723    27     6     6  2017   335
  37 2159.4532 1019.5820    24     6     5  1627    -1
  38 1870.2693 1020.1764    27     6     6  2308   372
  39 2003.9876 1020.7251    29     6     6  2174   359
  40 2142.2039 1021.4939    27     6     5  1843   418
  41 1854.1418 1021.8462    28     6     6  2232   123
  42 1987.3027 1022.5558    27     6     5  2085   299
  43 2125.0328 1023.4287    26     6     5  1833   333
  44 1838.0736 1023.6293    26     6     5  2081   181
  45 1970.7570 1024.4608    27     6     5  2140   301
  46 2107.9834 1025.3229    27     6     5  1892   319
  47 1822.1792 1025.5116    26     6     5  1992   124
  48 1954.2416 1026.2803    27     6     6  2151   394
  49 2090.8838 1027.0475    28     6     6  1968   368
  50 1806.4355 1027.4032    21     6     5  1236   174
  51 1937.7438 1027.8916    27     6     6  2203   268
  52 2073.9428 1028.7554    27     6     6  1953   303
  53 1921.3203 1029.6424    28     6     6  2285   261
  54 2213.0714 1029.6429     6     2     4   307   376
  55 2057.0069 1030.5947    27     6     5  2005   351
  56 2197.3379 1031.4643    25     6     5  1614   403
  57 1904.9958 1031.5042    26     6     5  2260   193
  58 2040.1766 1032.4688    26     6     5  1974   283
  59 1888.7234 1033.3633    28     6     6  2358   170
  60 2179.9405 1033.3833    26     6     5  1720    -1
  61 2023.3158 1034.3351    26     6     6  1973   344
  62 1872.4646 1035.0010    30     7     6  2518   150
  63 2162.5143 1035.3076    25     7     5  1671    -1
  64 2006.6099 1036.0063    30     7     6  2219   396
  65 1856.2907 1036.6363    28     6     6  2427   114
  66 2145.2134 1037.0138    27     6     6  1821   346
  67 1989.9040 1037.6651    29     6     6  2195   290
  68 1840.1242 1038.4860    26     6     5  2375   100
  69 2128.0301 1038.7019    28     6     6  1915   330
  70 1973.2449 1039.5141    27     6     5  2130   391
  71 1824.1925 1040.2901    29     6     6  2484    84
  72 2110.8953 1040.5716    26     6     5  1859    -1
  73 1956.7696 1041.4085    28     6     6  2231   293
  74 1808.3589 1041.8193    25     6     6  1654   148
  75 2093.8454 1042.4862    26     6     5  1879   277
  76 1940.2203 1043.0958    28     6     6  2251   225
  77 2076.8220 1044.3339    28     6     6  1990   348
  78 1923.7091 1044.7411    27     6     6  2225   215
  79 2059.8150 1045.9646    28     6     6  2035    -1
  80 1907.2852 1046.5347    27     6     5  2244   202
  81 1798.0270 1046.9595    47     6    29  2424   370
  82 2200.5138 1047.1906    25     6     6  1612   373
  83 2042.8875 1047.6398    27     6     5  2008   318
  84 1891.0275 1048.4119    28     6     6  2365   408
  85 2183.0594 1048.8589    27     6     6  1754    -1
  86 2026.0546 1049.4945    26     6     5  2023   313
  87 1874.7308 1049.9768    28     6     6  2392   172
  88 2165.7110 1050.6078    24     6     5  1636   286
  89 2009.2734 1051.3626    27     6     6  2056   397
  90 1858.5163 1051.6520    28     7     6  2380   115
  91 2148.3715 1052.5065    26     6     5  1759    -1
  92 1992.5198 1053.0026    30     7     6  2258   347
  93 1842.2827 1053.4643    28     6     5  2408   103
  94 2131.0597 1054.3943    26     6     5  1811   249
  95 1975.8329 1054.6491    29     6     6  2228   237
  96 1826.3119 1055.2047    27     6     6  2376    77
  97 2113.9162 1056.1814    28     6     6  1943   361
  98 1959.1675 1056.5096    27     6     5  2180   405
  99 1810.4520 1056.6566    24     6     5  1596   121
 100 2096.7313 1057.7972    27     6     6  1912   341
 101 1942.6845 1058.3179    28     6     6  2240   209
 102 2079.6681 1059.6051    25     6     5  1821   369
 103 1926.1378 1059.8892    30     6     6  2389   195
 104 2062.6450 1061.4533    27     6     5  1950   276
 105 1909.7307 1061.5864    28     6     5  2280   167
 106 2203.7120 1062.6630    24     6     5  1568   238
 107 2045.6745 1063.2570    28     6     6  2042   342
 108 1893.2885 1063.4258    28     6     5  2303   116
 109 2186.3309 1064.5466    26     6     5  1708   425
 110 2028.7763 1064.8173    27     6     6  2034   336
 111 1876.9975 1065.1244    30     6     6  2493   106
 112 2168.8158 1066.3970    27     6     5  1787    -1
 113 2011.9011 1066.5366    26     6     5  2038   254
 114 1860.7236 1066.6931    29     6     6  2434    92
 115 2151.3920 1068.2214    28     7     6  1863   218
 116 1995.1184 1068.4342    26     6     5  2060    -1
 117 1844.5092 1068.4662    29     7     5  2427    68
 118 2134.0996 1069.8380    29     6     6  1947   251
 119 1978.3818 1070.0921    29     7     6  2237   236
 120 1828.3978 1070.1915    28     6     6  2408    53
 121 1801.5000 1070.8810    15     3    11   771   357
 122 2116.8340 1071.5788    26     6     5  1833   245
 123 1812.5964 1071.6142    23     5     5  1544    98
 124 1961.7013 1071.6811    28     6     6  2195   241
 125 2099.6095 1073.4781    28     7     5  1948   339
 126 1945.0845 1073.4817    26     6     5  2176   206
 127 1928.5781 1075.2010    31     7     6  2433   177
 128 2082.5138 1075.2711    28     7     6  1981   345
 129 1912.0588 1076.7503    29     6     6  2377   162
 130 2065.4375 1076.8157    30     7     6  2124   312
 131 2207.0053 1078.5185    26     6     5  1678   375
 132 1895.6851 1078.5190    29     7     5  2347   141
 133 2048.4172 1078.5732    28     7     5  2028   350
 134 1879.2587 1080.2744    29     6     6  2403   131
 135 2031.4375 1080.3953    27     7     5  1990   188
 136 2189.4267 1080.4241    24     6     5  1582   410
 137 1862.9563 1081.8350    30     6     6  2506    74
 138 2014.6046 1082.0370    28     6     6  2117   296
 139 2171.9600 1082.1568    28     6     6  1837    -1
 140 1846.7520 1083.5265    28     6     5  2380    51
 141 1997.7473 1083.6413    28     6     6  2136   281
 142 2154.5674 1083.7239    27     7     6  1810   196
 143 1830.5527 1085.2696    30     7     6  2468    78
 144 1980.9870 1085.4876    26     6     5  2107   287
 145 2137.1621 1085.5295    27     6     5  1859   314
 146 1814.6399 1086.6399    24     5     6  1586    91
 147 1964.2369 1087.1456    27     6     6  2171   247
 148 2119.8559 1087.4115    27     6     5  1881   160
 149 1947.5940 1088.7143    28     7     6  2240   200
 150 2102.6223 1089.0785    28     6     6  1948   273
 151 1930.9918 1090.4901    26     6     5  2213   185
 152 2085.3996 1090.6272    27     6     6  1908   173
 153 1914.4222 1092.1605    30     7     6  2413   180
 154 2068.2096 1092.4641    27     6     5  1963   203
 155 1897.9811 1093.6792    29     6     6  2404    -1
 156 2051.2096 1094.2345    27     6     6  1994   363
 157 2210.3254 1094.4290    23     6     5  1488   374
 158 1881.5712 1095.4639    28     7     5  2313   107
 159 2034.1686 1095.7438    30     6     6  2185   306
 160 2192.7173 1096.2356    27     6     6  1732   220
 161 1865.1892 1097.1096    29     6     6  2454    81
 162 2017.2061 1097.5029    27     6     5  2051   272
 163 2175.0895 1097.8126    27     6     6  1769   175
 164 1848.9219 1098.5879    28     6     6  2412    54
 165 2000.3272 1099.2476    27     6     6  2079   234
 166 2157.6452 1099.5843    24     6     5  1627   317
 167 1832.7658 1100.4148    28     6     6  2363    37
 168 1983.5939 1100.7792    28     7     6  2188    -1
 169 2140.2146 1101.3943    26     6     5  1773   144
 170 1816.6857 1101.9509    25     5     6  1627    80
 171 1966.8341 1102.5061    27     6     5  2167   242
 172 2122.8261 1103.0435    29     6     6  1956   122
 173 1950.0534 1104.2359    30     6     6  2371   417
 174 2105.5499 1104.6442    28     7     6  1941   404
 175 1933.4446 1105.7441    31     7     6  2435   169
 176 2088.2669 1106.4359    27     6     5  1912   292
 177 1916.8916 1107.4839    27     6     5  2282   158
 178 2071.1284 1108.1834    29     6     6  2069   187
 179 1900.3141 1109.1197    28     6     6  2352    89
 180 2053.9621 1109.6592    29     6     6  2097   153
 181 2213.5571 1110.4369    25     6     5  1583   274
 182 1883.8594 1110.6462    29     6     6  2421    93
 183 2036.9627 1111.4839    27     6     5  2033    -1
 184 2195.9709 1112.1190    27     6     6  1728   178
 185 1867.4403 1112.3721    29     7     6  2404   101
 186 2019.9515 1113.1371    31     6     6  2261   275
 187 2178.3610 1113.6854    26     6     6  1710   428
 188 1851.0818 1113.9191    31     6     6  2607    65
 189 2003.0069 1114.6099    28     6     6  2128   378
 190 2160.7235 1115.5000    27     6     5  1793   222
 191 1834.9430 1115.5230    26     6     5  2300    55
 192 1986.0832 1116.4492    26     6     5  2087   386
 193 2143.2901 1117.2516    27     6     6  1817   337
 194 1818.7500 1117.3125    23     5     5  1518    57
 195 1969.3273 1118.0036    28     6     6  2234    36
 196 2125.8394 1118.7404    27     6     6  1845   250
 197 1952.5488 1119.5890    28     7     5  2220    -1
 198 2108.4585 1120.5158    26     7     5  1806   334
 199 1935.9089 1121.3593    29     6     6  2367   208
 200 2091.2002 1122.2747    27     6     6  1927   399
 201 1919.2255 1122.8361    30     6     6  2458   163
 202 2073.9766 1123.7359    29     6     6  2069   223
 203 1902.7423 1124.4879    27     6     5  2258    97
 204 2056.8588 1125.4984    27     6     5  1991   291
 205 1886.1529 1126.1247    29     6     6  2444   105
 206 2216.9855 1126.4046    26     6     5  1646    39
 207 2039.7234 1127.1750    30     6     6  2140   382
 208 1869.7584 1127.6430    29     6     6  2429    72
 209 2199.2093 1128.0733    27     6     6  1725   142
 210 2022.6405 1128.5948    25     6     5  1862   354
 211 1853.2842 1129.3109    30     6     6  2510    41
 212 2181.5312 1129.5990    26     7     5  1684   315
 213 2005.6788 1130.4288    27     6     5  2038   224
 214 1837.0296 1130.7832    30     6     6  2531   352
 215 2163.8815 1131.4571    26     6     5  1743   176
 216 1988.7713 1131.9306    30     6     6  2285   298
 217 1820.8615 1132.4208    24     6     5  1579    87
 218 2146.3392 1133.1410    27     6     6  1804   310
 219 1971.8985 1133.5219    27     6     5  2173   189
 220 2128.8825 1134.6155    27     6     6  1852   253
 221 1955.0699 1135.2318    30     6     6  2365   134
 222 2111.4960 1136.4425    28     7     5  1904   304
 223 2024.0007 1136.4916    30     6     5  2217   213
 224 1938.2843 1136.7146    30     6     6  2390   136
 225 2094.1239 1138.0360    29     6     6  2019   316
 226 1921.7089 1138.4133    29     7     6  2350   104
 227 2076.8511 1139.5483    26     6     5  1901   392
 228 1905.0323 1139.9388    31     6     6  2555    85
 229 2059.6648 1141.3640    28     6     6  2025   260
 230 1888.4591 1141.5151    29     7     5  2379    94
 231 2220.2982 1142.4235    24     6     5  1527   151
 232 2042.5284 1142.7855    28     7     6  1999    -1
 233 1871.9838 1143.1600    31     6     6  2600    60
 234 2033.0028 1143.7614    16     5     4  1152   398
 235 2202.5247 1144.1841    26     6     6  1664   183
 236 2025.3543 1144.5033    26     6     5  1904   229
 237 1855.5291 1144.6296    30     7     6  2495    18
 238 2184.7265 1145.6170    24     6     5  1593   129
 239 2008.3165 1146.1131    28     6     6  2103   246
 240 1839.2064 1146.2901    29     6     6  2465    16
 241 2167.0805 1147.4592    26     6     5  1741   349
 242 1991.2952 1147.6057    29     7     6  2207   186
 243 1823.0816 1147.6658    24     6     5  1580    38
 244 2149.4586 1149.1275    28     7     6  1859   332
 245 1974.4508 1149.2816    29     7     6  2242   393
 246 2131.9091 1150.5988    27     6     6  1856   366
 247 1957.5960 1150.7533    29     7     6  2283   145
 248 2114.4730 1152.3882    28     7     5  1919   138
 249 1940.8533 1152.4400    28     6     6  2283   109
 250 2097.0807 1153.8947    29     6     6  2020   324
 251 1924.0747 1153.9326    31     6     6  2500   401
 252 1907.3637 1155.5123    30     7     5  2395    75
 253 2079.8190 1155.5189    27     6     5  1933   328
 254 1890.7949 1157.0777    30     6     6  2497    66
 255 2062.4542 1157.1530    30     7     6  2111   269
 256 1874.1710 1158.5616    28     6     6  2391    33
 257 2223.6077 1158.6015    24     6     5  1525   192
 258 2045.2363 1158.6190    28     6     6  2022   258
 259 1857.7846 1160.1740    30     6     6  2540    44
 260 2028.0901 1160.3860    29     6     6  2099   244
 261 2205.8158 1160.3947    27     6     5  1730   184
 262 1841.3304 1161.6182    28     6     6  2373    52
 263 2011.0028 1161.7739    29     6     6  2162   231
 264 2187.9655 1161.8300    28     6     6  1806   147
 265 1825.2807 1163.2647    24     6     5  1574    19
 266 1994.0046 1163.4668    27     6     5  2103   207
 267 2170.2344 1163.5069    27     6     5  1783   266
 268 1977.0328 1164.9374    31     6     6  2357   385
 269 2152.5980 1165.2216    27     6     6  1799   356
 270 1960.0857 1166.5024    27     6     5  2190   118
 271 2134.9879 1166.6452    28     6     6  1896   402
 272 1943.2986 1168.0732    29     7     6  2324   415
 273 2117.4865 1168.4135    28     7     5  1920   321
 274 1926.4752 1169.5426    30     7     5  2346   132
 275 2099.9974 1169.8769    29     6     6  2031   289
 276 1909.7898 1171.1362    30     6     6  2473    63
 277 2082.7189 1171.5053    27     6     5  1921   389
 278 1893.1100 1172.5682    28     6     6  2382    58
 279 2065.3272 1173.0984    29     7     6  2075   267
 280 1876.5472 1174.1844    31     7     6  2545    -1
 281 2048.0617 1174.5346    27     6     5  2014   232
 282 2226.9818 1174.8303    27     6     6  1680   108
 283 1860.0292 1175.5978    29     6     6  2493    31
 284 2030.8848 1176.2711    29     6     6  2136    -1
 285 2209.0747 1176.4848    26     6     5  1695   143
 286 1843.6209 1177.2013    31     7     6  2551    24
 287 2013.7761 1177.6527    29     6     6  2131   205
 288 2191.2560 1178.2150    27     6     6  1764   216
 289 1827.4738 1178.5315    24     6     5  1581    62
 290 1996.6692 1179.3169    31     7     6  2271   383
 291 2173.4159 1179.5981    29     7     5  1878   255
 292 1979.6337 1180.7380    30     7     6  2248   110
 293 2155.7747 1181.3991    28     6     6  1866   228
 294 1962.7472 1182.3634    28     6     6  2205   113
 295 2138.0309 1182.8114    29     6     6  1951   320
 296 1945.7595 1183.7725    30     6     6  2344    73
 297 2120.5422 1184.4659    27     7     5  1848   300
 298 1928.9558 1185.4117    29     6     6  2356    64
 299 2103.0043 1185.9803    30     6     6  2085   285
 300 1912.1765 1186.7655    30     6     6  2449    47
 301 2085.6201 1187.5459    28     7     5  1966   384
 302 1895.4735 1188.3488    29     7     6  2356    21
 303 2068.1944 1189.1320    28     6     6  2025   406
 304 1878.8744 1189.7664    30     6     6  2491   156
 305 2050.9147 1190.5369    26     6     5  1951   248
 306 1862.2226 1191.3352    30     6     6  2477    20
 307 2230.3631 1191.3917    24     6     5  1514    -1
 308 2033.6594 1192.1871    31     7     6  2234   210
 309 2212.4650 1192.7372    26     7     6  1671   161
 310 1845.8190 1192.7470    29     6     6  2450     3
 311 2016.4016 1193.6207    30     7     6  2171    -1
 312 1829.5899 1194.3961    23     5     5  1506    30
 313 2194.5415 1194.4663    27     7     5  1736   140
 314 1999.2819 1195.2250    28     6     6  2120   135
 315 2176.6712 1195.9347    27     6     6  1794   364
 316 1982.1802 1196.6022    28     6     6  2163   264
 317 2158.9244 1197.5294    26     6     5  1776   329
 318 1965.2004 1198.1806    30     6     6  2311    95
 319 2141.1960 1199.1300    27     6     6  1850   311
 320 1948.2167 1199.6131    29     7     6  2290   112
 321 2123.5830 1200.5911    27     7     5  1844   297
 322 1931.3914 1201.1697    30     7     6  2375    67
 323 2105.9756 1202.2125    29     6     6  2024   278
 324 1914.5920 1202.5966    30     7     6  2370    32
 325 2088.5351 1203.6406    30     7     6  2069   262
 326 1897.8293 1204.0986    30     6     6  2484    42
 327 2071.0533 1205.2647    29     6     6  2079   239
 328 1881.0965 1205.5237    28     6     6  2369    23
 329 2053.7308 1206.6680    30     6     6  2137   240
 330 1864.5227 1206.9961    31     7     6  2564     7
 331 2233.7143 1207.6273    24     6     5  1522   182
 332 2036.3759 1208.2504    29     7     6  2119   212
 333 1848.0349 1208.4731    28     6     6  2404     8
 334 2215.7697 1209.3483    28     6     6  1756   271
 335 2019.1561 1209.6064    28     6     6  2124    -1
 336 1831.6888 1209.7527    24     5     6  1576   166
 337 2197.7771 1210.6612    26     6     6  1697   211
 338 2001.9633 1211.2303    30     6     6  2249   155
 339 2179.9697 1212.4326    27     6     5  1795   171
 340 1984.9024 1212.5646    31     6     6  2308   152
 341 2162.0711 1213.7909    29     6     6  1921   400
 342 1967.7819 1214.1145    30     6     6  2330    96
 343 2144.2945 1215.4428    27     6     5  1822   295
 344 1950.8882 1215.5168    28     6     6  2232   120
 345 2126.6724 1216.8544    27     6     6  1872   219
 346 1933.8991 1217.0376    30     6     6  2417    61
 347 2109.0143 1218.4857    26     6     5  1858    -1
 348 1917.0110 1218.4934    28     6     5  2308    40
 349 2091.4642 1219.8697    31     7     6  2137   280
 350 1900.1962 1219.8841    30     6     6  2471    22
 351 1883.4632 1221.3342    31     7     6  2473    11
 352 2073.9468 1221.4468    27     6     5  1970   221
 353 1866.8154 1222.7475    30     6     6  2486     9
 354 2056.5701 1222.8247    30     7     6  2156    -1
 355 1850.2330 1224.2340    29     6     6  2450    14
 356 2237.1987 1224.3429    25     6     6  1562   233
 357 2039.1389 1224.4257    30     6     6  2173   191
 358 1833.8199 1225.5720    24     6     5  1547    29
 359 2219.1601 1225.6756    28     6     6  1753   235
 360 2021.9149 1225.7669    31     6     6  2273   149
 361 2004.7136 1227.2918    30     6     6  2235   117
 362 2201.1464 1227.3417    28     6     6  1779   128
 363 2183.1077 1228.6598    28     6     6  1813   365
 364 1987.5027 1228.6626    31     7     6  2282   146
 365 1970.3761 1230.1571    30     7     6  2299    88
 366 2165.2277 1230.3568    26     6     6  1726   331
 367 1953.2428 1231.5577    29     7     6  2247   119
 368 2147.4699 1231.7194    29     7     6  1915   307
 369 1936.3632 1233.0112    30     7     6  2392    -1
 370 2129.7267 1233.3543    28     6     6  1894   308
 371 1919.4301 1234.4103    29     7     6  2308    45
 372 2112.0326 1234.6434    29     6     6  1987   395
 373 1902.5995 1235.8200    30     7     6  2425    25
 374 2094.3883 1236.2532    29     7     6  2005   198
 375 1885.8484 1237.2695    30     6     6  2476    17
 376 2076.9468 1237.5835    28     6     6  2011   412
 377 1869.0744 1238.5714    29     6     6  2444     1
 378 2059.3768 1239.1398    29     7     6  2083   204
 379 1852.4760 1240.0160    30     7     6  2498     6
 380 2042.0089 1240.5163    27     6     5  2024   288
 381 2240.6107 1240.7085    27     6     6  1657   165
 382 1836.0884 1241.4551    26     6     5  1679    -1
 383 2024.6405 1241.9729    31     7     6  2269   154
 384 2222.4784 1242.4043    25     6     5  1574   358
 385 2007.2952 1243.4502    29     7     5  2153   157
 386 2204.4735 1243.7122    28     7     6  1777    83
 387 1990.1146 1244.7809    30     6     6  2294    56
 388 2186.3636 1245.3889    27     7     5  1746   326
 389 1972.9784 1246.2911    30     6     6  2309    82
 390 2168.5142 1246.7128    29     7     6  1873   322
 391 1955.9533 1247.6005    30     6     6  2336    -1
 392 2150.5955 1248.3295    28     6     6  1840   194
 393 1938.8900 1249.0612    30     6     6  2382    79
 394 2132.7927 1249.6197    28     6     6  1868   284
 395 1921.9252 1250.4632    28     6     6  2296    28
 396 2115.0534 1251.2290    30     6     6  2024   265
 397 1905.0295 1251.7788    31     6     6  2515    -1
 398 2097.3931 1252.5553    28     7     5  1924   390
 399 1888.1387 1253.2226    31     6     6  2516    10
 400 2079.8261 1254.0602    30     6     6  2098   226
 401 1871.3353 1254.5744    30     7     6  2441     4
 402 2062.2140 1255.4589    27     6     5  1934   190
 403 1854.7705 1255.9610    30     6     6  2513     5
 404 2044.8073 1256.8333    29     6     6  2104    -1
 405 1838.3324 1257.4135    25     6     5  1620    -1
 406 2244.0793 1257.4241    26     6     5  1590   111
 407 2027.4070 1258.2931    29     7     6  2117   159
 408 2225.9484 1258.9631    29     6     6  1789   387
 409 2010.0997 1259.5977    29     6     6  2187    76
 410 2207.7669 1260.5169    26     6     5  1656   133
 411 1992.8329 1261.0535    30     6     6  2275    90
 412 2189.7455 1261.8592    27     6     6  1737   130
 413 1975.6691 1262.4486    31     7     6  2289    99
 414 2171.6895 1263.4252    27     6     5  1751   270
 415 1958.4470 1263.8120    32     7     6  2411   379
 416 2153.7793 1264.7183    27     6     6  1776   309
 417 1941.3698 1265.1667    30     7     6  2337    35
 418 2135.9100 1266.3286    28     6     6  1861   388
 419 1924.2995 1266.5507    30     7     6  2348    26
 420 2118.1201 1267.5650    28     6     6  1908   282
 421 1907.3793 1267.8900    32     7     6  2536    15
 422 2100.3933 1269.1067    29     7     6  1984   243
 423 1890.5494 1269.2089    32     7     6  2531    13
 424 2082.8119 1270.4872    27     6     5  1895   227
 425 1873.7484 1270.5699    31     7     6  2480     2
 426 2065.1088 1271.8273    30     6     6  2111   343
 427 1857.0152 1271.9138    31     6     6  2536    -1
 428 2047.6593 1273.2805    31     7     6  2165   164
 429 1840.5708 1273.4015    23     6     5  1475   126
 430 2247.3077 1273.9103    22     5     5  1178   411
 431 2030.1607 1274.5811    28     6     6  2066   127
 432 2229.3074 1275.3815    22     5     5  1235   371
 433 2012.8352 1275.9922    30     6     6  2207    70
 434 2211.1118 1277.1793    25     6     6  1487   362
 435 1995.4709 1277.3748    31     7     6  2237    -1
 436 2192.9530 1278.5138    26     6     5  1662   340
 437 1978.1807 1278.6530    30     6     6  2258    71
 438 2174.9664 1280.0313    29     6     6  1881   302
 439 1961.0256 1280.0456    31     6     6  2351    49
 440 1943.9238 1281.4251    28     6     6  2214    -1
 441 2156.8798 1281.4281    26     6     5  1745   294
 442 1926.8995 1282.6916    31     6     6  2411    46
 443 2138.9718 1282.8387    30     6     6  1996   259
 444 1909.8373 1284.0622    30     6     6  2416    -1
 445 2121.1260 1284.3111    30     6     6  2024   257
 446 1892.9190 1285.4168    29     6     6  2364    12
 447 2103.3418 1285.5847    30     7     6  2031   230
 448 1876.0297 1286.6124    29     6     6  2411     0
 449 2085.7228 1287.0231    31     7     6  2156   217
 450 1859.2600 1287.9583    30     6     6  2471   380
 451 2068.0319 1288.4281    29     6     6  2076   201
 452 1842.6948 1289.3149    23     5     5  1458    -1
 453 2050.4735 1289.6931    31     7     6  2192   168
 454 2032.9314 1291.0840    31     6     6  2264   125
 455 2015.5505 1292.4235    31     7     6  2243   137
 456 1998.1492 1293.7190    30     6     6  2281   102
 457 1980.8711 1295.0746    30     6     6  2311    50
 458 1963.6554 1296.3675    32     7     6  2385    59
 459 1946.3526 1297.6864    32     7     6  2421    43
 460 1929.2825 1298.9630    31     7     6  2442    48
 461 1912.2116 1300.2675    29     6     6  2237    34
 462 1895.1876 1301.4914    28     6     6  2101    27
 463 1878.3301 1302.6375    30     6     6  2118    69
 464 1861.5052 1303.9682    27     6     6  1931   139
 465 1845.0882 1304.9118    22     5     5  1202   409
 466 1885.1500 1320.2000    23    14     3  1190   323
