487
   0 1675.2045 1020.0455     7     3     3   438    -1
   1 1698.4280 1020.7865   140    37    10  8417   249
   2 1652.7843 1022.2348    16     5     4  1113   407
   3 1411.4661 1033.3475    10     2     8   559    -1
   4 1730.3209 1034.6655    21     5     5  1346   409
   5 1714.7207 1036.4784    25     6     5  2129    -1
   6 1699.2960 1037.9960    28     6     6  2400   405
   7 1683.7754 1039.5965    26     6     5  2513   387
   8 1668.4039 1041.3769    27     6     6  2682   443
   9 1653.0837 1042.8794    29     6     6  2992   360
  10 1637.8149 1044.5269    26     6     5  2859   340
  11 1437.5000 1045.2659     8     3     3   652   403
  12 1622.5592 1046.2923    27     6     6  2905   339
  13 1607.3785 1047.7690    28     6     6  3021   331
  14 1732.2192 1049.4024    24     6     5  1784    -1
  15 1592.2192 1049.4885    26     6     5  2949   302
  16 1716.5893 1050.9003    28     6     6  2744    -1
  17 1577.1641 1051.1043    30     6     6  3206   296
  18 1701.0607 1052.5239    26     6     5  2766   401
  19 1562.1049 1052.5898    28     6     6  3159   293
  20 1685.5685 1054.3138    27     6     6  2752    -1
  21 1547.1015 1054.3445    29     6     6  3219   268
  22 1532.1881 1055.7898    28     6     6  3208   246
  23 1670.1353 1055.8293    29     6     6  2947   372
  24 1517.3020 1057.4843    27     6     5  3133   236
  25 1654.7728 1057.5095    26     6     5  2781   348
  26 1502.4687 1059.0194    27     6     6  3235   220
  27 1639.4221 1059.1974    29     7     6  2977   452
  28 1487.6051 1060.5309    25     6     5  3096   191
  29 1624.1538 1060.6775    29     6     6  3033   332
  30 1472.8811 1062.2310    29     6     6  3439   177
  31 1608.9163 1062.4550    26     6     5  2924   323
  32 1458.2800 1063.6664    28     6     6  3377   176
  33 1593.7038 1063.9465    28     6     6  3044   299
  34 1734.0137 1064.1306    25     6     6  1832    -1
  35 1443.5731 1065.3746    26     6     6  3230   431
  36 1578.5927 1065.5296    26     6     5  2854   308
  37 1718.4439 1065.6493    27     7     6  2616    -1
  38 1429.0901 1066.8153    27     6     6  3275   121
  39 1563.5115 1067.1731    26     5     6  2949   271
  40 1702.8958 1067.4330    28     6     6  2863   384
  41 1414.5371 1068.4818    24     5     5  2846   166
  42 1548.4859 1068.6552    25     6     6  2880   251
  43 1687.3487 1068.9445    28     6     6  2887   463
  44 1400.0739 1069.9816    24     6     6  2749    99
  45 1533.5085 1070.3458    24     5     6  2854   244
  46 1671.8779 1070.5303    26     6     5  2819   370
  47 1385.5937 1071.5279    22     5     5  2317   123
  48 1518.5371 1071.7744    27     6     6  3103   233
  49 1656.4112 1072.2629    28     7     6  2897   349
  50 1371.3970 1073.1430    21     5     6  1613   304
  51 1503.6592 1073.4401    26     6     5  3052   205
  52 1641.0486 1073.7176    29     6     6  3054   381
  53 1488.8403 1074.9443    29     6     6  3316   196
  54 1625.7602 1075.4418    28     6     6  2964   327
  55 1474.1289 1076.5129    26     6     5  3235   172
  56 1610.4581 1076.9547    28     6     6  3023   301
  57 1459.4402 1078.0653    27     6     6  3273   160
  58 1595.2191 1078.5334    27     6     5  2966   288
  59 1735.8955 1078.8676    25     6     6  1824   400
  60 1444.6412 1079.5197    25     6     5  3127   131
  61 1580.0735 1080.1702    29     6     6  3145   277
  62 1720.2797 1080.5236    28     6     5  2671   368
  63 1430.1366 1081.1776    28     6     6  3354   113
  64 1564.9609 1081.5892    28     6     6  3138   269
  65 1704.6923 1082.1812    30     6     6  2946    -1
  66 1415.5000 1082.5713    25     5     6  3129   114
  67 1549.8570 1083.2976    29     6     6  3209   245
  68 1689.0959 1083.6637    29     6     6  2947   359
  69 1401.0198 1084.2248    28     6     6  3391    70
  70 1534.8262 1084.7084    29     6     6  3216   227
  71 1673.5940 1085.3851    28     7     6  2836   366
  72 1386.5710 1085.5865    25     5     6  2996    51
  73 1519.8625 1086.3876    28     6     6  3215   223
  74 1658.1232 1086.8912    30     6     6  3095   330
  75 1372.3355 1087.2285    20     5     5  1906   202
  76 1504.9712 1087.7901    29     6     6  3322   188
  77 1642.7283 1088.4980    28     6     5  2924   328
  78 1490.1011 1089.4426    27     6     6  3250   183
  79 1627.3496 1090.0993    28     6     6  3022   322
  80 1475.3421 1090.8483    28     6     6  3312   161
  81 1612.0219 1091.5613    28     6     6  3063   303
  82 1460.5155 1092.4547    25     5     5  3060   144
  83 1596.7220 1093.2581    29     6     6  3112   281
  84 1737.8007 1093.7699    24     6     5  1752   398
  85 1445.7773 1093.9444    28     6     6  3351   106
  86 1581.5206 1094.6869    26     6     6  2905   274
  87 1722.1305 1095.4744    27     6     5  2641   376
  88 1431.2328 1095.4995    26     6     5  3261    90
  89 1566.4017 1096.3475    28     6     6  3059   265
  90 1416.5310 1096.9590    26     5     6  3302    78
  91 1706.5369 1096.9934    30     7     6  2937   442
  92 1551.3021 1097.7356    28     6     6  3153   253
  93 1402.0134 1098.4756    26     6     5  3345    33
  94 1690.9179 1098.5224    26     6     5  2774   367
  95 1536.1957 1099.3950    29     6     6  3221   226
  96 1387.5707 1099.9470    26     5     6  3139    47
  97 1675.3154 1100.2023    29     6     6  2945   365
  98 1521.2376 1100.7805    28     6     6  3218   204
  99 1373.2921 1101.4524    24     6     5  2167   218
 100 1659.7949 1101.6633    29     6     6  2993   335
 101 1506.2769 1102.4313    28     6     6  3206   180
 102 1644.3217 1103.3373    28     6     6  2937   324
 103 1491.3753 1103.8044    28     6     6  3276   158
 104 1628.9322 1104.7800    30     6     6  3136   326
 105 1476.4878 1105.4099    26     5     6  3098   143
 106 1613.5910 1106.4077    26     6     6  2839   319
 107 1461.6168 1106.8323    28     6     6  3326   109
 108 1598.2959 1107.8829    28     6     6  3095   284
 109 1446.9123 1108.4303    28     6     6  3379   356
 110 1739.7150 1108.7187    24     6     5  1735   385
 111 1583.0029 1109.4846    26     6     5  3048   254
 112 1432.3087 1109.7852    27     6     6  3331    81
 113 1724.0283 1110.4717    26     6     5  2608   457
 114 1567.7634 1110.9226    28     6     6  3158   252
 115 1417.5594 1111.3943    26     6     6  3202    67
 116 1708.3564 1111.9524    28     6     6  2828    -1
 117 1552.6521 1112.4575    28     6     5  3070   234
 118 1403.0440 1112.7495    28     6     6  3444    30
 119 1692.7006 1113.4985    28     6     5  2776   438
 120 1537.5200 1113.9393    28     6     6  3196   209
 121 1388.5773 1114.3725    24     5     6  2972    24
 122 1677.0441 1115.0970    31     6     6  3081   362
 123 1522.5071 1115.4632    27     7     5  3036   190
 124 1374.1560 1115.6885    23     6     5  2089   206
 125 1661.4718 1116.5785    28     7     6  2853   344
 126 1507.4930 1116.9259    26     5     6  3148   159
 127 1645.9675 1118.2093    30     6     6  3117   378
 128 1492.5420 1118.4466    26     6     5  3061   433
 129 1630.5282 1119.6404    30     7     6  3024   320
 130 1477.6247 1119.8810    28     6     6  3316   105
 131 1615.1329 1121.2468    29     6     6  3109   297
 132 1462.7799 1121.4326    27     6     6  3279    82
 133 1599.7848 1122.6332    29     6     6  3132   278
 134 1448.0810 1122.7983    28     6     6  3381   117
 135 1741.6816 1123.8040    26     6     6  1823   382
 136 1584.4964 1124.2169    28     7     6  3078   256
 137 1433.3870 1124.4011    26     6     6  3221    79
 138 1725.9441 1125.4923    26     6     5  2606    -1
 139 1569.2562 1125.6303    29     6     6  3185   242
 140 1418.5744 1125.7028    28     6     6  3348    44
 141 1710.2245 1126.9703    30     6     6  2912    -1
 142 1554.0403 1127.2379    29     6     6  3247   215
 143 1404.0073 1127.2955    28     6     6  3444   112
 144 1694.4513 1128.5112    28     7     5  2735   358
 145 1538.9104 1128.5742    28     6     6  3220   182
 146 1389.5265 1128.6066    24     5     6  2973     8
 147 1678.7851 1130.0443    30     6     6  3012   357
 148 1523.7607 1130.1480    29     6     6  3291   174
 149 1375.0139 1130.1987    24     6     6  2136   147
 150 1508.7533 1131.5199    28     6     6  3208   163
 151 1663.1554 1131.5325    28     6     6  2906   334
 152 1493.7470 1133.0551    28     6     6  3295   126
 153 1647.6312 1133.0830    29     6     6  3035   373
 154 1478.8391 1134.4875    26     6     5  3220   110
 155 1632.1081 1134.5280    28     6     6  3005   310
 156 1463.9888 1135.9207    31     6     6  3516    94
 157 1616.6697 1136.0797    29     6     6  3118   282
 158 1449.1934 1137.4547    27     6     6  3294    74
 159 1601.2836 1137.5373    27     6     5  2958   258
 160 1434.4358 1138.8028    27     6     6  3328    57
 161 1585.9612 1139.0455    32     6     6  3391   247
 162 1743.5431 1139.0597    26     6     6  1811   399
 163 1419.6241 1140.3349    28     6     6  3374    23
 164 1570.6855 1140.4825    28     6     5  3060   232
 165 1727.8709 1140.5141    26     6     5  2578   369
 166 1405.0377 1141.6625    28     6     6  3455     7
 167 1555.4631 1141.9416    28     6     6  3189   217
 168 1712.0390 1142.0906    32     6     6  2997   451
 169 1390.5335 1143.1793    26     5     6  3149    16
 170 1540.2701 1143.4463    28     6     6  3131   195
 171 1696.1884 1143.5484    28     6     6  2783   351
 172 1375.8755 1144.5062    24     6     5  2172   100
 173 1525.1571 1144.8034    30     6     6  3346   178
 174 1680.5573 1145.0756    30     7     6  2949   354
 175 1510.0569 1146.3562    28     6     6  3264   148
 176 1664.9293 1146.5199    27     6     6  2857   333
 177 1495.0454 1147.6696    28     6     6  3305   136
 178 1649.3235 1148.0730    28     6     6  2969   318
 179 1480.0701 1149.2233    29     6     6  3362   115
 180 1633.8093 1149.5078    28     6     5  2939   314
 181 1465.1851 1150.5528    27     6     6  3281    92
 182 1618.2880 1151.0192    28     6     6  3070   294
 183 1450.3505 1152.0251    28     6     6  3373    63
 184 1602.8728 1152.4910    27     6     5  3013   397
 185 1435.4924 1153.4601    26     5     6  3154    56
 186 1587.4623 1153.9322    28     6     6  3126   248
 187 1745.4427 1154.4150    24     6     5  1706    -1
 188 1420.6682 1154.8110    29     6     6  3453    18
 189 1572.0970 1155.4288    28     6     6  3142   241
 190 1729.7284 1155.6963    29     6     6  2698   364
 191 1406.0394 1156.3079    28     6     6  3441    11
 192 1556.8360 1156.7550    29     6     6  3203   212
 193 1713.9163 1157.3090    29     6     6  2848   408
 194 1391.5079 1157.6011    24     5     6  2971    15
 195 1541.6064 1158.2878    29     6     6  3161   179
 196 1698.0710 1158.6519    29     6     6  2879   347
 197 1376.8355 1159.0653    22     5     6  2027    87
 198 1526.4522 1159.6403    26     6     6  2996   186
 199 1682.3024 1160.2339    28     6     6  2817   341
 200 1511.3810 1161.0915    28     6     6  3248   187
 201 1666.6314 1161.6694    30     7     6  2923   325
 202 1496.2835 1162.5090    27     6     5  3133   374
 203 1650.9575 1163.2043    30     6     6  3076   309
 204 1481.3242 1163.8909    29     6     6  3361   132
 205 1635.3599 1164.5861    29     6     6  2913   453
 206 1466.3616 1165.3610    28     6     6  3278    89
 207 1619.8429 1166.0733    30     6     6  3145   290
 208 1451.4400 1166.6779    27     6     6  3233    80
 209 1604.3600 1167.4826    28     6     6  2950    -1
 210 1436.5319 1168.1345    26     5     6  3278    37
 211 1588.9518 1168.8751    32     6     6  3322   342
 212 1421.7231 1169.4867    26     6     5  3259    27
 213 1747.4344 1169.5553    23     5     5  1638    -1
 214 1573.5938 1170.3553    27     6     6  2939   225
 215 1407.0772 1170.8198    28     6     6  3439   435
 216 1731.6277 1170.9893    28     6     6  2708   437
 217 1558.2843 1171.6182    29     6     6  3091   199
 218 1392.5256 1172.3254    26     5     6  3098    10
 219 1715.8311 1172.4710    28     6     6  2744   458
 220 1542.9813 1173.1976    30     6     6  3266   201
 221 1377.6803 1173.5482    23     5     5  2104    20
 222 1699.8993 1173.9464    32     6     6  3045   388
 223 1527.7990 1174.5227    27     6     6  3116   167
 224 1684.0480 1175.4613    28     6     6  2847   447
 225 1512.5897 1175.9327    28     6     6  3251   149
 226 1668.3347 1176.8461    30     6     6  2988   321
 227 1497.5350 1177.3526    27     6     6  3093   133
 228 1652.6749 1178.3163    30     6     6  2975   307
 229 1482.4795 1178.6980    28     5     6  3203   111
 230 1559.0241 1179.3120    34     6     6  3711   185
 231 1637.0396 1179.6640    29     6     6  3029   287
 232 1467.5026 1180.1112    26     5     6  3224    88
 233 1621.4381 1181.1315    29     7     6  3032   285
 234 1452.5319 1181.4857    27     6     6  3171    50
 235 1605.9385 1182.5329    28     6     6  3042   272
 236 1437.6075 1182.8294    29     6     6  3423    29
 237 1590.4590 1183.9639    28     6     6  3060   237
 238 1422.7848 1184.2639    28     6     6  3412     1
 239 1749.3880 1184.8127    25     5     6  1768    -1
 240 1575.0427 1185.4110    28     6     6  3075   235
 241 1408.0831 1185.5460    28     6     6  3465     5
 242 1566.3816 1186.0930    19     6     5  1896   338
 243 1733.5960 1186.3745    30     7     6  2719   377
 244 1559.5948 1186.7451    27     6     6  2921   210
 245 1393.5000 1186.8964    26     5     6  3177     0
 246 1717.6408 1187.8084    31     7     6  2899   395
 247 1544.3962 1188.1261    28     6     6  3125   184
 248 1378.7288 1188.3582    22     5     5  2066    14
 249 1701.7253 1189.2876    30     6     6  2898   386
 250 1529.1030 1189.5066    27     6     6  3161   181
 251 1685.8805 1190.6243    29     6     6  2898   353
 252 1513.9136 1190.8188    29     6     6  3307   150
 253 1670.0481 1192.1248    32     6     6  3127   300
 254 1498.7433 1192.2922    29     6     6  3308   122
 255 1654.2896 1193.5274    29     6     6  2871   298
 256 1483.6620 1193.5821    28     6     6  3203   101
 257 1638.6281 1194.9157    28     6     6  2954   283
 258 1468.6028 1194.9602    28     6     6  3336    85
 259 1453.6532 1196.3421    28     6     6  3300    61
 260 1623.0321 1196.3722    29     6     6  3038   250
 261 1438.7223 1197.6278    28     6     6  3348    36
 262 1607.4575 1197.7101    30     7     6  3028   261
 263 1423.8417 1198.9855    30     6     6  3537    26
 264 1591.9594 1199.1160    31     6     6  3248   221
 265 1409.0960 1200.3548    28     6     6  3452     3
 266 1751.4012 1200.4259    23     5     5  1636    -1
 267 1576.4993 1200.4614    28     7     6  2901   230
 268 1394.4701 1201.6153    27     6     6  3154    17
 269 1561.0992 1201.7730    30     6     6  3214   203
 270 1735.4504 1201.7782    31     7     6  2801   371
 271 1379.7197 1202.9333    25     5     6  2224    19
 272 1719.5044 1203.1851    31     7     6  2906   454
 273 1545.7132 1203.2121    30     6     6  3226   164
 274 1530.4570 1204.5260    27     6     6  3002   175
 275 1703.5523 1204.5993    30     7     6  2839   383
 276 1515.2661 1205.8505    29     6     6  3293   151
 277 1687.6351 1206.0234    30     6     6  2973    -1
 278 1500.0423 1207.2815    28     6     6  3281   138
 279 1671.8552 1207.4467    28     6     6  2864   316
 280 1484.9134 1208.5304    28     6     6  3311   103
 281 1656.0387 1208.7836    30     6     6  3076   276
 282 1469.8004 1209.8604    30     6     6  3434    65
 283 1640.3084 1210.2061    29     6     6  2995   275
 284 1454.7888 1211.2655    29     6     6  3403    42
 285 1624.6756 1211.5628    29     6     6  2948   259
 286 1439.8375 1212.5131    27     6     6  3329    45
 287 1609.0521 1212.8912    31     6     6  3209   239
 288 1424.9416 1213.7870    29     6     6  3495    13
 289 1593.4981 1214.2722    31     7     6  3104   243
 290 1410.1631 1215.1938    30     6     6  3551   439
 291 1577.9762 1215.5811    28     6     6  3101   222
 292 1753.3613 1215.7967    25     5     6  1769   393
 293 1395.4513 1216.4790    26     6     6  3108    28
 294 1562.5312 1216.9753    28     6     6  3098   193
 295 1737.4066 1217.2665    30     7     6  2742   436
 296 1380.6492 1217.5756    23     5     5  2115    43
 297 1547.1275 1218.3374    29     6     6  3184   170
 298 1721.3353 1218.6684    31     7     6  2874   446
 299 1531.8056 1219.5984    29     6     6  3178   165
 300 1705.3788 1220.0459    29     7     6  2877   375
 301 1516.5073 1220.9692    26     5     6  3088   145
 302 1689.4169 1221.4419    29     7     6  2810   329
 303 1501.3205 1222.2863    29     6     6  3266   130
 304 1673.5659 1222.8367    30     7     6  2973   311
 305 1486.1521 1223.5618    28     6     6  3277   116
 306 1657.7463 1224.2122    30     6     6  3067   280
 307 1471.0463 1224.8468    31     6     6  3525    93
 308 1641.9879 1225.5344    28     6     6  2968   295
 309 1455.9576 1226.2484    30     6     6  3491    76
 310 1626.2733 1226.8764    30     6     6  3150   266
 311 1440.9652 1227.4886    27     6     6  3364    52
 312 1610.6168 1228.2200    29     6     6  3025   260
 313 1426.0328 1228.7098    29     6     6  3509    34
 314 1595.0091 1229.5303    28     6     6  3052   240
 315 1411.1798 1230.0665    30     6     6  3599     9
 316 1579.4454 1230.8841    29     6     6  3098   216
 317 1396.4722 1231.3707    27     6     6  3222     6
 318 1755.3849 1231.5021    24     5     5  1669   389
 319 1563.9619 1232.2438    29     6     6  3171   197
 320 1381.5885 1232.4949    21     5     5  2022    77
 321 1739.3169 1232.8631    31     7     6  2861   445
 322 1548.5151 1233.4937    29     7     7  3042   459
 323 1723.2733 1234.2319    30     6     6  2854   391
 324 1533.1633 1234.7836    30     6     6  3291   162
 325 1707.1681 1235.5746    28     6     6  2768   350
 326 1517.8130 1236.1299    30     6     6  3324   127
 327 1691.2591 1236.9136    30     6     6  3011   343
 328 1502.5790 1237.3885    28     6     6  3122   102
 329 1675.2837 1238.2789    29     6     6  2911   289
 330 1487.3711 1238.6867    29     6     6  3266   119
 331 1659.4135 1239.6462    32     7     6  3057   337
 332 1472.2648 1239.9478    29     6     6  3393    98
 333 1643.6209 1240.9768    29     6     6  3046   279
 334 1457.1261 1241.2737    29     6     6  3416    69
 335 1627.8911 1242.3309    30     6     6  3126   255
 336 1442.0811 1242.5035    28     6     7  3403    66
 337 1612.1351 1243.5892    29     6     6  3064   224
 338 1427.1203 1243.7098    29     6     6  3504    58
 339 1596.5253 1244.9158    30     7     6  3121   238
 340 1412.2121 1245.0163    30     6     6  3615    31
 341 1580.9358 1246.2367    30     6     6  3205   200
 342 1397.4443 1246.2985    28     6     6  3321   410
 343 1757.3343 1247.2206    25     5     6  1769   380
 344 1382.5904 1247.4940    21     5     5  2046   104
 345 1565.4036 1247.4981    29     6     7  3026   440
 346 1741.2134 1248.4927    30     6     7  2735   402
 347 1549.9374 1248.7161    30     6     6  3217   171
 348 1725.1782 1249.8040    30     6     6  2911   390
 349 1534.5117 1250.0395    27     6     6  3059   156
 350 1709.0628 1251.2113    31     6     6  2991   355
 351 1519.1425 1251.3530    29     6     6  3212   430
 352 1693.0366 1252.5188    29     6     7  2883   346
 353 1503.8667 1252.5743    28     6     6  3230   142
 354 1677.0983 1253.8145    30     6     6  3036   305
 355 1488.5799 1253.8594    29     6     6  3303   412
 356 1473.4541 1255.0918    28     6     6  3318    -1
 357 1661.1507 1255.1785    32     6     6  3143   286
 358 1458.3074 1256.3616    28     6     6  3300    54
 359 1645.2478 1256.4860    31     6     7  3045   257
 360 1443.2297 1257.5950    29     6     6  3418    -1
 361 1629.4889 1257.7971    30     7     6  3028   262
 362 1428.2249 1258.7976    30     6     6  3550    -1
 363 1613.7375 1259.0571    30     6     6  3146   219
 364 1413.2499 1260.0596    29     6     6  3573    12
 365 1598.0352 1260.3627    30     6     6  3146   198
 366 1398.4503 1261.3087    28     6     6  3350   414
 367 1582.4176 1261.6133    31     7     6  3104   192
 368 1383.5849 1262.4961    21     5     5  2063   421
 369 1566.8642 1262.8349    32     6     6  3305   270
 370 1759.3533 1262.8552    25     5     6  1768   396
 371 1551.3690 1264.1064    29     6     6  3160   157
 372 1743.2381 1264.2279    31     6     6  2829   312
 373 1535.8769 1265.3889    29     6     6  3196   413
 374 1727.0645 1265.5619    29     6     6  2823   434
 375 1520.4681 1266.6185    30     7     6  3162    -1
 376 1711.0014 1266.8525    31     6     6  3014   379
 377 1505.1448 1267.8138    30     6     6  3364   108
 378 1694.8874 1268.1930    30     6     6  2992   306
 379 1489.7970 1269.1034    30     6     6  3406    -1
 380 1678.9031 1269.4499    30     6     7  2976   317
 381 1474.5870 1270.2929    28     6     6  3240    -1
 382 1662.9205 1270.7171    30     6     6  3029   291
 383 1459.4558 1271.5388    28     6     7  3232    48
 384 1646.9647 1272.0390    32     6     6  3214   264
 385 1444.3506 1272.7369    29     6     6  3438    -1
 386 1631.1042 1273.3524    30     6     6  3079   229
 387 1429.3120 1273.9538    29     6     6  3519   456
 388 1615.2966 1274.5941    30     6     6  3019   214
 389 1414.2761 1275.1896    29     6     6  3554     4
 390 1599.6099 1275.8427    30     6     6  3102   213
 391 1399.4397 1276.3973    27     6     6  3308    53
 392 1583.9343 1277.0974    32     6     6  3304    -1
 393 1384.5843 1277.4971    21     5     5  2082   418
 394 1568.3049 1278.2933    29     6     6  3080   173
 395 1761.3647 1278.6670    24     5     6  1673   394
 396 1552.7941 1279.5330    31     6     7  3216   422
 397 1745.2289 1279.9894    30     6     6  2824   336
 398 1537.2609 1280.7489    30     6     6  3248    -1
 399 1728.9903 1281.3327    29     6     6  2843   427
 400 1521.7812 1281.9873    30     6     6  3310   118
 401 1712.8892 1282.5831    30     6     6  2908   423
 402 1506.4528 1283.1811    30     6     6  3281   120
 403 1696.7015 1283.9154    32     6     6  3054    -1
 404 1491.0720 1284.4146    28     6     6  3274    91
 405 1680.6643 1285.1530    30     6     6  2967    -1
 406 1475.8302 1285.5922    29     6     6  3349    59
 407 1664.6613 1286.4049    33     7     7  3070    -1
 408 1460.5707 1286.8122    29     6     6  3388    39
 409 1648.6951 1287.7084    29     6     6  2947   267
 410 1445.4845 1287.9875    28     6     6  3402    49
 411 1632.7605 1288.9547    31     6     6  3151    -1
 412 1430.3783 1289.1787    29     6     6  3520    25
 413 1616.9348 1290.1970    30     6     6  3140   425
 414 1415.3391 1290.3710    29     6     6  3519     2
 415 1601.1125 1291.4202    31     6     7  3155    -1
 416 1400.4471 1291.5381    28     6     7  3366    68
 417 1385.5630 1292.5310    24     5     6  2264   140
 418 1585.4137 1292.6256    31     7     6  3103    -1
 419 1569.7619 1293.8144    29     6     6  3126   194
 420 1763.4065 1294.5444    24     5     5  1628   363
 421 1554.2071 1295.0097    31     6     6  3298   153
 422 1747.1847 1295.8803    30     6     6  2778   352
 423 1538.6184 1296.2093    29     6     6  3156   135
 424 1730.9302 1297.1925    30     6     6  2869   429
 425 1523.1239 1297.4308    30     6     7  3263   139
 426 1714.7762 1298.3996    30     6     6  2825   428
 427 1507.7187 1298.6207    31     6     7  3306   124
 428 1698.5495 1299.7411    31     7     6  2923   315
 429 1492.3745 1299.7992    29     6     6  3275    75
 430 1682.4037 1300.9374    30     7     6  2954    -1
 431 1477.0300 1300.9620    32     6     6  3585    71
 432 1461.7295 1302.1494    29     6     6  3424    64
 433 1666.3474 1302.1536    30     6     6  2955   273
 434 1446.5464 1303.2818    29     6     6  3370    40
 435 1650.3151 1303.4002    31     6     7  2983    -1
 436 1431.4457 1304.4594    29     6     7  3420    35
 437 1634.3802 1304.6677    32     7     6  3061   426
 438 1416.3918 1305.6272    29     6     6  3502    22
 439 1618.5270 1305.8695    30     7     6  3056   455
 440 1401.4585 1306.7465    28     6     6  3424    62
 441 1602.6914 1307.0541    30     6     6  3146    -1
 442 1386.5053 1307.7989    25     5     6  2381   129
 443 1586.9321 1308.2578    30     6     6  3164   208
 444 1571.2005 1309.4127    31     6     7  3166   168
 445 1765.1868 1310.2747    21     5     5  1232   404
 446 1555.6091 1310.6091    30     6     7  3095   146
 447 1749.1222 1311.6359    29     6     6  2252   392
 448 1540.0223 1311.7386    30     6     6  3269   141
 449 1524.4873 1312.9704    27     6     6  3089   137
 450 1732.8327 1313.0210    30     6     6  2498   361
 451 1508.9912 1314.1061    32     6     6  3471   107
 452 1716.5691 1314.2650    30     7     6  2585   345
 453 1493.5740 1315.2147    29     6     6  3234    97
 454 1700.2731 1315.5824    31     6     7  2837   313
 455 1478.2434 1316.3783    31     6     7  3382    95
 456 1684.1801 1316.7927    30     6     6  3010   292
 457 1462.9481 1317.5565    30     6     7  3464    86
 458 1668.0537 1317.9509    32     6     6  3137   263
 459 1447.6839 1318.6977    29     6     6  3397    41
 460 1651.9938 1319.2354    31     6     6  3156   228
 461 1432.5158 1319.8188    28     5     6  3423    32
 462 1636.0229 1320.4391    32     6     7  3241   231
 463 1417.4542 1320.9462    28     6     6  3585    21
 464 1620.1004 1321.6177    32     6     7  3274   211
 465 1402.4838 1322.0569    28     6     6  3499    55
 466 1604.2472 1322.7879    30     6     6  3209   207
 467 1387.4691 1323.2782    24     5     6  2300    84
 468 1588.4249 1323.9533    30     7     6  3192   169
 469 1572.7135 1325.1148    30     6     6  3242   152
 470 1556.9789 1326.2710    30     6     6  3277   154
 471 1541.3391 1327.3775    30     6     7  3190   155
 472 1525.8403 1328.5492    32     6     7  3428   128
 473 1510.2644 1329.7221    30     6     6  3346    73
 474 1494.8160 1330.8036    31     6     6  3487    83
 475 1479.4541 1331.9531    29     6     6  3410    60
 476 1731.6994 1332.0138   101    27    11  5702   125
 477 1464.0765 1333.0399    32     6     6  3704    38
 478 1448.8350 1334.2028    29     6     6  3486    46
 479 1433.5965 1335.1886    29     6     6  3377    72
 480 1418.4877 1336.2623    28     5     6  3184    96
 481 1713.9943 1336.4310     6     2     3   387   464
 482 1403.5459 1337.3541    24     5     6  2660   134
 483 1694.0870 1337.8261     9     4     3   588   406
 484 1388.5422 1338.4063    21     5     5  1808   189
 485 1715.3966 1344.0172     9     3     4   479   465
 486 1437.0143 1376.2857    14     2     7   770    -1
