490
   0  883.4231 1097.5659    18     4     7   991    -1
   1  896.0483 1104.4355   130    28     9  8375   440
   2  877.5464 1106.4360    50    13     7  3297    -1
   3  662.7727 1117.3182     5     3     2   261   442
   4  913.9771 1118.5404    17     4     5  1221    -1
   5  901.4182 1119.9668    19     5     5  1732    -1
   6  888.6773 1121.3160    22     5     5  2138    -1
   7  875.9709 1122.5747    21     6     5  2148   419
   8  863.3893 1123.9112    22     5     6  2311    -1
   9  675.0243 1124.8010     6     2     3   403   399
  10  850.7592 1125.3100    22     5     5  2400   243
  11  838.2375 1126.5134    22     5     5  2445    -1
  12  825.7346 1127.8010    21     5     5  2299   413
  13  813.2638 1129.2291    20     5     5  2211    -1
  14  800.8517 1130.5187    21     5     5  2281   416
  15  646.5620 1131.0887    87    25     8  5043   199
  16  788.4647 1131.7687    21     5     5  2241   417
  17  914.0396 1132.0886    17     5     4  1482    -1
  18  776.0839 1133.0710    21     6     6  2141    -1
  19  901.2671 1133.3683    22     5     5  2414    -1
  20  763.7733 1134.3500    22     5     5  2227    -1
  21  888.5820 1134.6276    23     5     5  2662   405
  22  751.4684 1135.5949    22     5     5  2238   438
  23  875.8246 1135.9510    24     6     6  2568    -1
  24  739.2454 1136.8848    21     5     5  2079   409
  25  863.1949 1137.3519    21     5     5  2407    -1
  26  727.0405 1138.1372    21     6     5  2012   411
  27  850.5886 1138.5950    23     5     5  2561    -1
  28  714.9083 1139.4210    20     5     5  1987   345
  29  837.9626 1139.8740    23     6     6  2380    -1
  30  702.8222 1140.6788    20     5     5  1962   342
  31  825.4177 1141.2300    21     5     5  2302    -1
  32  690.7649 1141.9131    19     5     5  1807   370
  33  812.9583 1142.5041    22     6     5  2324    -1
  34  678.7955 1143.1446    21     5     5  1835   423
  35  800.5423 1143.7595    21     5     5  2256   328
  36  666.8416 1144.4076    20     5     5  1682   392
  37  788.0657 1145.0537    22     6     6  2189   312
  38  913.9479 1145.5312    18     4     5  1572   198
  39  654.8978 1145.7115    17     4     5  1408   383
  40  775.6839 1146.3117    22     5     5  2242    -1
  41  901.2244 1146.8569    23     5     6  2380   127
  42  642.9543 1146.9878    15     4     4  1199   396
  43  763.3014 1147.5591    22     5     5  2233   313
  44  630.9901 1148.1087    14     4     4   953   397
  45  888.4071 1148.2505    22     5     6  2543   134
  46  750.9892 1148.8071    22     6     5  2116   317
  47  619.6778 1149.4556    10     3     4   545   393
  48  875.6842 1149.5123    22     5     5  2566   146
  49  738.7709 1150.0609    21     5     5  2043   333
  50  862.9528 1150.7118    23     6     5  2486   142
  51  726.5206 1151.3159    22     5     5  2121   327
  52  850.3534 1152.1216    23     5     6  2453   395
  53  714.3315 1152.5612    22     5     5  2097   336
  54  837.7172 1153.4206    22     5     5  2435   421
  55  702.2079 1153.8322    21     5     5  1947   343
  56  825.1696 1154.5700    22     5     5  2371   247
  57  690.1403 1155.0443    19     5     5  1773   425
  58  812.6544 1155.8523    22     5     6  2292   205
  59  678.0853 1156.2608    20     5     5  1832   347
  60  800.1527 1157.2311    23     6     6  2299   211
  61  666.0737 1157.5347    20     5     5  1807   352
  62  787.7173 1158.4497    22     5     5  2292   218
  63  654.0588 1158.8001    19     5     5  1673   367
  64  913.9931 1159.2060    18     4     5  1553   103
  65  775.2669 1159.6319    22     5     5  2237   233
  66  642.1331 1160.0044    17     5     4  1526   374
  67  901.0814 1160.4563    22     6     5  2359    67
  68  762.8913 1160.8760    22     6     6  2140   246
  69  630.3323 1161.0631    17     5     4  1333   382
  70  888.3355 1161.6922    22     5     5  2583    65
  71  750.5330 1162.1406    21     5     5  2110   262
  72  618.6203 1162.1646    11     3     4   708   390
  73  875.5064 1163.0593    23     5     6  2559    86
  74  738.2316 1163.3691    20     5     5  2062   283
  75  610.3966 1163.6724    15     2    12   779   435
  76  862.7455 1164.3794    22     5     5  2493   116
  77  726.0158 1164.5604    22     6     5  2110   271
  78  850.0900 1165.5268    23     6     5  2494   144
  79  713.8337 1165.7996    19     5     5  1888   321
  80  837.4748 1166.8056    22     5     6  2409   160
  81  701.6713 1167.0207    20     5     5  1893   325
  82  824.8465 1168.1420    24     6     6  2418   163
  83  689.5481 1168.2506    21     5     5  1924   305
  84  812.2557 1169.3644    22     5     5  2361   186
  85  677.4628 1169.4856    21     5     5  1884   341
  86  799.8095 1170.5967    20     5     5  2231   193
  87  665.4759 1170.7300    20     5     5  1787   362
  88  787.3317 1171.8122    22     5     5  2253   202
  89  653.4552 1171.9776    20     5     5  1714   353
  90  913.8625 1172.7641    18     5     5  1540   112
  91  641.4868 1173.0367    20     5     5  1682   351
  92  774.8438 1173.0579    22     5     6  2179   224
  93  900.9486 1174.1943    24     6     6  2417    40
  94  629.7361 1174.2283    18     5     5  1349    -1
  95  762.4248 1174.2692    21     5     5  2181   245
  96  617.8621 1175.4138    14     4     5   874   394
  97  888.1457 1175.4294    23     6     5  2581    54
  98  750.0700 1175.4771    20     5     5  2093   259
  99  875.3419 1176.5967    22     5     5  2548    82
 100  737.8069 1176.6860    20     5     5  2059   276
 101  862.5540 1177.8705    23     5     6  2521    92
 102  725.5253 1177.8978    20     5     5  1988   282
 103  713.2737 1179.1474    20     5     5  1950   299
 104  849.8103 1179.2194    24     6     6  2515   114
 105  701.1117 1180.3234    20     5     5  1940   314
 106  837.1861 1180.4128    21     5     5  2369   136
 107  688.9725 1181.5209    20     5     5  1908   330
 108  824.5773 1181.6403    22     5     5  2419   147
 109  676.8887 1182.7108    20     5     5  1849   339
 110  811.9371 1182.7931    23     6     6  2351   173
 111  664.8152 1183.9060    18     5     5  1671   360
 112  799.4098 1184.1189    21     5     6  2236   184
 113  652.8547 1185.0475    20     5     5  1716   372
 114  786.9134 1185.3816    22     6     5  2266   195
 115  640.8570 1186.2354    20     5     5  1703    -1
 116  774.4302 1186.5150    23     5     5  2354   226
 117  913.8059 1186.6324    19     5     5  1630    76
 118  628.9651 1187.4062    18     4     5  1401    -1
 119  762.0009 1187.6540    23     6     5  2254   241
 120  900.7930 1187.7492    22     5     6  2332    60
 121  617.2065 1188.7554    14     4     5   884   436
 122  749.6390 1188.8653    21     5     6  2115   238
 123  887.9710 1189.1073    26     6     6  2716    26
 124  737.2797 1190.1540    21     5     6  2076   252
 125  875.1384 1190.3738    22     6     5  2502    74
 126  724.9815 1191.3398    22     6     5  2099   260
 127  862.3422 1191.5298    22     5     5  2545    90
 128  712.7703 1192.4860    21     5     5  2049   285
 129  849.6161 1192.7366    21     5     5  2394   101
 130  608.7927 1193.2317    28     3    23  1441    -1
 131  700.5389 1193.6639    21     5     5  2002   307
 132  836.8783 1193.9917    25     6     6  2519   121
 133  688.3282 1194.8471    21     5     5  1923   361
 134  824.2516 1195.2971    21     5     5  2302   140
 135  676.2141 1196.0403    19     5     6  1744   334
 136  811.6532 1196.4463    22     5     5  2386   157
 137  664.1329 1197.1701    19     5     5  1729   349
 138  799.0560 1197.5634    23     6     5  2364   169
 139  652.0760 1198.3299    20     5     5  1776   410
 140  786.5581 1198.7831    21     5     5  2237   174
 141  640.0400 1199.5339    19     5     5  1687   431
 142  774.0283 1200.0247    22     6     6  2194   196
 143  913.6948 1200.4637    21     5     5  1738    52
 144  628.1200 1200.7484    17     4     5  1329    -1
 145  761.5418 1201.2064    21     5     5  2174   207
 146  900.7072 1201.5927    22     5     5  2384    44
 147  616.3795 1201.8494    13     4     4   816    -1
 148  749.1325 1202.3904    21     6     5  2163   231
 149  887.7939 1202.7465    24     6     6  2612    38
 150  736.8159 1203.5586    20     5     5  2092   250
 151  874.9190 1204.0615    26     6     6  2682    48
 152  724.4579 1204.7146    21     5     5  2094   265
 153  862.1465 1205.3384    23     6     6  2505    80
 154  712.1518 1205.8600    22     5     6  2039   278
 155  849.3311 1206.4530    23     5     5  2553    95
 156  699.9532 1207.0388    19     5     6  1826   298
 157  836.6605 1207.6324    23     5     5  2502   109
 158  687.7645 1208.2058    21     5     5  1927   304
 159  823.9120 1208.8056    23     6     6  2400   130
 160  675.6048 1209.3598    22     5     5  1949   308
 161  811.2993 1210.1109    23     5     6  2376   141
 162  663.4779 1210.5148    22     5     5  1913   335
 163  798.6777 1211.2946    22     5     5  2327   162
 164  651.3988 1211.6721    21     5     5  1811   350
 165  786.1270 1212.4350    20     5     5  2185   170
 166  639.3324 1212.8437    21     5     5  1760    -1
 167  773.6499 1213.5863    23     5     5  2344   176
 168  627.4534 1213.9767    18     5     4  1372    -1
 169  913.4683 1214.2598    21     5     5  1712    94
 170  761.1148 1214.6749    22     6     5  2198   201
 171  615.6257 1215.0210    13     4     4   817    -1
 172  900.5362 1215.4571    22     5     5  2452    27
 173  748.6776 1215.8449    21     5     6  2120   219
 174  887.6576 1216.5875    23     5     5  2647    22
 175  736.2784 1217.0918    22     5     6  2129   234
 176  874.7271 1217.7736    24     5     6  2596    31
 177  723.9101 1218.2568    22     6     5  2095   249
 178  861.8708 1219.0316    25     6     6  2612    59
 179  711.6198 1219.3603    22     5     5  2102   263
 180  849.0985 1220.3106    23     6     6  2470    77
 181  699.2957 1220.4897    22     5     5  2069   292
 182  836.3120 1221.4100    23     5     5  2517   104
 183  687.1150 1221.5938    21     5     5  1946   290
 184  823.6579 1222.5793    23     5     5  2499   113
 185  674.9515 1222.7415    20     6     5  1824   303
 186  810.9357 1223.6661    22     6     5  2328   135
 187  662.8516 1223.8919    18     5     5  1668   338
 188  798.3493 1224.9106    23     5     6  2358   148
 189  650.7555 1225.0207    20     5     5  1724   356
 190  785.7161 1226.0575    23     5     6  2316   153
 191  638.6857 1226.1229    21     5     5  1750    -1
 192  626.8384 1227.1897    19     5     5  1414    -1
 193  773.1748 1227.2856    21     5     5  2160   168
 194  614.8750 1228.1193    14     4     5   876   406
 195  913.3743 1228.2171    20     5     5  1668    66
 196  760.6752 1228.3820    22     5     5  2236   192
 197  900.4341 1229.3751    22     5     5  2421    28
 198  748.1449 1229.4503    20     5     5  2087   214
 199  887.4961 1230.4961    23     5     5  2688    21
 200  735.8111 1230.6120    20     5     5  2080   225
 201  874.5485 1231.6386    23     5     5  2615    37
 202  723.3691 1231.7502    22     5     5  2139   232
 203  861.6559 1232.8205    23     5     6  2523    33
 204  711.0367 1232.8639    22     6     6  2026   251
 205  698.7689 1233.9808    22     5     6  2011   266
 206  848.8023 1234.0236    25     6     6  2583    57
 207  686.4773 1235.1247    20     5     5  1882   281
 208  836.0652 1235.2860    24     6     6  2504    87
 209  606.3571 1235.5476    18     2    17   921    -1
 210  674.2717 1236.2428    19     5     5  1813   315
 211  823.2697 1236.3891    23     5     5  2457    99
 212  662.1332 1237.3303    20     5     5  1837   320
 213  810.6105 1237.5023    23     5     5  2462   102
 214  650.0145 1238.4393    18     4     5  1691   364
 215  797.9320 1238.5651    23     6     5  2363   120
 216  637.9714 1239.5413    19     5     5  1701    -1
 217  785.3456 1239.7239    22     5     5  2279   137
 218  626.0213 1240.6880    17     4     5  1366   408
 219  772.7175 1240.8240    22     5     6  2208   158
 220  614.2297 1241.8514    13     4     4   835    -1
 221  760.2085 1241.9507    22     5     6  2105   183
 222  913.2969 1242.1766    20     5     6  1640    88
 223  747.6785 1243.1477    22     5     6  2153   180
 224  900.2745 1243.3584    23     5     6  2414    11
 225  735.2192 1244.2760    21     5     5  2090   221
 226  887.3336 1244.4581    23     5     5  2652     5
 227  722.8411 1245.4203    21     5     5  2079   239
 228  874.3670 1245.5529    22     5     5  2574    23
 229  710.4583 1246.4553    23     5     5  2180   220
 230  861.4623 1246.6788    23     5     6  2582    34
 231  698.1169 1247.5240    20     5     5  1958   236
 232  848.5730 1247.8751    23     5     6  2507    47
 233  685.8980 1248.6341    20     5     5  1917   287
 234  759.9712 1248.7893    25     6     6  2377   117
 235  835.7167 1249.0521    24     5     6  2515    56
 236  673.7097 1249.7596    20     5     5  1863   270
 237  822.9952 1250.2528    24     6     6  2462    64
 238  661.5012 1250.8546    20     5     5  1815   279
 239  810.2352 1251.3620    21     5     5  2304   105
 240  649.3309 1251.9547    20     5     5  1739   354
 241  797.5684 1252.4308    23     5     5  2422   106
 242  637.1924 1253.0569    18     5     5  1586   324
 243  784.9326 1253.5320    22     6     5  2258   132
 244  625.1950 1254.0373    17     5     5  1332   355
 245  772.3143 1254.6026    22     5     5  2231   138
 246  613.3452 1255.0179    13     4     4   818    -1
 247  765.3365 1255.2930    15     5     4  1325   286
 248  759.7219 1255.7975    20     5     5  2005   181
 249  913.1558 1256.2757    19     5     5  1592    55
 250  747.2139 1256.7929    23     5     6  2188   182
 251  900.1766 1257.3665    22     5     6  2343    16
 252  734.7043 1257.8833    23     5     6  2183   177
 253  887.1840 1258.4452    23     6     5  2574     6
 254  722.2966 1259.0404    23     5     6  2153   188
 255  874.1831 1259.5120    24     6     5  2620    10
 256  709.8733 1260.1246    22     5     6  2051   200
 257  861.2395 1260.6221    23     5     6  2551    19
 258  697.5053 1261.1888    21     5     5  1998   228
 259  848.3541 1261.7742    24     5     6  2564    29
 260  685.2236 1262.2922    20     5     5  1919   291
 261  835.4842 1262.9404    23     5     6  2476    63
 262  673.0121 1263.3798    20     6     5  1865   274
 263  822.6556 1264.0751    24     5     6  2485    75
 264  660.8624 1264.4212    21     5     5  1875   269
 265  809.9049 1265.2296    25     6     6  2485    79
 266  648.6783 1265.4845    21     5     5  1824   254
 267  797.1747 1266.3382    23     6     5  2355    97
 268  636.5221 1266.5138    21     5     5  1773   306
 269  784.4909 1267.3642    22     5     5  2308   119
 270  624.4877 1267.5657    19     5     5  1437   346
 271  771.8754 1268.5036    21     5     5  2174   152
 272  612.4933 1268.7200    12     3     5   750   388
 273  759.2218 1269.4845    22     5     5  2200   154
 274  913.0611 1270.3652    19     5     5  1588    -1
 275  746.7600 1270.5951    20     5     5  2073   159
 276  900.0253 1271.4147    23     6     5  2393     4
 277  734.1692 1271.6039    22     5     5  2149   185
 278  886.9804 1272.4776    24     6     5  2626     1
 279  721.7536 1272.6955    21     5     5  2083   189
 280  873.9461 1273.5697    24     6     5  2592    30
 281  709.3160 1273.7851    22     5     5  2089   215
 282  860.9633 1274.6206    24     6     6  2577    25
 283  696.9501 1274.8403    22     6     6  2011   216
 284  848.0458 1275.7383    25     6     6  2593    36
 285  684.6562 1275.8966    22     5     6  1990   253
 286  835.2070 1276.8828    25     6     6  2564     8
 287  672.3654 1276.9976    22     5     6  1932   264
 288  822.3460 1278.0176    23     5     6  2429    73
 289  660.1037 1278.0332    19     5     6  1717   284
 290  647.9566 1279.0559    19     5     6  1675   296
 291  809.5442 1279.1098    23     5     6  2416    98
 292  635.8201 1280.0903    21     5     5  1753   301
 293  796.7637 1280.2338    23     5     6  2356    58
 294  623.8621 1281.0582    17     5     5  1314   358
 295  784.1099 1281.3272    23     6     6  2296   110
 296  611.8576 1282.0879    13     4     4   815   391
 297  771.3703 1282.3454    23     5     5  2314   139
 298  758.7942 1283.4318    22     5     5  2215   133
 299  746.1557 1284.4215    20     5     5  2095   171
 300  913.0094 1284.4375    18     4     5  1540    83
 301  733.6876 1285.4944    22     5     5  2177   175
 302  899.8301 1285.4968    22     6     5  2354     0
 303  721.1295 1286.4795    21     5     5  2073   166
 304  886.7819 1286.5551    24     6     5  2633     9
 305  708.7961 1287.5824    20     5     5  2020   222
 306  873.7500 1287.6360    25     5     6  2662    14
 307  696.3076 1288.5706    22     5     5  2077   433
 308  860.7426 1288.7251    24     5     6  2577    18
 309  683.9723 1289.5929    21     6     5  1954   209
 310  847.7733 1289.8053    25     6     6  2593    35
 311  671.7445 1290.6742    19     5     5  1817   268
 312  834.8565 1290.9267    26     6     6  2596    51
 313  659.4521 1291.7012    22     5     5  1915   230
 314  822.0223 1292.0374    27     6     6  2608    62
 315  647.1706 1292.6824    21     5     5  1812   256
 316  809.2253 1293.1192    25     6     6  2466    70
 317  635.0028 1293.6922    20     6     5  1718   297
 318  796.4013 1294.1644    22     5     6  2295   107
 319  623.0227 1294.7584    17     4     5  1357   319
 320  783.6455 1295.2276    24     5     6  2382   123
 321  611.1023 1295.8509    14     4     4   871   371
 322  770.9745 1296.3317    24     6     6  2317   131
 323  758.2698 1297.3186    21     5     5  2136   403
 324  745.6729 1298.3646    22     5     5  2193   172
 325  912.8825 1298.6095    18     4     5  1530   424
 326  733.0954 1299.4137    21     6     5  2093   187
 327  899.7057 1299.6255    24     5     6  2459    -1
 328  720.6192 1300.4000    22     5     5  2140   156
 329  886.6225 1300.7155    26     5     6  2794     7
 330  708.1258 1301.4044    20     5     5  1994   210
 331  873.5253 1301.8235    25     5     6  2715    32
 332  695.7820 1302.4407    21     5     5  2011   240
 333  860.5071 1302.9095    25     5     6  2664    12
 334  683.2895 1303.4084    21     5     5  1967   204
 335  847.5080 1303.9687    24     5     6  2574   400
 336  671.0286 1304.4497    21     6     5  1924   257
 337  834.5545 1305.0511    23     5     6  2471    46
 338  658.8207 1305.4476    21     5     5  1870   280
 339  821.6529 1306.1108    24     5     6  2495    24
 340  646.4883 1306.3987    22     5     5  1870   235
 341  808.7999 1307.1813    25     6     6  2477    50
 342  634.2368 1307.3961    20     5     5  1741   322
 343  796.0273 1308.2553    24     6     6  2389    81
 344  622.1344 1308.3893    18     5     5  1406   348
 345  610.2640 1309.2640    15     4     5   911   366
 346  783.2507 1309.2779    23     5     6  2289    91
 347  770.4912 1310.2613    23     5     6  2281    85
 348  757.8219 1311.3094    23     5     6  2231   122
 349  745.1817 1312.3413    21     5     6  2090   128
 350  912.8165 1312.7740    21     5     6  1685   115
 351  732.5866 1313.2793    22     5     5  2151   126
 352  899.5575 1313.9363    23     5     6  2438    -1
 353  720.0512 1314.3582    23     6     5  2137   179
 354  886.4743 1315.0014    25     5     6  2728    -1
 355  707.5431 1315.2690    22     5     5  2074   165
 356  873.3788 1316.0638    23     5     6  2569    41
 357  695.1210 1316.3380    20     5     5  1926   191
 358  860.2942 1317.1594    24     5     6  2580     2
 359  682.7034 1317.2708    22     5     5  1990   217
 360  847.2639 1318.2023    24     5     6  2530    13
 361  670.3101 1318.2655    21     5     5  1903   213
 362  834.2740 1319.2415    24     5     6  2492   432
 363  658.0472 1319.2620    20     5     5  1773   237
 364  645.8141 1320.1845    21     5     5  1779   261
 365  821.3274 1320.2645    23     5     6  2407    20
 366  633.5401 1321.1452    20     5     5  1699   275
 367  808.4586 1321.2968    24     5     6  2455    49
 368  621.4114 1322.0637    18     5     5  1363   300
 369  795.6084 1322.3164    23     5     6  2359    72
 370  609.5318 1322.9586    13     4     4   807   379
 371  782.8063 1323.3595    23     5     6  2296    71
 372  770.0818 1324.3438    24     6     6  2288   100
 373  757.3017 1325.3146    21     5     5  2129   125
 374  744.6709 1326.3017    22     5     5  2159   118
 375  912.6765 1327.3111    22     5     5  1746    -1
 376  732.0468 1327.3379    23     6     6  2143   145
 377  719.4431 1328.2495    21     5     5  2052   164
 378  899.4318 1328.3575    24     5     6  2505   420
 379  706.9640 1329.2744    23     6     6  2081   167
 380  886.3117 1329.3798    25     5     6  2689    -1
 381  694.4310 1330.1922    20     5     5  1913   206
 382  873.1392 1330.3872    25     6     6  2633    15
 383  682.0696 1331.2064    22     5     6  1948   208
 384  860.0133 1331.4210    24     6     6  2554     3
 385  669.7034 1332.1054    22     5     6  1921   212
 386  846.9789 1332.4300    24     6     6  2528    17
 387  657.3295 1333.1018    22     5     6  1886   229
 388  833.9487 1333.4585    23     6     5  2427    39
 389  645.0632 1334.0197    19     5     6  1662   258
 390  821.0117 1334.4523    23     6     5  2387    45
 391  632.8466 1334.9145    19     5     6  1628   277
 392  808.0939 1335.4465    24     6     5  2377    69
 393  620.7753 1335.9151    18     5     5  1365   337
 394  795.2006 1336.4491    22     5     5  2279    84
 395  608.5486 1336.9097    13     4     4   794   365
 396  782.3473 1337.4271    23     5     5  2329    78
 397  769.6067 1338.4055    23     5     5  2293   124
 398  756.8647 1339.4445    21     5     5  2114   111
 399  744.1528 1340.3982    20     5     5  2031   143
 400  731.4864 1341.3006    22     5     5  2128   155
 401  912.5710 1341.6287    20     5     5  1676    -1
 402  718.9114 1342.3404    22     5     6  2065   149
 403  899.3003 1342.5907    23     5     6  2462    -1
 404  706.3370 1343.2217    22     5     6  2045   194
 405  886.1332 1343.6199    25     6     6  2676    -1
 406  693.8561 1344.1997    23     5     6  2029   178
 407  872.9125 1344.6467    25     6     6  2627    89
 408  681.3919 1345.1267    22     5     6  1960   190
 409  859.7670 1345.6475    25     6     6  2606    43
 410  669.0109 1346.0275    21     6     6  1831   227
 411  846.6991 1346.6247    24     5     6  2531    53
 412  656.6382 1346.9420    22     5     6  1867   223
 413  833.6531 1347.6486    25     5     6  2569    42
 414  644.3000 1347.9113    22     5     6  1810   267
 415  820.6869 1348.6285    24     5     6  2468    61
 416  632.0452 1348.8117    20     5     5  1664   272
 417  807.7475 1349.6028    23     5     5  2366    68
 418  619.9671 1349.7760    17     4     5  1321   323
 419  794.8092 1350.5828    21     5     5  2198    93
 420  607.6985 1350.7290    12     4     4   731   380
 421  781.9410 1351.5441    23     6     5  2261    96
 422  769.1185 1352.5009    23     6     5  2243   108
 423  756.3466 1353.4909    23     5     5  2252   129
 424  743.6915 1354.4621    22     5     5  2155   151
 425  730.9687 1355.4606    23     6     5  2140   150
 426  912.3328 1356.2443    20     5     6  1610   363
 427  718.2826 1356.3267    21     5     5  2025   161
 428  899.1185 1357.1895    25     6     6  2461   244
 429  705.7524 1357.3058    22     5     5  2027   203
 430  885.8761 1358.1737    26     6     6  2725   378
 431  693.2256 1358.2438    22     5     6  1982   197
 432  680.7560 1359.1154    22     5     6  1932   242
 433  872.6701 1359.1451    24     5     6  2623   309
 434  668.3080 1360.0611    22     5     6  1902   248
 435  859.5275 1360.1114    24     5     6  2582   255
 436  655.9317 1360.9110    20     5     6  1725   293
 437  846.4254 1361.0727    24     5     6  2513   273
 438  643.6330 1361.8047    20     5     5  1722   331
 439  833.3666 1362.0534    23     5     6  2424   340
 440  631.2394 1362.7258    20     5     5  1660   318
 441  820.3350 1363.0388    24     5     6  2436   295
 442  619.0832 1363.6749    18     4     5  1363   368
 443  807.3602 1363.9773    24     5     6  2409   311
 444  607.0064 1364.4103    16     4     5   956   387
 445  794.4112 1364.9347    24     5     6  2371   412
 446  781.5343 1365.8389    23     5     6  2286   329
 447  768.6807 1366.7661    23     5     6  2240   415
 448  755.8603 1367.6392    22     5     6  2127   373
 449  743.1092 1368.5489    21     5     5  2053   359
 450  730.3617 1369.5534    23     5     5  2162   418
 451  912.1068 1370.4829    19     5     5  1301   288
 452  717.7908 1370.5125    21     5     5  2013    -1
 453  705.1181 1371.4310    20     5     5  1927   377
 454  898.9468 1371.4623    18     4     5  1643   316
 455  692.5690 1372.3269    22     5     5  1984   381
 456  885.7136 1372.5181    22     5     5  2097   407
 457  680.0894 1373.2534    23     6     6  1961    -1
 458  872.4438 1373.5130    22     5     5  2257   384
 459  667.5875 1374.1023    22     5     6  1877   386
 460  859.2662 1374.4951    22     5     5  2319   294
 461  655.1783 1374.9680    22     5     6  1818    -1
 462  846.1125 1375.5000    23     6     5  2399   289
 463  642.8800 1375.7986    20     5     6  1700    -1
 464  833.0289 1376.4462    24     6     5  2446   385
 465  630.5529 1376.7511    20     5     5  1681    -1
 466  819.9391 1377.4478    24     6     6  2464   302
 467  618.2642 1377.6565    20     5     5  1441    -1
 468  806.9427 1378.4165    24     6     6  2422   310
 469  606.2329 1378.5870    15     4     5   911    -1
 470  793.9848 1379.3322    24     6     6  2386   414
 471  781.0716 1380.2565    24     6     6  2346   332
 472  768.2264 1381.1178    24     5     6  2304   344
 473  755.3693 1381.9903    23     5     6  2229   376
 474  742.5752 1382.8873    22     5     6  2151   357
 475  729.8133 1383.7014    23     5     6  2133   369
 476  717.1408 1384.5890    21     5     5  2016   389
 477  704.5167 1385.5470    23     5     5  2108   375
 478  691.9404 1386.4876    20     5     5  1890    -1
 479  679.3285 1387.3086    21     5     5  1907    -1
 480  666.9380 1388.2361    21     5     6  1808    -1
 481  654.4815 1389.0069    22     5     6  1749    -1
 482  888.4811 1389.5077   140    32    10  8693    -1
 483  642.0446 1389.8721    17     4     5  1366    -1
 484  629.8596 1390.7019    18     5     5  1331    -1
 485  617.4891 1391.4620    14     4     5   884    -1
 486  868.4206 1392.9921     7     4     2   413    -1
 487  851.0000 1394.5821     7     3     3   484    -1
 488  631.1053 1406.6541    48    16     5  2666   326
 489  666.0325 1407.0714     5     2     3   327   398
