442
   0  545.7982 1141.7982    19     7     4  1007    58
   1  529.4130 1143.2554    29    13     5  1634    -1
   2  561.3667 1155.3000    11     3     4   595    -1
   3  549.9097 1156.1079    14     4     4   927    -1
   4  538.4931 1157.2439    15     5     5  1039   363
   5  526.9986 1158.6862    16     4     5  1149   362
   6  515.4505 1159.9560    16     5     4  1164   378
   7  504.1010 1161.0120    15     4     4  1166    -1
   8  492.8366 1162.1195    14     4     4  1110    -1
   9  481.4514 1163.3784    17     5     5  1220    -1
  10  470.1239 1164.6396    16     4     5  1151    -1
  11  458.8353 1165.8802    15     4     4  1084    -1
  12  447.5918 1166.9694    13     4     4   944   226
  13  560.7228 1168.0842    13     4     4   852    -1
  14  436.4963 1168.0911    14     5     4   969   353
  15  549.0886 1169.0274    15     4     4  1207    -1
  16  425.2354 1169.2549    14     4     4   957   200
  17  537.6969 1170.1870    17     5     5  1358    -1
  18  414.1590 1170.4309    14     4     5   917   203
  19  526.0542 1171.4290    18     4     5  1407    -1
  20  403.0333 1171.5564    12     4     4   795   239
  21  514.6285 1172.6820    19     5     5  1417   366
  22  391.9870 1172.6917    12     4     4   793   257
  23  380.9598 1173.7644    13     4     4   824   381
  24  503.1401 1173.9055    14     4     4  1139    -1
  25  369.9581 1174.9581    13     4     4   805   383
  26  491.8881 1175.0119    15     4     4  1170    -1
  27  480.4565 1176.0924    17     5     4  1218    -1
  28  359.1212 1176.2348    11     4     4   682   405
  29  469.1207 1177.2672    16     4     5  1148    -1
  30  348.3100 1177.3800     9     4     3   550   288
  31  337.4091 1178.4091     8     3     3   466   325
  32  457.8366 1178.5065    15     4     5  1056    -1
  33  326.6724 1179.3966     7     3     3   379   302
  34  446.5576 1179.7050    15     5     4  1028    -1
  35  315.8333 1180.6111     7     3     3   359   313
  36  435.3352 1180.7747    13     4     4   923    -1
  37  559.9343 1180.9747    14     4     4   898    -1
  38  424.1868 1181.9566    14     4     4   965   199
  39  548.2318 1182.0023    16     5     4  1240    -1
  40  412.9772 1183.0851    14     4     4   941   172
  41  536.8272 1183.1220    16     5     5  1292   346
  42  401.8575 1184.2101    13     4     4   857   376
  43  525.1722 1184.3622    17     4     5  1329    -1
  44  390.7356 1185.4195    12     4     4   774   221
  45  513.6973 1185.5798    19     5     5  1401   344
  46  379.7065 1186.5129    12     4     4   755   213
  47  502.1850 1186.8914    15     5     4  1169    -1
  48  368.7014 1187.5719    12     4     4   739   215
  49  490.8449 1187.9789    15     4     4  1153    -1
  50  357.7602 1188.7276    10     4     4   623   322
  51  479.4402 1189.0242    16     5     4  1151    -1
  52  346.8200 1189.7100    10     4     4   600   270
  53  468.1178 1190.1207    15     4     4  1098    -1
  54  336.0730 1191.0169    10     4     4   589   266
  55  456.7821 1191.2628    14     4     5  1012   169
  56  325.3182 1192.1494     9     3     4   527   306
  57  445.5117 1192.4844    17     5     5  1106   120
  58  314.4306 1193.2917     8     3     3   472   396
  59  434.2450 1193.6514    13     4     4   901    -1
  60  559.0707 1193.9141    13     4     4   848   347
  61  304.0714 1194.2143     5     2     3   257   307
  62  423.0678 1194.7627    14     4     4   936   389
  63  547.4023 1195.0614    17     5     4  1290   343
  64  411.7991 1195.8458    14     4     4   914   305
  65  535.9188 1196.1458    16     4     5  1311    -1
  66  400.6606 1196.9611    12     4     4   793   176
  67  524.2620 1197.3664    19     5     5  1429    88
  68  389.5506 1198.0337    11     3     4   728   219
  69  512.7811 1198.5806    18     5     5  1334    -1
  70  378.5336 1199.2517    11     3     4   699   250
  71  501.2203 1199.8465    14     4     5  1104   370
  72  367.5077 1200.3923    10     3     4   630   234
  73  489.9005 1200.9129    15     4     4  1152   351
  74  356.5000 1201.5000     9     3     3   564   391
  75  478.4098 1201.9645    16     5     4  1166   104
  76  345.6058 1202.5673     9     3     3   554   296
  77  467.0597 1203.0369    14     4     4  1052    -1
  78  334.6928 1203.5964     8     3     3   483   294
  79  455.7571 1204.1476    13     4     4   965    -1
  80  323.7857 1204.5857     8     3     3   470   283
  81  444.4474 1205.2406    14     5     4   966   158
  82  313.1346 1205.5962     7     3     3   402   309
  83  433.2250 1206.3958    13     4     5   890   167
  84  558.2444 1206.9111    12     4     4   780    -1
  85  421.8789 1207.6145    14     4     5   927   179
  86  546.6040 1208.1123    16     5     4  1223   350
  87  410.6684 1208.6526    13     4     4   840   210
  88  534.9971 1209.2126    16     4     5  1315   342
  89  399.5110 1209.7431    11     3     4   731   357
  90  523.3861 1210.4304    19     5     5  1424    92
  91  388.4649 1210.8216    12     4     4   771   192
  92  511.8258 1211.6154    17     4     5  1292    83
  93  377.5000 1211.9221    11     3     4   704   220
  94  500.2136 1212.8185    15     5     5  1155    98
  95  366.4710 1213.0217    10     3     4   638   242
  96  488.8846 1213.9256    15     4     4  1140   102
  97  355.4187 1214.1829    10     3     4   623   246
  98  477.4006 1214.9530    16     5     4  1162   142
  99  344.4029 1215.2767     9     3     4   553   338
 100  466.0127 1216.0127    14     4     4  1055   317
 101  333.3876 1216.3652     8     3     3   489   295
 102  454.7129 1217.1161    14     5     4  1010    -1
 103  322.4744 1217.4744     9     3     3   528   275
 104  443.3681 1218.1886    14     4     4   973   349
 105  311.7462 1218.5308     8     3     3   465   277
 106  432.1389 1219.2579    15     4     4  1002   148
 107  557.4769 1220.1301    13     4     4   823   114
 108  420.7339 1220.3716    13     4     4   868   186
 109  545.7402 1221.1952    16     5     5  1233    38
 110  409.5328 1221.5055    10     4     3   683   190
 111  534.0473 1222.3523    18     4     5  1428    22
 112  398.4061 1222.5994    13     4     4   831   217
 113  522.4495 1223.5442    17     5     5  1325    15
 114  387.2976 1223.5774    12     4     4   768   356
 115  376.2361 1224.6389    13     4     4   794   182
 116  510.9110 1224.7242    16     4     5  1255    18
 117  365.0899 1225.7590    13     4     4   789   198
 118  499.2742 1225.8524    14     5     4  1103    33
 119  354.1667 1226.7982    13     4     4   764   216
 120  487.9218 1226.9491    15     4     4  1153    37
 121  343.2083 1227.9167    11     4     4   646   238
 122  476.3579 1227.9596    16     5     4  1159    41
 123  464.9756 1229.0158    14     4     4  1049    81
 124  332.2386 1229.0682    10     4     4   588   260
 125  321.3493 1230.0479     9     3     4   523   291
 126  453.6500 1230.1100    14     5     4  1000    96
 127  442.2518 1231.1460    15     4     4  1024   109
 128  310.3857 1231.2286     9     3     4   520   280
 129  430.9223 1232.2131    13     4     4   901   119
 130  556.5000 1233.2178    12     3     5   763    68
 131  419.6507 1233.3174    13     4     4   869   122
 132  408.4319 1234.3534    14     4     5   891   144
 133  544.8437 1234.4313    16     4     5  1251    10
 134  397.2816 1235.4253    12     4     4   774   164
 135  533.1427 1235.6670    17     4     5  1365     1
 136  386.0629 1236.5066    11     4     4   701   194
 137  521.5021 1236.7303    19     5     5  1419     2
 138  374.8636 1237.5979    11     4     4   693   173
 139  509.9715 1237.8750    16     4     5  1256     6
 140  363.7857 1238.5924    10     4     3   619   245
 141  498.2892 1238.9044    16     5     4  1208    14
 142  352.6944 1239.5833     9     4     3   558   233
 143  486.9113 1239.9828    15     4     4  1156    39
 144  341.6875 1240.5938     8     3     3   496    -1
 145  475.3501 1240.9813    16     5     4  1147    43
 146  330.7532 1241.5759     8     3     3   479    -1
 147  463.9477 1242.0552    14     4     4  1044    66
 148  319.8182 1242.6212     8     3     3   466   269
 149  452.5717 1243.1382    14     5     4   993   101
 150  309.0577 1243.6154     8     3     4   452   330
 151  441.1655 1244.1436    15     4     4  1025    93
 152  429.8083 1245.2431    13     4     4   903   134
 153  418.5192 1246.3269    13     5     4   858   121
 154  555.5370 1246.6975    12     4     4   762    62
 155  407.2450 1247.3650    13     4     4   850   130
 156  543.9642 1247.8427    16     4     5  1261     8
 157  396.0525 1248.3950    13     4     5   831   147
 158  532.1998 1248.9057    18     5     5  1393     0
 159  384.7662 1249.4870    11     4     3   704   196
 160  520.5675 1249.9684    17     5     4  1324     4
 161  373.5576 1250.5288    10     4     3   639   214
 162  509.0067 1250.9867    14     4     4  1150    19
 163  362.5630 1251.5630     9     3     3   577   224
 164  497.3268 1252.0024    16     5     4  1210    21
 165  351.5614 1252.5351     9     3     3   564   290
 166  485.8782 1253.0609    14     4     4  1094    47
 167  340.5408 1253.5408     9     3     3   548   248
 168  474.2960 1254.1062    16     5     4  1153    45
 169  329.6000 1254.6000     9     3     3   540   400
 170  462.8818 1255.1091    14     4     4  1030    54
 171  318.6139 1255.6139     8     3     3   479   274
 172  451.4861 1256.1934    14     5     4   987    86
 173  307.6739 1256.6014     8     3     3   469   403
 174  440.0393 1257.2116    15     4     4  1017   100
 175  428.6833 1258.2208    13     4     4   890   111
 176  417.3960 1259.3515    13     4     4   852   138
 177  554.8034 1260.0506    13     4     4   828    59
 178  406.0761 1260.3641    13     4     4   834   153
 179  543.0045 1261.0180    15     4     4  1194    12
 180  394.7346 1261.4259    12     4     4   762   150
 181  531.3052 1262.0249    17     5     4  1353     3
 182  383.5325 1262.4740    10     3     4   654   237
 183  519.7244 1263.0726    17     5     4  1318     9
 184  372.4857 1263.4857     9     3     3   590    -1
 185  508.0022 1264.1130    16     4     5  1260    11
 186  361.4440 1264.4520    10     4     3   625   398
 187  496.4235 1265.1815    18     5     5  1305     7
 188  350.3571 1265.3762     9     4     3   555   388
 189  484.8257 1266.1997    17     5     5  1243    16
 190  339.3387 1266.4247     9     3     3   543   265
 191  473.3047 1267.3192    15     4     5  1093    27
 192  328.3353 1267.4059     8     3     3   485   255
 193  461.7825 1268.3190    15     4     5  1065    35
 194  317.2778 1268.4444     8     3     3   472   333
 195  450.3849 1269.3921    15     4     5  1028    57
 196  306.3833 1269.4833     8     3     3   460   331
 197  438.9008 1270.3889    15     4     5  1002    89
 198  427.5571 1271.3762    16     5     5  1010    76
 199  416.3043 1272.3696    12     4     4   784   136
 200  553.8636 1273.2273    14     4     5   876    70
 201  404.8314 1273.4767    13     4     5   822   140
 202  542.1093 1274.3742    17     4     5  1303    17
 203  393.5530 1274.5265    10     4     3   651   160
 204  530.4273 1275.4096    19     5     5  1459     5
 205  382.4524 1275.4524    10     4     3   647   230
 206  371.3231 1276.4308    11     4     3   680    -1
 207  518.7206 1276.4328    18     5     5  1376    23
 208  360.1174 1277.4478    10     4     3   615   225
 209  507.0315 1277.5369    18     4     5  1361    25
 210  348.9526 1278.5105    10     4     3   595    -1
 211  495.3803 1278.5748    17     5     5  1251    29
 212  415.5239 1279.0359    12     3     4   809   205
 213  337.8103 1279.5460     9     4     3   537   232
 214  483.8000 1279.5919    17     4     5  1220    30
 215  326.7895 1280.5132     8     3     3   476   236
 216  472.2176 1280.6758    15     4     5  1097    42
 217  315.8934 1281.5000     8     3     3   461   361
 218  460.7273 1281.6494    15     4     5  1058    55
 219  304.9182 1282.5000     7     3     3   405    -1
 220  449.2456 1282.6661    14     4     5   983    71
 221  437.7565 1283.6565    15     4     5   980    87
 222  426.4139 1284.6388    13     4     4   859   113
 223  420.0476 1285.1905     8     4     3   484   311
 224  415.0497 1285.6170    12     4     4   771   386
 225  403.5595 1286.6250    12     4     4   768   139
 226  553.0348 1286.9118    13     4     4   837    80
 227  392.4290 1287.5129    12     4     4   755   184
 228  541.1603 1287.9038    17     5     5  1271    20
 229  381.2095 1288.5743    12     4     4   748   141
 230  529.5160 1288.8912    19     5     5  1451    13
 231  369.9409 1289.5000    11     4     3   677   175
 232  517.8087 1289.9207    17     5     5  1323    26
 233  358.6150 1290.5619     9     3     3   563   390
 234  506.0528 1290.9180    16     4     5  1245    31
 235  347.5268 1291.5089     9     3     3   562   244
 236  494.3086 1291.9131    16     5     4  1197    34
 237  336.5202 1292.4899     9     3     3   549    -1
 238  482.8351 1292.9791    16     5     4  1182    40
 239  325.4880 1293.4036     9     3     3   533   406
 240  471.1504 1293.9413    14     4     4  1049    75
 241  314.4692 1294.4077     8     3     3   465    -1
 242  459.6474 1294.9519    16     5     4  1112    74
 243  303.4825 1295.3772     8     3     3   457   397
 244  448.1323 1295.9258    14     4     4  1010    97
 245  436.6082 1296.9242    13     4     4   881   137
 246  425.2718 1297.8568    13     4     4   891   131
 247  413.8005 1298.8472    14     4     4   893   151
 248  402.4828 1299.7356    11     3     4   724   387
 249  552.2273 1300.1848    15     4     4   915   110
 250  391.1821 1300.7254    13     4     4   823   181
 251  540.3050 1301.2523    19     5     5  1386    24
 252  379.7653 1301.7245    11     4     4   697   165
 253  528.5915 1302.2337    20     5     5  1492    28
 254  368.5853 1302.6628    10     3     4   629   202
 255  516.8718 1303.2038    18     5     5  1376    44
 256  357.5000 1303.5000     9     3     3   570    -1
 257  505.0531 1304.2124    16     4     5  1252    61
 258  346.4167 1304.4537     9     3     3   558   261
 259  493.3807 1305.2107    18     5     5  1294    49
 260  335.3636 1305.4091     9     3     3   538   393
 261  481.8046 1306.1307    15     4     5  1121    82
 262  324.2671 1306.4041     8     3     3   473   281
 263  470.1232 1307.1725    16     4     5  1145    78
 264  313.2143 1307.4524     8     3     3   463    -1
 265  458.6574 1308.1361    14     5     4  1005    90
 266  302.3000 1308.4167     8     3     3   460    -1
 267  447.0640 1309.0709    15     4     4  1039    94
 268  435.5558 1310.1335    15     5     4  1001   124
 269  424.1311 1311.0533    14     4     4   944   133
 270  412.6442 1312.0577    12     4     4   808   145
 271  401.3103 1312.9872    13     4     4   845   159
 272  389.8652 1313.8989    14     4     4   878   132
 273  551.2862 1313.9025    13     4     4   809   143
 274  539.3780 1314.8732    18     5     5  1310    51
 275  378.6176 1314.8922    11     4     4   703   197
 276  367.5144 1315.7878    11     3     4   689   222
 277  527.6798 1315.8354    19     5     5  1445    36
 278  356.2903 1316.6532    13     4     4   774   235
 279  515.9076 1316.8397    16     4     5  1271    46
 280  345.0258 1317.5309    10     4     3   597   271
 281  504.0843 1317.8348    16     4     5  1245    52
 282  333.7824 1318.5824     9     4     3   535   278
 283  492.2753 1318.7854    17     5     5  1246    64
 284  322.6948 1319.5779     8     3     3   477   258
 285  480.6717 1319.7438    18     5     5  1261    56
 286  311.6538 1320.5462     8     3     3   465    -1
 287  469.0652 1320.7058    16     4     5  1145    72
 288  300.6321 1321.4434     8     3     3   453   394
 289  457.4010 1321.6584    17     5     5  1153    85
 290  445.8700 1322.5549    15     4     5  1023   108
 291  434.3833 1323.5333    15     4     5   990   135
 292  422.8438 1324.3616    14     4     5   924   118
 293  411.4793 1325.2772    12     4     4   793   382
 294  399.9764 1326.2644    13     4     4   841   174
 295  388.5888 1327.2041    12     4     4   769   178
 296  550.4669 1327.3411    13     4     5   801    -1
 297  377.4128 1328.0839    11     4     4   699   162
 298  538.5234 1328.3972    17     5     5  1278    84
 299  366.2727 1329.0758    12     4     4   732   227
 300  526.7525 1329.2719    19     5     5  1441    65
 301  354.7308 1329.9274    12     4     4   717   251
 302  514.8996 1330.2336    17     4     5  1323    32
 303  343.5926 1330.8333    10     3     4   608   254
 304  503.0678 1331.1966    16     4     5  1235    50
 305  332.6222 1331.6667     9     3     4   540   253
 306  491.3338 1332.1519    18     5     5  1285    48
 307  321.5390 1332.5909     9     3     3   527   328
 308  479.7270 1333.1293    14     5     4  1048    79
 309  310.4242 1333.5152     9     3     3   516   279
 310  468.0042 1334.0411    15     4     4  1103    95
 311  299.3136 1334.4492     8     3     3   459   323
 312  456.3669 1335.0085    16     5     4  1093   106
 313  444.8262 1336.0284    14     4     4   982   155
 314  433.2423 1336.9115    14     4     4   960   380
 315  421.6727 1337.8773    15     4     4   970   157
 316  410.2606 1338.7629    13     4     4   863   195
 317  398.7428 1339.7023    12     4     4   773   154
 318  387.4865 1340.5405    10     3     4   648   392
 319  549.5000 1341.1333    12     3     4   750   187
 320  376.1343 1341.3657    11     4     4   684   211
 321  537.6235 1342.0383    17     5     4  1255   103
 322  364.7033 1342.4187    12     4     4   723   247
 323  525.8255 1342.9787    17     5     5  1320    91
 324  353.5085 1343.2692    11     3     4   667   256
 325  513.9395 1343.9395    16     4     5  1246    77
 326  342.4273 1344.1091    10     3     4   610   262
 327  502.0619 1344.9143    16     4     5  1220    53
 328  331.2667 1345.0333    12     4     4   690   267
 329  320.0735 1345.7353     9     4     4   518   292
 330  490.2573 1345.8413    15     5     5  1125    60
 331  308.9500 1346.5500     9     4     3   510   327
 332  478.5383 1346.7566    18     5     5  1239    73
 333  297.9400 1347.5400     7     3     3   400   303
 334  466.8964 1347.6832    16     4     5  1133   128
 335  455.2889 1348.5727    15     4     5  1039   152
 336  443.6569 1349.3863    15     4     5  1005   127
 337  432.1064 1350.2550    16     4     5  1049   105
 338  420.5651 1351.1744    13     5     4   865   112
 339  409.0673 1352.1106    14     4     4   908   149
 340  397.5852 1353.0341    12     4     4   776   161
 341  386.2515 1353.9182    13     4     4   815   177
 342  374.6533 1354.8139    11     4     4   687   241
 343  548.4408 1354.9211    13     4     4   802   180
 344  363.5579 1355.5909    10     3     4   621   263
 345  536.6946 1355.7579    18     5     5  1311   115
 346  352.3365 1356.4327    10     4     3   604   282
 347  524.8374 1356.6881    18     5     5  1389   189
 348  340.9725 1357.4780    10     4     3   591   286
 349  512.9496 1357.5724    18     4     5  1356    67
 350  329.7400 1358.4467    10     3     4   575   287
 351  501.0741 1358.4741    18     4     5  1325    63
 352  318.5000 1359.2123     9     3     4   523   300
 353  489.2594 1359.3850    17     4     5  1224    69
 354  307.5469 1359.9219    10     3     4   564   301
 355  477.5746 1360.2582    17     5     5  1185    99
 356  296.6034 1360.6897     8     3     3   458   310
 357  465.8313 1361.1130    14     4     4  1023   123
 358  454.1133 1362.0100    15     4     4  1050   171
 359  442.4885 1362.9943    15     5     4  1011   156
 360  430.9228 1363.9309    14     4     4   946   201
 361  419.3738 1364.7710    13     4     4   864   212
 362  407.7812 1365.6771    14     4     5   892   218
 363  396.4255 1366.5062    14     4     5   861   229
 364  384.9615 1367.3590    12     4     4   756   404
 365  373.5278 1368.1458    11     3     4   694   268
 366  547.5357 1368.6643    13     4     5   790   359
 367  362.3678 1369.1116    12     4     4   721   272
 368  535.7319 1369.4179    18     5     5  1314   126
 369  350.8458 1369.8178    11     4     4   657   289
 370  523.8979 1370.3103    18     4     5  1385   117
 371  339.6236 1370.6461     9     3     4   539    -1
 372  511.9698 1371.2069    17     4     5  1297   116
 373  328.5127 1371.5127     9     3     3   529   308
 374  500.0157 1372.1295    16     4     5  1213   107
 375  317.3382 1372.4118     8     3     3   468    -1
 376  488.2230 1373.0152    15     4     4  1111   146
 377  306.1415 1373.4623     8     3     3   453   315
 378  476.4012 1373.9880    16     5     4  1134   125
 379  294.8947 1374.2105     8     4     4   438   324
 380  464.7295 1374.9230    16     5     4  1105   204
 381  453.0101 1375.8087    16     4     5  1098   188
 382  441.3300 1376.6581    15     4     5  1003   191
 383  429.7140 1377.3996    15     4     5   979   209
 384  418.2308 1378.1923    15     4     4   958   231
 385  406.6256 1379.1181    13     4     4   849   228
 386  395.1374 1379.9890    14     4     4   882   314
 387  383.6164 1380.8493    11     4     4   696   365
 388  372.3154 1381.5692    12     4     4   730   293
 389  546.6987 1382.2682    14     4     5   851   223
 390  360.7692 1382.5769    10     4     3   604   284
 391  534.8081 1383.2348    16     4     5  1196   163
 392  349.4800 1383.4200    10     3     4   600    -1
 393  522.9067 1384.1489    17     5     5  1300   129
 394  338.3913 1384.2283     9     3     4   542   304
 395  327.1087 1384.9928    10     4     4   569   321
 396  510.9550 1385.0332    15     4     4  1172   193
 397  315.8500 1385.5500     8     3     3   460   329
 398  499.0189 1385.9962    14     4     4  1097   168
 399  304.6613 1386.5968     8     3     3   462    -1
 400  487.1349 1386.8978    15     4     5  1117   183
 401  293.5600 1387.5400     8     3     3   450    -1
 402  475.3237 1387.7432    16     5     5  1129   166
 403  463.5748 1388.5068    17     5     5  1144   185
 404  451.8427 1389.3671    16     4     5  1086   207
 405  440.2470 1390.1759    16     4     5  1053   243
 406  428.5357 1391.1071    14     5     4   924   360
 407  416.9324 1391.9910    14     4     4   922   276
 408  405.3824 1392.8048    13     4     4   837   319
 409  393.7875 1393.5875    13     4     5   810   384
 410  382.4781 1394.3978    10     3     4   637    -1
 411  370.9328 1395.2388    13     4     4   784   395
 412  545.3421 1395.6579     9     3     4   469   385
 413  359.4829 1396.0385    10     3     4   617   401
 414  348.3191 1396.7766    11     3     4   644   299
 415  533.8316 1397.0316    13     4     4   840   320
 416  336.7750 1397.6750    10     4     4   580   379
 417  521.9190 1397.9980    14     4     4   953   249
 418  325.6184 1398.5526     9     3     3   526    -1
 419  509.9441 1398.9685    15     4     4  1036   297
 420  314.4286 1399.3286     9     3     4   520   318
 421  498.0285 1399.8333    16     4     5  1133   170
 422  303.4333 1400.0333    10     3     4   560    -1
 423  292.2381 1400.6190     7     3     3   392    -1
 424  486.1185 1400.6908    17     4     5  1196   208
 425  474.3030 1401.3788    16     4     5  1130   206
 426  462.5521 1402.2362    17     5     5  1176   312
 427  450.7770 1403.0845    14     4     4   996   240
 428  439.0188 1403.9642    14     4     4   993   298
 429  427.2925 1404.7905    13     4     4   891   259
 430  415.7010 1405.6292    14     4     5   909   252
 431  404.1531 1406.3367    14     4     5   896   264
 432  392.5057 1407.1609    12     4     4   774    -1
 433  381.0491 1408.0145    14     4     4   873   285
 434  369.5143 1408.7357    11     3     4   690    -1
 435  358.2586 1409.4224    11     4     3   666    -1
 436  346.6683 1410.4703    11     4     4   651   316
 437  335.4271 1411.1875    11     3     4   646   326
 438  324.3500 1411.7500     9     3     4   510    -1
 439  312.9571 1412.4714     7     3     3   385    -1
 440  302.0455 1413.2273     6     2     3   311    -1
 441  517.2222 1413.8333    15    10     2   786   273
