487
   0 1683.8239 1085.2324     5     2     3   321   454
   1 1703.3995 1085.9856   125    32     9  7603   107
   2 1664.0500 1087.5438     9     4     3   610   452
   3 1731.3441 1099.0108    17     5     5  1036    -1
   4 1717.9465 1100.0576    16     4     4  1295    -1
   5 1704.5077 1101.3994    21     5     5  1825    -1
   6 1691.0891 1102.8168    21     6     5  1858   384
   7 1677.6422 1104.1053    20     5     5  1935   378
   8 1664.4095 1105.4582    21     5     5  2221   357
   9 1651.0663 1106.7867    22     6     5  2223   358
  10 1637.7381 1108.0938    20     5     5  2130   338
  11 1624.5363 1109.4212    21     5     5  2345   337
  12 1611.4113 1110.7147    22     5     5  2362   326
  13 1733.0340 1111.5655    18     5     5  1312    -1
  14 1598.2246 1112.0332    20     5     6  2191   297
  15 1719.5124 1112.9225    20     5     5  1890    -1
  16 1585.0794 1113.3220    22     6     5  2353   299
  17 1706.1097 1114.1993    23     6     5  2221   427
  18 1571.9710 1114.6044    21     6     5  2324   285
  19 1692.5598 1115.5488    21     5     5  2238   355
  20 1558.8865 1115.9006    22     6     5  2373   257
  21 1679.2320 1116.8711    21     6     5  2136   364
  22 1545.8810 1117.1808    21     6     5  2344   210
  23 1665.7625 1118.1937    21     6     5  2170   348
  24 1532.9426 1118.4792    22     6     5  2399   260
  25 1652.4929 1119.5325    21     5     5  2311   376
  26 1520.0338 1119.7549    21     6     5  2337   216
  27 1639.2170 1120.8446    20     5     5  2120   325
  28 1507.1606 1121.0420    20     5     6  2273   217
  29 1625.8774 1122.1261    22     6     5  2242   322
  30 1494.3190 1122.3074    22     5     5  2476   125
  31 1612.6224 1123.4318    21     5     5  2325   302
  32 1481.4692 1123.5699    21     5     5  2510   380
  33 1734.8123 1124.5126    17     5     5  1247    -1
  34 1599.4946 1124.6791    22     5     5  2390   310
  35 1468.7168 1124.8296    20     5     5  2241   133
  36 1721.2099 1125.8386    20     5     5  1886    -1
  37 1586.3762 1125.9992    21     5     6  2270   276
  38 1456.0169 1126.0469    18     4     5  1935   203
  39 1707.6322 1127.1818    22     5     5  2159    -1
  40 1573.2950 1127.2777    22     5     5  2427   256
  41 1443.2573 1127.3249    19     5     5  1972   131
  42 1694.2069 1128.4748    23     6     5  2259   374
  43 1560.1896 1128.5229    24     6     5  2508   258
  44 1430.8079 1128.6658    19     5     5  1710   163
  45 1680.6415 1129.7548    22     5     5  2238   361
  46 1547.1415 1129.8056    21     6     5  2336   252
  47 1418.0730 1129.8431    14     4     4   974   359
  48 1534.1398 1131.0861    20     5     5  2266    -1
  49 1667.3377 1131.0993    21     5     5  2153   350
  50 1521.1806 1132.3217    22     5     5  2418   214
  51 1653.8812 1132.3804    23     6     5  2270   323
  52 1508.2683 1133.5695    21     5     5  2388   190
  53 1640.5689 1133.6411    22     5     5  2333   324
  54 1495.3669 1134.8658    21     5     5  2335   153
  55 1627.3456 1134.9437    22     5     6  2227   307
  56 1482.5063 1136.0969    22     5     5  2370   124
  57 1614.0357 1136.2228    22     6     5  2276   320
  58 1469.6945 1137.3703    22     5     5  2442   111
  59 1600.7291 1137.5024    22     5     5  2344   286
  60 1736.3435 1137.5087    21     5     5  1510   387
  61 1456.9425 1138.6076    19     5     5  2177    86
  62 1587.5813 1138.7345    22     5     5  2392   229
  63 1722.6896 1138.8392    21     5     5  1952   435
  64 1444.2421 1139.8647    20     5     5  2264    61
  65 1574.4758 1140.0355    22     5     6  2340   246
  66 1709.3137 1140.1265    21     5     5  2113   438
  67 1431.5761 1141.0434    19     5     5  1975    97
  68 1561.4059 1141.2993    22     5     5  2460   236
  69 1695.6143 1141.4284    21     5     5  2196   351
  70 1419.0340 1142.3038    17     4     5  1380   267
  71 1548.3631 1142.5186    21     5     5  2445   261
  72 1682.2832 1142.7132    21     5     5  2171   360
  73 1535.2916 1143.7779    21     5     5  2360   191
  74 1668.7227 1143.9775    21     5     6  2141   331
  75 1522.3125 1145.0201    20     5     6  2269   197
  76 1655.4056 1145.3061    22     5     5  2307   336
  77 1509.3626 1146.2762    22     5     5  2454   157
  78 1641.9886 1146.5411    24     6     5  2344   313
  79 1496.4237 1147.5028    21     5     5  2466   174
  80 1628.6326 1147.7817    22     5     5  2307   303
  81 1483.5324 1148.7117    21     5     5  2406   123
  82 1615.4065 1149.0981    21     5     6  2227   301
  83 1470.6952 1149.9597    20     5     6  2240   102
  84 1602.1870 1150.3325    23     6     5  2380   280
  85 1737.9444 1150.5185    17     5     5  1228   444
  86 1457.9368 1151.1847    20     5     5  2218    83
  87 1588.8647 1151.5654    23     6     5  2403   220
  88 1724.4117 1151.8364    22     5     5  1983    -1
  89 1445.1766 1152.4113    21     5     5  2324    54
  90 1575.6901 1152.7937    22     5     5  2394   195
  91 1710.7884 1153.1309    21     6     5  2104   433
  92 1432.5157 1153.6449    21     5     5  2196    91
  93 1562.5928 1154.0555    23     5     6  2421   223
  94 1697.3435 1154.4379    22     5     5  2244   372
  95 1419.9502 1154.8908    15     4     4  1272   296
  96 1549.5065 1155.3270    21     5     5  2437   230
  97 1683.6469 1155.6735    22     5     5  2264   353
  98 1536.4404 1156.5145    21     5     5  2494   211
  99 1670.2860 1156.9490    22     5     6  2198   332
 100 1523.4499 1157.7165    21     5     5  2408   155
 101 1656.7669 1158.2147    21     6     5  2189   329
 102 1510.4358 1158.9593    22     5     6  2378   141
 103 1643.4498 1159.4914    21     5     5  2325   298
 104 1497.4977 1160.2114    21     5     5  2370   137
 105 1630.0864 1160.7296    21     6     5  2213   278
 106 1484.5778 1161.4143    21     5     5  2451   154
 107 1616.6920 1161.9701    22     5     6  2272   282
 108 1471.6957 1162.5938    21     5     5  2394    71
 109 1603.4532 1163.2528    22     5     5  2362   265
 110 1739.6893 1163.6560    19     5     5  1341   375
 111 1458.8967 1163.8122    20     5     5  2230    93
 112 1590.2698 1164.4538    22     5     5  2399   275
 113 1726.0106 1164.9588    22     6     5  1950   362
 114 1446.1348 1165.0185    22     5     6  2313   411
 115 1577.0040 1165.6661    23     6     5  2402   224
 116 1433.4556 1166.1638    20     5     5  2059   103
 117 1712.4448 1166.2459    22     5     5  2186   356
 118 1563.7829 1166.8609    20     5     5  2269   176
 119 1420.9779 1167.3915    18     5     5  1444   255
 120 1698.7121 1167.4874    23     6     5  2258   347
 121 1550.6753 1168.1043    21     5     6  2339   212
 122 1685.2975 1168.7242    22     6     5  2206   429
 123 1537.5633 1169.3367    21     5     5  2440   156
 124 1671.7015 1169.9758    22     5     6  2197   327
 125 1524.5451 1170.5143    21     5     5  2514   189
 126 1658.3346 1171.2741    22     5     5  2291   319
 127 1511.5307 1171.6851    22     5     5  2499   108
 128 1644.7534 1172.4883    24     6     5  2392   314
 129 1498.5696 1172.9161    22     5     6  2393   100
 130 1631.4617 1173.6478    21     5     5  2302   306
 131 1485.6217 1174.1142    21     5     5  2315   115
 132 1618.1029 1174.9081    23     6     6  2331   370
 133 1472.7361 1175.3225    22     5     5  2413    69
 134 1604.7285 1176.1642    20     5     5  2221   233
 135 1459.8975 1176.5032    21     5     5  2308    58
 136 1741.3231 1176.9584    18     5     5  1273    -1
 137 1591.4859 1177.3846    21     5     5  2402   412
 138 1447.0796 1177.6770    21     5     5  2287    17
 139 1727.6070 1178.1018    21     5     5  1919   424
 140 1578.3454 1178.5349    21     5     5  2395   205
 141 1434.3890 1178.8949    20     5     5  2018    63
 142 1714.0259 1179.3483    24     6     5  2261    -1
 143 1565.0553 1179.7646    21     6     5  2316   186
 144 1421.6501 1180.0047    16     5     4  1333   219
 145 1700.4295 1180.5670    21     5     5  2185   373
 146 1551.8495 1180.9339    23     6     6  2429   192
 147 1686.6978 1181.7954    22     5     5  2197   382
 148 1538.7502 1182.1669    20     5     5  2315   206
 149 1673.2751 1183.0823    22     5     6  2194   334
 150 1525.6455 1183.3674    22     5     5  2488   377
 151 1659.6495 1184.3224    22     5     5  2277   317
 152 1512.6080 1184.5187    21     5     5  2494    75
 153 1646.3453 1185.5024    22     5     5  2328   343
 154 1499.6080 1185.6843    22     5     5  2489    92
 155 1632.7405 1186.6944    22     5     5  2314   259
 156 1486.6747 1186.8825    22     5     6  2394    52
 157 1619.4551 1187.9165    23     5     6  2353   253
 158 1473.7518 1188.0718    21     5     6  2325    77
 159 1606.1333 1189.1375    22     6     5  2300   245
 160 1460.8953 1189.2344    20     5     5  2265    85
 161 1742.9146 1190.0350    16     4     4  1157    -1
 162 1592.7246 1190.3286    22     5     5  2378   266
 163 1448.0660 1190.4020    21     6     5  2315    21
 164 1729.3403 1191.3275    22     5     5  2039   367
 165 1579.5119 1191.5007    21     5     5  2475   204
 166 1435.2607 1191.5402    21     5     5  2145    18
 167 1715.5641 1192.5061    22     5     5  2239    -1
 168 1566.3383 1192.6617    22     5     5  2442   177
 169 1422.5912 1192.9175    18     5     5  1470   151
 170 1701.9050 1193.7410    24     6     5  2279   379
 171 1553.1260 1193.8552    21     6     5  2328   164
 172 1688.3531 1194.9746    23     5     6  2212   328
 173 1539.9139 1195.0518    23     6     6  2433   421
 174 1526.7998 1196.2140    20     5     5  2311   365
 175 1674.6796 1196.2229    21     5     5  2158   312
 176 1513.7223 1197.4018    22     5     5  2454    84
 177 1661.2646 1197.4308    23     6     5  2335   293
 178 1500.6810 1198.5328    22     5     5  2503    90
 179 1647.6106 1198.5777    22     5     5  2348   309
 180 1487.7203 1199.6836    22     5     5  2462    43
 181 1634.2635 1199.7887    21     5     5  2238   272
 182 1474.7933 1200.8429    20     5     5  2292    55
 183 1620.7587 1200.9768    23     5     6  2356   273
 184 1461.8833 1202.0317    22     5     6  2360    87
 185 1607.4395 1202.2279    22     5     5  2357   414
 186 1449.0175 1203.1804    20     6     5  2258   402
 187 1744.6440 1203.3201    19     5     5  1339   439
 188 1594.0993 1203.3583    23     6     5  2378   239
 189 1436.2255 1204.2994    20     5     5  2082    26
 190 1580.6837 1204.5098    22     5     5  2423   173
 191 1730.9047 1204.5485    23     6     5  2037   369
 192 1423.4024 1205.3630    19     5     5  1534   198
 193 1567.5087 1205.6079    22     5     5  2472   129
 194 1717.2781 1205.7467    22     6     5  2150   447
 195 1554.3132 1206.8014    22     5     6  2417   168
 196 1703.5009 1206.9721    24     5     6  2257    -1
 197 1541.1305 1207.9903    23     6     6  2441   142
 198 1689.7897 1208.2066    21     6     5  2127   330
 199 1527.9522 1209.1706    21     6     5  2337   136
 200 1676.3339 1209.3998    22     5     5  2268   321
 201 1514.8323 1210.3030    21     5     5  2365   126
 202 1662.5899 1210.5599    22     5     5  2335   270
 203 1501.7493 1211.4588    23     5     5  2510    57
 204 1649.1514 1211.7595    21     6     5  2206   308
 205 1488.7531 1212.5759    22     5     5  2471    31
 206 1635.6008 1212.8955    24     5     6  2391   291
 207 1475.8020 1213.7059    22     5     5  2431    49
 208 1622.2236 1214.1281    24     6     6  2394    -1
 209 1462.8648 1214.8408    20     5     5  2291    48
 210 1608.7006 1215.2970    22     5     5  2346   437
 211 1449.9594 1216.0078    22     5     6  2380    45
 212 1595.4357 1216.4350    22     5     5  2438   225
 213 1746.3337 1216.7410    20     5     5  1415   442
 214 1437.1626 1217.1172    20     5     5  2058   392
 215 1582.0408 1217.5085    22     6     5  2276   175
 216 1732.5256 1217.8423    22     5     5  1997    -1
 217 1424.3743 1218.1248    18     5     5  1473   221
 218 1568.6864 1218.6879    22     5     5  2409   119
 219 1718.8147 1219.0915    23     6     6  2205   386
 220 1555.4954 1219.8211    24     5     6  2505   193
 221 1705.1279 1220.2768    24     6     5  2302   352
 222 1542.3067 1220.9910    23     5     6  2433   423
 223 1691.4552 1221.4494    22     5     5  2305   342
 224 1529.1568 1222.1513    21     5     6  2332   150
 225 1677.6354 1222.5942    22     5     5  2289   287
 226 1515.9599 1223.2786    21     6     5  2333   135
 227 1664.1732 1223.7870    21     6     5  2179   295
 228 1582.5193 1224.1414    25     5     6  2650   178
 229 1502.8746 1224.4136    22     5     5  2408    39
 230 1650.5632 1224.9563    24     5     6  2355   281
 231 1489.8095 1225.5365    22     5     5  2444    59
 232 1637.0413 1226.1506    23     6     6  2312   271
 233 1476.8373 1226.6408    21     5     5  2378    42
 234 1623.5151 1227.3323    22     5     5  2358   262
 235 1463.8741 1227.7473    20     5     5  2318    25
 236 1610.1653 1228.4266    23     6     5  2390   241
 237 1450.9316 1228.8418    21     6     5  2352    24
 238 1596.6426 1229.5264    22     5     5  2390   196
 239 1438.1123 1229.9701    20     5     5  2055   390
 240 1747.9463 1230.0399    17     5     4  1213    -1
 241 1589.1454 1230.1350    15     5     4  1424   349
 242 1583.2931 1230.7524    21     5     5  2215   167
 243 1425.3271 1231.0019    17     5     4  1388   160
 244 1734.3032 1231.2884    22     5     5  2045   445
 245 1570.0073 1231.7936    22     6     5  2326   170
 246 1720.4795 1232.4590    22     5     5  2272    -1
 247 1556.6790 1232.9132    23     5     6  2435   159
 248 1706.6104 1233.5708    22     5     5  2259   371
 249 1543.4651 1234.0752    24     5     6  2490   143
 250 1692.9092 1234.7419    24     6     5  2312   333
 251 1530.3030 1235.2147    22     5     5  2425   122
 252 1679.2971 1235.9039    22     5     6  2214   294
 253 1517.1360 1236.3145    22     6     5  2383   110
 254 1665.5868 1237.1061    23     5     6  2290   289
 255 1503.9820 1237.4140    23     6     5  2453    64
 256 1651.9952 1238.2346    23     6     5  2303   268
 257 1490.8897 1238.5046    22     5     5  2406    67
 258 1638.4601 1239.4052    22     5     5  2377   277
 259 1477.8400 1239.5923    22     5     5  2444    34
 260 1624.8860 1240.4959    25     6     5  2465   279
 261 1464.8675 1240.6898    21     5     5  2378    10
 262 1611.4673 1241.5832    21     5     5  2336   231
 263 1451.9251 1241.7837    21     6     5  2372     8
 264 1597.9987 1242.7316    23     6     5  2329   183
 265 1439.0239 1242.8749    18     4     5  1967    33
 266 1749.7937 1243.4788    18     5     5  1278   385
 267 1584.5874 1243.8077    23     5     6  2385   185
 268 1426.1520 1243.9974    16     4     4  1369   134
 269 1735.8251 1244.6305    24     6     5  2135    -1
 270 1571.2696 1244.9319    23     5     6  2361   180
 271 1722.0994 1245.8242    23     6     6  2211   422
 272 1557.8923 1246.0864    23     6     6  2371   169
 273 1708.3248 1246.9727    23     5     6  2229    -1
 274 1544.6340 1247.2226    23     5     6  2426   147
 275 1694.4803 1248.1978    24     5     6  2315   340
 276 1531.4508 1248.3229    22     5     5  2461   116
 277 1680.6991 1249.3061    24     6     5  2355   300
 278 1518.2947 1249.3952    22     5     5  2464    70
 279 1667.1522 1250.4194    24     6     5  2379   311
 280 1505.1089 1250.4684    23     6     5  2449    96
 281 1653.4969 1251.5243    22     5     5  2378   274
 282 1491.9732 1251.5268    22     6     5  2406    36
 283 1478.8884 1252.6150    21     5     5  2363    22
 284 1639.7910 1252.6244    24     6     5  2406   244
 285 1465.8743 1253.6804    21     5     5  2386    14
 286 1626.3650 1253.7179    23     5     5  2357   436
 287 1452.8988 1254.7528    21     5     5  2399     6
 288 1612.7354 1254.8619    24     5     6  2402   215
 289 1440.0105 1255.8312    20     6     5  2099    15
 290 1599.3421 1255.9918    24     5     6  2416   194
 291 1427.1109 1256.9488    16     4     4  1386   179
 292 1751.4123 1257.0397    17     5     4  1215    -1
 293 1585.8534 1257.1071    22     6     6  2314   172
 294 1737.5229 1258.2157    22     5     5  2018    -1
 295 1572.4992 1258.2449    23     5     5  2416   187
 296 1559.2084 1259.2912    22     5     5  2355   166
 297 1723.6376 1259.3516    23     5     5  2255   383
 298 1545.7840 1260.3656    23     5     5  2407   118
 299 1709.8031 1260.4498    24     6     5  2335   335
 300 1532.5577 1261.4503    21     5     5  2437    94
 301 1696.1014 1261.5673    24     6     5  2329   344
 302 1519.4038 1262.5022    21     5     5  2443    50
 303 1682.3800 1262.6371    22     5     5  2267   264
 304 1506.2320 1263.5494    23     5     5  2486    81
 305 1668.5780 1263.7205    22     5     5  2293   247
 306 1493.0578 1264.6125    23     6     5  2466    51
 307 1654.8833 1264.9022    25     6     6  2411   234
 308 1479.9294 1265.6846    22     6     5  2411    47
 309 1641.3433 1266.0409    24     5     6  2387   226
 310 1466.8786 1266.7203    21     5     5  2389    12
 311 1627.6710 1267.1421    23     5     6  2343   243
 312 1453.8676 1267.7830    21     5     5  2421    11
 313 1614.2319 1268.2519    23     6     5  2351   227
 314 1440.9775 1268.8386    19     5     5  2081     7
 315 1600.5856 1269.3613    22     5     5  2362   184
 316 1428.0464 1269.9007    16     4     4  1404   130
 317 1587.2767 1270.3939    22     5     5  2363   207
 318 1753.1416 1270.6353    19     5     5  1349    -1
 319 1573.6655 1271.4633    23     5     5  2431   165
 320 1739.2861 1271.6765    23     6     5  2085   431
 321 1560.4195 1272.5015    22     5     5  2441   152
 322 1725.4116 1272.7780    24     5     6  2297   443
 323 1547.0576 1273.5443    23     6     5  2391   140
 324 1711.4821 1273.9543    24     5     6  2316   363
 325 1533.6680 1274.5836    22     5     5  2439    62
 326 1697.6145 1275.0874    23     5     6  2277   345
 327 1520.5079 1275.6223    22     5     5  2490    78
 328 1683.7901 1276.1896    22     6     6  2234   283
 329 1507.3165 1276.7013    22     5     5  2446   425
 330 1670.1343 1277.2849    24     6     5  2395   248
 331 1494.1398 1277.7596    20     5     5  2302    72
 332 1656.4354 1278.4043    22     5     5  2354   251
 333 1480.9901 1278.7882    22     6     5  2408   394
 334 1642.6170 1279.4677    22     5     5  2339   228
 335 1467.8874 1279.8246    23     5     6  2487    41
 336 1629.1532 1280.5066    24     6     5  2417   254
 337 1454.8430 1280.8699    22     5     6  2514    30
 338 1615.5274 1281.5571    22     5     5  2414   232
 339 1441.9297 1281.8816    20     5     5  2166    16
 340 1601.9549 1282.6230    25     6     5  2470   222
 341 1428.9690 1282.9118    16     4     4  1412    88
 342 1588.4969 1283.6258    22     5     5  2396   218
 343 1754.8560 1284.1821    20     5     5  1368    -1
 344 1575.0428 1284.7158    23     6     5  2364   148
 345 1740.8534 1285.3260    22     6     5  2031   428
 346 1561.5774 1285.7283    23     5     6  2429   114
 347 1727.0247 1286.4317    25     6     5  2363   430
 348 1548.2647 1286.8247    21     5     6  2291   117
 349 1713.1107 1287.4912    25     6     5  2388   366
 350 1534.8656 1287.8729    24     6     6  2431    79
 351 1699.2971 1288.5639    24     6     5  2373   341
 352 1521.6173 1288.9038    24     5     6  2530   396
 353 1685.4380 1289.6248    23     5     5  2344   304
 354 1508.4079 1289.9547    24     5     6  2535   397
 355 1671.5776 1290.6840    22     5     5  2312   288
 356 1495.2040 1290.9843    22     5     6  2438   393
 357 1657.7636 1291.7912    26     6     6  2495   250
 358 1482.0620 1292.0247    23     6     6  2488   407
 359 1644.1969 1292.8812    24     6     6  2378   235
 360 1468.9097 1293.0208    23     6     6  2517    20
 361 1630.5099 1293.9570    25     5     6  2458   237
 362 1455.8296 1294.0199    22     5     6  2529     9
 363 1616.8622 1295.0287    24     6     6  2401   200
 364 1442.8879 1295.0532    21     5     6  2254    46
 365 1429.9389 1296.0376    16     4     4  1438   127
 366 1603.3622 1296.0746    24     5     6  2434   182
 367 1589.7510 1297.1214    22     5     6  2315   144
 368 1756.5080 1297.9611    19     5     5  1323   434
 369 1576.3388 1298.1985    23     5     6  2397   139
 370 1742.5656 1298.9929    22     5     6  2015    -1
 371 1562.8065 1299.1878    22     6     6  2317   132
 372 1728.6339 1300.0780    23     5     6  2240    -1
 373 1549.4458 1300.2614    23     5     6  2441   101
 374 1714.6549 1301.1571    23     5     6  2267   318
 375 1536.1351 1301.2402    24     6     5  2447   106
 376 1700.7379 1302.2595    26     6     6  2435   339
 377 1522.7337 1302.2709    22     5     5  2418   395
 378 1686.9085 1303.3048    24     6     5  2358   269
 379 1509.4885 1303.3056    22     5     5  2494    65
 380 1496.3166 1304.2884    22     5     5  2518    -1
 381 1673.1680 1304.3783    24     6     5  2408   238
 382 1483.1046 1305.2511    22     6     5  2458    60
 383 1659.4087 1305.4182    22     5     5  2371   213
 384 1469.9161 1306.2637    21     6     5  2451    35
 385 1645.5389 1306.4712    23     5     5  2434   199
 386 1456.8286 1307.2593    21     5     5  2529     2
 387 1631.8439 1307.4894    25     6     5  2477   240
 388 1443.8483 1308.2201    20     5     5  2272     4
 389 1618.3640 1308.4937    22     5     5  2372   208
 390 1430.9765 1309.1571    18     4     5  1559   149
 391 1604.5890 1309.5327    22     5     5  2414   162
 392 1591.1346 1310.5345    24     6     5  2448    -1
 393 1577.5446 1311.5416    22     5     5  2445   128
 394 1758.2512 1311.6878    20     5     5  1410   426
 395 1564.1243 1312.5672    23     6     5  2385   405
 396 1744.3415 1312.6362    22     5     5  2040   416
 397 1550.5948 1313.5481    22     5     5  2450   403
 398 1730.3837 1313.7048    24     6     5  2318   410
 399 1537.3553 1314.5482    23     5     5  2477   406
 400 1716.3952 1314.7573    24     5     6  2335   316
 401 1523.8814 1315.5455    24     6     5  2498   105
 402 1702.4191 1315.8139    24     5     6  2350    -1
 403 1510.5809 1316.5463    22     5     5  2546    73
 404 1688.4819 1316.8945    25     5     6  2411    -1
 405 1497.4005 1317.5422    21     5     5  2518    80
 406 1674.6135 1317.9592    25     5     6  2439    -1
 407 1484.1746 1318.5322    23     5     5  2579    28
 408 1660.7587 1319.0063    25     6     6  2433    -1
 409 1470.9659 1319.4946    23     6     5  2618    27
 410 1647.0183 1320.0433    24     6     6  2402    -1
 411 1457.8133 1320.4858    23     5     5  2698     1
 412 1633.3567 1321.0709    24     5     6  2435   209
 413 1444.7901 1321.4399    21     5     5  2415    44
 414 1619.6055 1322.0609    25     5     6  2482    -1
 415 1432.0074 1322.4147    17     4     5  1589   181
 416 1605.9788 1323.0562    24     6     6  2428    -1
 417 1592.4130 1324.0929    25     5     6  2515    -1
 418 1578.8242 1325.0635    23     6     6  2387   415
 419 1760.0042 1325.5696    19     5     5  1309   381
 420 1565.3789 1326.0732    24     5     6  2463    -1
 421 1745.9907 1326.5218    24     6     5  2117   413
 422 1551.8410 1327.0326    23     6     6  2408   146
 423 1731.9627 1327.5355    25     6     5  2376   408
 424 1538.4602 1328.0126    25     5     6  2557   138
 425 1717.9161 1328.5586    25     6     5  2394   399
 426 1525.0918 1328.9965    23     6     6  2441    89
 427 1703.9518 1329.5921    25     6     5  2412   455
 428 1511.7296 1329.9554    24     5     6  2546    68
 429 1690.0374 1330.6066    25     6     5  2413   448
 430 1498.4546 1330.8780    24     5     6  2610    76
 431 1676.1749 1331.6112    24     6     5  2378   417
 432 1485.2221 1331.8734    21     5     6  2432     5
 433 1662.3756 1332.6219    24     5     5  2414    -1
 434 1471.9896 1332.8181    25     6     6  2696    23
 435 1648.5142 1333.6114    22     5     5  2366    -1
 436 1458.8452 1333.7636    24     5     6  2721     3
 437 1634.6382 1334.6304    22     5     5  2381   202
 438 1445.7915 1334.7519    21     5     5  2388    32
 439 1621.0000 1335.6252    25     6     5  2496    -1
 440 1432.8711 1335.7342    18     5     5  1660   201
 441 1607.4006 1336.5901    24     5     5  2498    -1
 442 1593.6322 1337.5932    22     5     5  2431   158
 443 1580.1685 1338.5858    24     6     5  2482    -1
 444 1761.6739 1338.9870    15     4     4   865   388
 445 1566.5584 1339.5605    22     5     5  2471    98
 446 1747.5689 1340.2207    19     5     5  1487   368
 447 1553.1192 1340.5405    23     6     5  2434   120
 448 1733.5461 1341.3317    21     5     5  1852   354
 449 1539.5795 1341.5092    22     5     5  2508   104
 450 1719.5164 1342.3932    22     5     5  2074   346
 451 1526.2997 1342.4638    22     5     5  2483    53
 452 1512.8306 1343.4144    23     6     5  2505    29
 453 1705.4860 1343.4148    22     5     5  2239   315
 454 1499.5385 1344.4095    21     5     5  2530    37
 455 1691.5136 1344.4462    23     5     5  2396   305
 456 1486.3164 1345.3205    22     5     5  2576    13
 457 1677.5545 1345.3870    22     5     5  2312   290
 458 1473.0431 1346.2660    25     6     6  2699    40
 459 1663.6735 1346.4290    24     6     5  2468   263
 460 1459.8248 1347.1952    23     5     6  2751    19
 461 1649.8766 1347.4021    24     6     5  2456   249
 462 1446.7526 1348.0791    21     5     6  2416    38
 463 1636.2018 1348.3824    24     6     5  2518   242
 464 1433.7166 1348.9901    16     5     4  1557   171
 465 1622.4235 1349.3845    22     5     5  2485   188
 466 1608.5955 1350.3457    25     5     6  2611   161
 467 1595.0071 1351.2618    25     6     6  2581   145
 468 1581.4197 1352.2762    23     5     6  2544   112
 469 1567.7787 1353.1583    23     6     6  2467   113
 470 1554.3272 1354.1244    24     5     6  2595    99
 471 1540.7695 1355.0237    24     5     6  2573    95
 472 1527.3951 1355.9254    26     5     6  2701    82
 473 1513.9563 1356.8945    25     6     6  2657    74
 474 1500.5604 1357.7281    23     5     6  2689    66
 475 1734.5222 1358.1056   118    25    13  6980     0
 476 1487.3447 1358.6849    22     5     5  2555    56
 477 1474.0964 1359.5832    22     6     5  2386   109
 478 1460.8486 1360.4856    22     5     5  2348   121
 479 1447.9386 1361.3476    18     5     5  1812   284
 480 1434.7604 1362.1925    13     4     4  1011   292
 481 1700.1629 1362.8708     5     3     2   339   389
 482 1719.3814 1369.0085    12     4     4   659    -1
 483 1460.8735 1380.2733   446    46    26 30027   391
 484 1594.0000 2037.1875     6     3     3   316    -1
 485 1564.5303 2037.1970     9     3     3   483    -1
 486 1578.9444 2037.3519     7     3     3   377    -1
