486
   0  987.3971 1147.7500    15     3     7   818    -1
   1  997.2142 1154.4569    94    23     7  5767    -1
   2  959.9424 1155.5909     7     3     3   515   455
   3  986.4091 1155.8497    11     3     6   693    -1
   4 1014.8878 1167.0578    12     4     4   747    -1
   5 1003.8256 1168.1641    13     4     4  1040    -1
   6  992.3472 1169.1962    18     5     5  1476    -1
   7  981.0057 1170.3527    17     4     5  1556    -1
   8  969.9088 1171.3948    17     4     5  1601   428
   9  958.5901 1172.5257    18     5     5  1677    -1
  10  947.3087 1173.6776    18     5     5  1705   357
  11  936.1073 1174.7748    15     4     5  1547    -1
  12  783.5690 1174.8103     7     3     3   379   453
  13  925.0397 1175.8321    16     4     5  1619   309
  14  773.3746 1175.9507    49    15     5  2785   228
  15  913.9736 1176.8718    16     4     5  1615   304
  16  902.8943 1177.9241    15     4     4  1521   435
  17  891.8462 1178.9447    15     4     4  1501   331
  18 1015.0913 1179.0095    14     4     4  1067   291
  19  880.7943 1179.9455    16     5     4  1534   332
  20 1003.8439 1180.1121    15     4     4  1410    -1
  21  869.7935 1180.9705    16     5     4  1512    -1
  22  992.4505 1181.0974    19     5     5  1879    -1
  23  858.8382 1181.9942    16     5     4  1492   335
  24  981.0397 1182.1964    17     4     5  1782    -1
  25  847.8711 1183.0186    15     4     4  1421   351
  26  969.9113 1183.2254    17     5     5  1735   195
  27  836.9640 1184.0253    15     4     4  1403   450
  28  958.5880 1184.2977    18     5     5  1775    -1
  29  826.0112 1185.0240    14     4     4  1324   359
  30  947.2384 1185.3758    19     5     5  1852   417
  31  815.1191 1185.9748    15     4     4  1346   368
  32  936.0655 1186.4345    17     4     5  1736   233
  33  804.3539 1186.9763    15     5     4  1277   383
  34  924.9733 1187.4750    18     4     5  1779   442
  35  793.6670 1188.0813    14     4     4  1149   376
  36  913.8839 1188.5036    18     5     5  1731   400
  37  782.9198 1189.0776    13     4     4  1043   380
  38  902.7401 1189.5507    19     5     5  1758   239
  39  772.1220 1190.0089    13     4     4   986   386
  40  891.6430 1190.5291    19     5     5  1705    -1
  41 1015.1960 1190.9933    14     4     4  1075   245
  42  761.5584 1191.0547    10     3     4   637   391
  43  880.5495 1191.6096    19     5     5  1698    -1
  44 1003.8669 1192.0503    15     4     4  1426   170
  45  869.4875 1192.6184    18     5     5  1618   292
  46  751.2000 1193.0000     5     2     3   260   399
  47  992.5000 1193.0651    18     5     5  1806   125
  48  858.4797 1193.6599    18     5     5  1588    -1
  49  981.0596 1194.1360    16     4     5  1690   158
  50  847.5273 1194.6333    18     5     5  1560   432
  51  969.8993 1195.1655    18     5     5  1749   140
  52  836.6369 1195.6538    19     5     5  1600   313
  53  958.5402 1196.2136    19     5     5  1795   156
  54  825.7943 1196.6756    17     4     5  1482   348
  55  947.1674 1197.2433    19     5     5  1807   183
  56  814.9197 1197.7114    16     4     5  1429   446
  57  936.0081 1198.2761    17     4     5  1712   189
  58  804.0872 1198.7265    15     4     5  1346   402
  59  924.9245 1199.2485    16     4     5  1615   194
  60  793.2135 1199.7453    14     4     5  1234   451
  61  913.7474 1200.2904    17     5     5  1618   207
  62  782.4188 1200.7500    15     5     5  1218   374
  63  902.5747 1201.3213    18     5     5  1650   237
  64  771.7500 1201.6625    16     4     5  1280   371
  65  891.4350 1202.3660    19     5     5  1689   234
  66  761.1164 1202.6803    13     4     4   955   387
  67 1015.2809 1202.9972    14     4     4  1056   427
  68  880.3072 1203.3871    19     5     5  1676   257
  69  750.6111 1203.5556     9     3     3   558   393
  70 1003.9231 1204.0814    15     4     4  1426   151
  71  869.2282 1204.3592    19     5     5  1660   258
  72  992.5422 1205.0722    18     5     5  1800   100
  73  858.2077 1205.3611    18     5     5  1591   298
  74  981.0664 1206.1273    16     4     5  1688   116
  75  847.2253 1206.3498    17     4     5  1509   322
  76  969.8756 1207.1385    18     5     5  1752   120
  77  836.3153 1207.3439    19     5     5  1578   319
  78  958.4732 1208.1558    19     5     5  1807   137
  79  825.4309 1208.3364    18     5     5  1493   329
  80  947.1067 1209.1874    17     4     5  1717   175
  81  814.5864 1209.2813    17     5     5  1417   350
  82  935.9706 1210.1819    16     4     5  1633   192
  83  803.7711 1210.1912    15     5     5  1307   362
  84  792.8975 1211.1673    16     4     5  1371   381
  85  924.8329 1211.1823    18     5     5  1687   182
  86  742.7075 1212.0660    29     3    21  1503   448
  87  782.0662 1212.1679    16     4     5  1351   389
  88  913.6105 1212.1762    19     5     5  1719   180
  89  771.3419 1213.1838    15     4     4  1237   436
  90  902.3603 1213.1882    19     5     5  1723   213
  91  760.6770 1214.1656    13     4     4   955   406
  92  891.1675 1214.1973    18     5     5  1673   243
  93 1015.3811 1215.0152    13     4     4   978   173
  94  880.0770 1215.1507    16     4     5  1573   236
  95  750.2903 1215.1532    12     4     4   724   407
  96 1003.9586 1216.1241    16     4     5  1489   103
  97  869.0162 1216.1267    16     4     5  1542   290
  98  992.5902 1217.1102    19     5     5  1848    60
  99  858.0000 1217.1163    16     4     5  1522   284
 100  846.9935 1218.0806    16     4     5  1489   310
 101  981.0656 1218.1689    17     4     5  1750    76
 102  836.0143 1219.0639    15     4     4  1415   315
 103  969.8610 1219.1473    18     5     5  1742    83
 104  825.0710 1220.0363    15     4     4  1384   342
 105  958.4086 1220.1505    19     5     5  1814   118
 106  814.1645 1221.0216    15     4     4  1352   328
 107  947.0610 1221.1643    17     4     5  1711   152
 108  803.3164 1222.0210    16     5     4  1372   354
 109  935.9387 1222.1765    16     4     5  1616   163
 110  792.5481 1223.0213    16     5     4  1341   367
 111  924.7118 1223.1431    18     5     5  1679   154
 112  781.7703 1224.0520    15     4     4  1279   445
 113  913.3824 1224.1320    19     5     5  1749   171
 114  770.9796 1225.0019    14     4     4  1240   388
 115  902.1255 1225.1127    16     4     5  1585   218
 116  760.2758 1225.9030    13     4     4   980    -1
 117  891.0336 1226.0956    16     4     5  1574   219
 118  749.6667 1226.8704    10     3     4   608   443
 119  879.9691 1227.0860    16     4     5  1544   251
 120 1015.5868 1227.1334    15     5     4  1061    94
 121  868.9312 1228.0646    15     4     4  1462   278
 122 1003.9736 1228.2222    16     4     5  1520    67
 123  857.8799 1229.0540    15     4     4  1445   271
 124  992.6457 1229.2029    19     5     5  1842    50
 125  846.8383 1230.0440    16     5     4  1471   296
 126  981.0669 1230.2390    17     4     5  1762    74
 127  835.8632 1231.0224    15     4     4  1397   293
 128  969.8493 1231.2091    19     5     5  1806    56
 129  824.8971 1232.0104    15     4     4  1377   327
 130  958.3219 1232.2146    19     5     5  1826   113
 131  813.9526 1232.9902    15     4     4  1362   320
 132  947.0316 1233.2199    17     4     5  1721   143
 133  803.0424 1233.9593    14     4     4  1290   349
 134  935.8706 1234.1741    18     5     5  1704   129
 135  792.1179 1234.9089    14     4     4  1260   369
 136  924.5508 1235.1358    19     5     5  1738   144
 137  781.2311 1235.8656    13     4     4  1167   385
 138  913.1836 1236.1216    18     5     5  1706   176
 139  770.4581 1236.7998    15     5     4  1227   434
 140  902.0250 1237.1095    16     4     5  1581   193
 141  759.7578 1237.6916    13     4     4   937   439
 142  890.9396 1238.0780    16     4     5  1537   209
 143  749.3367 1238.4490    10     4     3   598    -1
 144  879.8220 1239.0512    16     5     4  1533   217
 145 1015.6801 1239.3385    14     4     5  1022   212
 146  868.6875 1240.0153    17     5     4  1570   247
 147 1003.9844 1240.4159    17     4     5  1587    81
 148  857.5273 1241.0050    16     5     4  1497   268
 149  992.7058 1241.3971    20     5     5  1904    38
 150  846.4224 1241.9597    16     5     4  1470   297
 151  981.0616 1242.3877    17     4     5  1776    82
 152  835.4066 1242.9335    16     5     4  1432   289
 153  741.5581 1243.0233    49     3    33  2536    -1
 154  969.8356 1243.3505    18     5     5  1776    47
 155  824.4312 1243.8993    16     5     4  1396   325
 156  958.2659 1244.3398    19     5     5  1830    86
 157  813.5342 1244.8507    17     5     4  1406   318
 158  946.9914 1245.2977    17     4     5  1725   102
 159  802.6679 1245.7583    18     5     5  1442   337
 160  935.7861 1246.2264    18     5     5  1704   135
 161  791.7939 1246.7163    17     4     5  1391   345
 162  924.3405 1247.2202    19     5     5  1765   126
 163  780.9668 1247.5645    16     4     5  1327   377
 164  913.0597 1248.1605    17     4     5  1663   160
 165  770.0929 1248.5395    15     4     5  1256    -1
 166  901.9542 1249.1217    16     4     5  1564   201
 167  759.4744 1249.3571    11     4     4   823   433
 168  890.7874 1250.0655    17     5     5  1591   178
 169  748.6078 1250.4216    10     3     4   602   449
 170  879.5499 1251.0340    16     5     4  1521   211
 171 1015.7120 1251.7405    16     4     5  1116   150
 172  868.3139 1251.9958    17     5     4  1570   249
 173 1004.0301 1252.7135    16     4     5  1498    69
 174  857.1977 1252.9535    16     5     4  1488   254
 175  992.7280 1253.6400    19     5     5  1893    22
 176  846.1432 1253.9181    15     4     4  1403   261
 177  981.0416 1254.6313    18     4     5  1814    58
 178  835.1040 1254.8821    15     4     5  1399   312
 179  969.8125 1255.5703    19     5     5  1846    44
 180  824.1392 1255.8430    15     4     5  1368   303
 181  958.1941 1256.5417    18     5     5  1763   105
 182  813.1747 1256.7688    14     4     5  1284   300
 183  946.9633 1257.4435    18     4     5  1785    75
 184  802.2505 1257.6830    16     5     5  1341   341
 185  935.6025 1258.4049    19     5     5  1760   106
 186  791.3687 1258.5483    17     5     5  1368   336
 187  780.5798 1259.3384    17     5     5  1339   344
 188  924.1691 1259.3400    19     5     5  1775   142
 189  769.7651 1260.1988    14     4     5  1198    -1
 190  912.9786 1260.2344    17     4     5  1667   139
 191  758.9667 1261.0939    13     4     4   980   384
 192  901.8124 1261.1535    17     5     5  1583   161
 193  890.5574 1262.0854    18     5     5  1614   186
 194  748.4798 1262.1667     9     3     4   549   395
 195  879.2208 1263.0472    16     5     4  1520   200
 196 1015.7380 1263.9986    14     4     4  1053   136
 197  868.0798 1264.0000    15     4     4  1452   253
 198 1004.0938 1264.9727    15     4     4  1427    65
 199  857.0090 1264.9820    15     4     4  1416   273
 200  992.7433 1265.9026    19     5     5  1879     9
 201  845.9785 1265.9458    15     4     4  1423   246
 202  981.0713 1266.8678    18     5     5  1770    40
 203  834.9512 1266.8704    16     4     5  1456   240
 204  823.9182 1267.7500    17     4     5  1486   287
 205  969.7569 1267.8234    19     5     5  1853    37
 206  812.9154 1268.6206    17     4     5  1447   286
 207  958.1321 1268.7750    19     5     5  1790    78
 208  801.9362 1269.4672    16     4     5  1380   306
 209  946.9070 1269.6882    17     4     5  1732    73
 210  791.0036 1270.3123    16     4     5  1354   352
 211  935.4606 1270.6144    18     5     5  1713   108
 212  780.1046 1271.2025    16     4     5  1321   339
 213  924.0793 1271.5337    18     4     5  1732   121
 214  769.2378 1272.1199    15     4     4  1242   353
 215  912.9144 1272.4059    18     4     5  1718   123
 216  758.5893 1273.0964    12     3     4   880    -1
 217  901.5952 1273.3068    18     5     5  1635   177
 218  747.7551 1273.9286    10     3     4   598   397
 219  890.2577 1274.2147    19     5     5  1693   166
 220  879.0589 1275.0532    15     4     4  1446   196
 221  867.9521 1276.0509    15     4     5  1418   208
 222 1015.8077 1276.1183    13     4     4   988    84
 223  856.8570 1277.0098    16     5     4  1461   215
 224 1004.0949 1277.1020    17     4     5  1561    45
 225  845.7059 1277.9659    16     5     4  1446   226
 226  992.7656 1278.0711    18     5     5  1800     7
 227  834.5713 1278.8765    17     5     4  1453   262
 228  981.0968 1279.0657    16     4     5  1668    39
 229  823.5035 1279.7478    19     5     5  1523   244
 230  969.7216 1279.9659    17     5     4  1730    42
 231  812.5409 1280.5835    17     5     5  1413   267
 232  958.1269 1280.9863    18     5     5  1739    53
 233  879.0105 1281.1387    19     4     5  1808   128
 234  801.5902 1281.4211    17     5     5  1382   314
 235  946.8526 1281.9068    17     5     5  1698    61
 236  790.6918 1282.2378    16     5     5  1311   302
 237  935.2940 1282.8683    18     5     5  1701    99
 238  779.7840 1283.1340    14     4     5  1200   326
 239  924.0060 1283.7740    17     4     5  1682   110
 240  768.8669 1284.0897    14     4     4  1207   411
 241  912.7729 1284.6432    19     5     5  1767    96
 242  758.0818 1284.9780    14     4     4  1018   373
 243  901.3616 1285.5452    19     5     5  1680   132
 244  747.4806 1285.9175    11     3     4   653   394
 245  890.0997 1286.3902    17     4     5  1597   162
 246  883.7778 1287.0370    11     4     4   928   330
 247  878.8716 1287.2844    15     4     5  1404   185
 248  867.7649 1288.1248    17     5     5  1503   179
 249 1015.9255 1288.6809    16     4     5  1176   114
 250  856.5404 1289.0350    17     5     4  1493   220
 251 1004.1248 1289.5814    18     5     5  1625    30
 252  845.3225 1289.9532    16     5     4  1431   224
 253  992.7968 1290.4726    19     5     5  1900     5
 254  834.2090 1290.8980    17     5     5  1448   223
 255  981.0490 1291.3588    17     4     5  1799    20
 256  823.1724 1291.8208    15     4     5  1333   227
 257  969.6596 1292.2520    18     5     5  1771    23
 258  812.1678 1292.7162    15     4     5  1319   294
 259  958.0740 1293.2063    17     4     5  1742    43
 260  801.1818 1293.5473    17     4     5  1400   285
 261  946.7746 1294.0699    17     5     5  1673    55
 262  790.2235 1294.3125    17     4     5  1378   334
 263  935.2042 1295.0164    16     5     4  1625    92
 264  779.3069 1295.1240    16     4     5  1292   308
 265  923.9242 1295.9583    15     4     4  1542    93
 266  768.4101 1296.0203    15     5     4  1217   338
 267  912.5592 1296.8980    19     5     5  1744    91
 268  757.6168 1296.9854    13     4     4   924   355
 269  901.1104 1297.8210    17     5     5  1579   159
 270  746.7500 1297.8333    10     4     4   584   398
 271  889.9647 1298.6505    17     4     5  1614   127
 272  878.7216 1299.4300    19     5     5  1636   131
 273  867.4726 1300.3067    19     5     5  1607   115
 274 1015.9077 1301.0208    14     4     4  1036   130
 275  856.1657 1301.1353    16     4     5  1458   206
 276 1004.2024 1302.0049    16     5     4  1509    29
 277  845.0297 1302.0453    16     4     5  1440   198
 278  992.8160 1302.8595    19     5     5  1893     0
 279  833.9734 1303.0066    15     4     4  1352   229
 280  981.0422 1303.7880    18     4     5  1789    14
 281  822.9421 1303.9305    16     4     5  1404   225
 282  969.6465 1304.6894    19     5     5  1858    16
 283  811.9131 1304.7530    16     4     5  1381   263
 284  800.8638 1305.5430    17     4     5  1408   276
 285  958.0022 1305.5871    18     4     5  1830    26
 286  789.8820 1306.2940    15     4     5  1284   288
 287  946.6720 1306.4293    20     5     5  1849    49
 288  778.9095 1307.1076    15     4     5  1275   316
 289  935.0887 1307.3088    17     4     5  1718    64
 290  767.9791 1308.0209    14     4     4  1203   333
 291  923.8441 1308.1633    19     5     5  1752    62
 292  757.1656 1308.9482    13     4     4   949   375
 293  912.3356 1309.0445    19     5     5  1747    95
 294  746.5860 1309.7796    11     3     4   643   396
 295  901.0211 1310.0075    16     4     4  1535   124
 296  889.7955 1310.9116    18     5     5  1641    98
 297  878.3842 1311.7566    18     5     5  1582   138
 298  867.1190 1312.6066    17     4     5  1535   153
 299  855.9593 1313.3590    18     4     5  1588   184
 300 1015.9286 1313.4439    16     4     5  1192    35
 301  844.8775 1314.1618    16     4     5  1412   382
 302 1004.2460 1314.3529    19     5     5  1698     8
 303  833.7253 1315.0717    15     5     4  1336   235
 304  992.8427 1315.2241    20     5     5  1928     1
 305  822.5922 1315.9887    17     5     4  1425   252
 306  981.0887 1316.1752    17     4     5  1752    13
 307  811.4413 1316.8864    16     5     5  1328   204
 308  969.5816 1317.0306    19     5     5  1832    11
 309  800.4027 1317.6794    17     5     5  1374   282
 310  958.0065 1317.9370    17     4     5  1699    32
 311  789.4682 1318.4841    17     5     5  1353   216
 312  946.5535 1318.8581    19     5     5  1810    31
 313  778.5299 1319.2527    18     5     5  1369   259
 314  935.0170 1319.7209    18     4     5  1751    54
 315  767.6593 1320.0996    15     5     4  1227   305
 316  923.6882 1320.5579    19     5     5  1779    72
 317  756.7847 1321.0587    14     4     4   981   444
 318  912.1450 1321.3943    18     5     5  1714    89
 319  745.8704 1321.7963    10     4     4   581   405
 320  900.9308 1322.2115    17     5     5  1609   424
 321  889.5428 1323.0559    19     5     5  1675   109
 322  878.1263 1323.9892    15     4     4  1443   147
 323  866.9775 1324.8716    16     4     5  1489   148
 324  855.7333 1325.6894    19     5     5  1610   169
 325 1016.0447 1325.9380    15     4     4  1097    68
 326  844.5166 1326.4635    17     5     5  1453   203
 327 1004.3411 1326.9539    17     5     5  1555    10
 328  833.3421 1327.2742    19     5     5  1539   174
 329  992.8512 1327.7736    19     5     5  1904     2
 330  822.1298 1328.0678    16     4     5  1397   232
 331  981.0317 1328.6365    18     4     5  1816    15
 332  811.0504 1328.9655    15     4     4  1315   404
 333  969.5378 1329.4944    20     5     5  1900     4
 334  800.0784 1329.9054    16     4     5  1355   230
 335  957.9945 1330.3570    18     4     5  1802    34
 336  789.0907 1330.7111    16     4     5  1340   260
 337  946.3963 1331.1763    19     5     5  1818    28
 338  778.0673 1331.3694    17     4     5  1363   265
 339  934.9713 1332.0761    17     4     5  1652    51
 340  767.0680 1332.1520    16     4     5  1300   277
 341  756.2770 1332.9460    13     4     4   928   356
 342  923.5348 1332.9627    18     5     5  1704   408
 343  745.5889 1333.7556    11     3     4   640   392
 344  912.0316 1333.8187    16     4     5  1575   421
 345  900.7628 1334.6308    19     5     5  1730    97
 346  889.2664 1335.4208    19     5     5  1695    80
 347  878.0034 1336.2098    17     4     5  1577   107
 348  866.7687 1337.0527    17     5     5  1505   146
 349  855.3961 1337.9578    16     5     4  1416   172
 350 1016.0435 1338.6549    16     4     5  1168    -1
 351  844.1490 1338.8311    15     4     5  1354   157
 352 1004.3845 1339.3776    19     5     5  1677    -1
 353  833.0416 1339.6177    18     4     5  1537   197
 354  992.8860 1340.2434    20     5     5  1912     3
 355  821.9156 1340.2748    16     4     5  1404   191
 356  810.8556 1341.1264    15     4     5  1304   202
 357  981.0872 1341.1614    17     4     5  1739    18
 358  969.5058 1341.9849    20     5     6  1862     6
 359  799.7810 1342.0231    16     5     4  1341   264
 360  957.9348 1342.8267    17     4     5  1701    -1
 361  788.7362 1342.8799    15     4     4  1258   270
 362  777.6820 1343.5654    17     4     5  1339   242
 363  946.2920 1343.7275    19     5     5  1772    24
 364  766.7463 1344.2856    15     4     5  1221   317
 365  934.9279 1344.5274    17     4     5  1689    27
 366  755.8686 1345.0836    13     4     4   943   343
 367  923.3134 1345.3329    19     5     5  1770    41
 368  744.9889 1346.0000    12     4     4   690   370
 369  911.9678 1346.1452    17     4     5  1611    85
 370  900.5267 1346.9960    18     5     4  1648    88
 371  889.0704 1347.8634    16     4     5  1510    87
 372  877.8688 1348.6575    17     4     5  1574   122
 373  866.4713 1349.4547    18     5     5  1562   117
 374  855.1045 1350.1881    17     4     5  1520   133
 375  843.9706 1351.0196    15     4     4  1362   187
 376 1016.0806 1351.0500    15     4     4  1110    -1
 377  832.7768 1351.9432    16     5     4  1407   188
 378 1004.4609 1352.0007    16     5     4  1491    -1
 379  821.5351 1352.6632    18     5     5  1470   181
 380  992.8596 1352.8289    18     5     5  1812    17
 381  810.4207 1353.4520    18     5     5  1442   214
 382  981.0231 1353.6838    19     4     5  1837    25
 383  799.3023 1354.1635    17     4     5  1376   222
 384  969.4380 1354.5338    20     5     5  1887    12
 385  788.2041 1354.9739    15     4     4  1267   256
 386  957.9550 1355.3421    18     4     5  1755    -1
 387  777.1884 1355.8564    14     4     5  1191   280
 388  946.1750 1356.1774    19     5     5  1787    19
 389  766.2398 1356.6355    15     4     5  1215   266
 390  934.8186 1356.9867    16     5     4  1591    48
 391  755.4464 1357.3008    12     4     4   861   347
 392  923.1371 1357.8982    18     5     5  1666    52
 393  744.5000 1358.1400    10     3     4   575   378
 394  911.8680 1358.6589    19     5     5  1749    59
 395  900.2272 1359.4347    19     5     5  1716    77
 396  888.9588 1360.1841    16     4     5  1528    90
 397  877.5476 1361.0101    18     5     4  1594    70
 398  866.1018 1361.8848    16     4     5  1473   111
 399  854.9422 1362.6698    17     4     5  1551   134
 400  843.6702 1363.3541    17     5     5  1467   155
 401 1016.0786 1363.9332    14     4     4  1037    -1
 402  832.3789 1364.1383    19     5     5  1561   145
 403 1004.5263 1364.7019    19     5     5  1673    -1
 404  821.1154 1364.9650    15     4     4  1335   199
 405  992.9171 1365.4957    19     5     5  1885    33
 406  810.0569 1365.8480    16     4     5  1389   205
 407  981.0527 1366.3099    17     4     5  1760    79
 408  798.9633 1366.5437    17     4     5  1422   231
 409  969.3812 1367.1021    19     5     5  1817    57
 410  787.9037 1367.1741    16     4     5  1340   250
 411  957.8442 1367.9079    19     5     6  1781    -1
 412  776.8971 1368.0601    14     4     4  1191   275
 413  946.0764 1368.7696    20     5     5  1805    21
 414  765.8580 1368.9053    16     4     5  1286   272
 415  934.6854 1369.5561    19     5     5  1770    46
 416  754.8908 1369.5881    14     4     5   961   324
 417  923.0583 1370.3180    17     4     5  1674    66
 418  744.2534 1370.3904    10     4     4   573   379
 419  911.6631 1371.0768    19     5     5  1692   101
 420  900.0846 1371.9484    17     4     5  1577    71
 421  888.7733 1372.7493    19     5     5  1700    63
 422  877.2348 1373.5296    19     5     5  1659   112
 423  865.9687 1374.2208    17     4     5  1552   119
 424  854.6674 1375.0422    17     5     5  1501   164
 425  843.2366 1375.8740    17     5     5  1465   165
 426 1016.1916 1376.6090    14     4     5  1021   248
 427  832.0583 1376.6350    18     4     5  1552   167
 428  820.8911 1377.2244    16     4     5  1406   210
 429 1004.6095 1377.2550    18     5     5  1594   168
 430  809.7839 1378.0678    16     5     4  1353   238
 431  992.8879 1378.0973    18     5     5  1779    36
 432  798.5247 1378.9240    17     5     4  1376   221
 433  981.0542 1378.9611    18     4     6  1748   141
 434  787.4360 1379.6380    17     5     5  1350   255
 435  969.3522 1379.8085    20     5     5  1859   149
 436  776.4214 1380.3238    19     5     5  1421   281
 437  957.8019 1380.5953    19     5     5  1831   416
 438  765.3426 1381.0100    16     5     4  1251   321
 439  946.0579 1381.3380    17     4     5  1714   414
 440  754.4691 1381.8282    12     4     4   859   365
 441  934.4731 1382.1296    19     5     5  1768   190
 442  743.6667 1382.5000     9     3     3   522   390
 443  922.9453 1382.9479    18     4     6  1668   301
 444  911.3979 1383.7631    19     5     5  1714   418
 445  899.9640 1384.5049    18     4     5  1719   241
 446  888.4732 1385.2386    19     5     5  1696   419
 447  877.0456 1386.0385    16     4     5  1502   422
 448  865.7351 1386.8306    19     5     5  1673   274
 449  854.2601 1387.6004    18     5     5  1567   358
 450  842.9890 1388.2145    17     4     5  1533   360
 451  831.8290 1389.0219    16     5     4  1417   323
 452 1016.3108 1389.0315    13     4     4   761   346
 453  820.4574 1389.8288    18     5     5  1487    -1
 454 1004.6601 1389.9462    15     5     4  1131   295
 455  809.2764 1390.5792    18     5     5  1468   363
 456  992.8710 1390.8642    17     4     5  1443   104
 457  798.0945 1391.1794    17     4     5  1427   366
 458  981.0072 1391.6203    17     4     5  1540   269
 459  787.0147 1391.9908    14     4     4  1244   401
 460  969.2000 1392.4000    19     5     5  1720   415
 461  775.9981 1392.7912    16     4     5  1322   452
 462  957.7154 1393.1398    19     5     5  1744   283
 463  764.9044 1393.2948    15     4     5  1247    -1
 464  946.0140 1393.9288    17     4     5  1636   307
 465  753.9966 1394.0203    13     4     4   946    -1
 466  934.3483 1394.7794    19     5     5  1741   420
 467  743.2093 1394.8953    12     4     4   686    -1
 468  922.8956 1395.5195    19     5     5  1769   299
 469  911.1654 1396.2466    19     5     5  1751   311
 470  899.8429 1396.9918    17     5     5  1582   372
 471  888.1908 1397.8412    18     5     5  1618   340
 472  876.8844 1398.5219    17     4     5  1581   423
 473  865.3607 1399.2405    19     5     5  1632    -1
 474  854.0086 1399.9961    15     4     4  1389   364
 475  842.7569 1400.7677    19     5     5  1600   361
 476  831.4115 1401.4699    18     5     5  1499    -1
 477  820.0813 1402.1240    17     4     5  1459   403
 478  808.9877 1402.9507    15     4     4  1318   431
 479  797.7849 1403.6316    17     4     5  1359    -1
 480  786.7141 1404.2254    14     4     5  1097    -1
 481  775.5712 1405.0356    14     5     4  1023   440
 482  764.4370 1405.7756    11     3     4   804    -1
 483  994.7521 1406.0014   107    25    10  6441    -1
 484  753.5964 1406.4036    10     3     4   583    -1
 485  766.1111 1420.2056    42    13     5  2280   279
