497
   0 1051.7100  449.7511   100    32     5  5219    -1
   1 1055.7464  461.1429    55    38     4  3030   479
   2 1060.9028  474.8973   333    38    24 19366    -1
   3 1075.9692  477.9077    49     2    25  2710    -1
   4 1085.5455  479.1818    26     4     9  1344    -1
   5 1059.1667  583.6667     5     4     2   256    -1
   6 1058.6250  602.5000     7     3     5   358    -1
   7 1092.5769  602.9615     7     3     5   363    -1
   8 1091.9375  611.0625     7     3     4   366   478
   9  711.1667  780.9167     8     4     4   412   480
  10  720.7614  781.0341    12     7     3   688    -1
  11  744.5310  808.7579    29     6     6  3517   477
  12  660.1864  829.4822    38     7     7  4429   469
  13  678.2922  831.2289    46     7     8  7166   463
  14  696.6662  832.9375    47     7     8  7523   460
  15 1028.2443  834.5573     6     2     4   562    -1
  16  715.1164  834.6948    49     8     8  8010   455
  17 1025.7314  835.6612     7     3     3   834   471
  18  733.6616  836.5430    48     8     8  8277   451
  19  752.2991  838.3922    49     8     8  8612   437
  20  771.0100  840.2312    52     8     8  9024   432
  21  789.8186  842.0714    52     8     8  9324   423
  22  808.7323  843.9273    52     8     8  9508   409
  23  827.7575  845.7851    52     8     8  9632   388
  24  846.8928  847.6720    52     8     8  9665   385
  25  661.0999  849.3816    38     6     7  4737   468
  26  866.1300  849.5665    52     8     9  9763   405
  27  679.1095  851.2174    50     8     8  7734   457
  28  885.4467  851.4492    52     8     9  9858   376
  29  697.4064  853.0615    48     7     8  7830   454
  30  904.8440  853.3297    50     8     8  9959   371
  31  715.7966  854.8726    50     8     8  8063   446
  32  924.4073  855.2372    52     8     8 10213   387
  33  734.3148  856.7355    47     8     8  8057   439
  34  943.9674  857.1545    53     8     8 10393   352
  35  752.8758  858.6248    50     8     8  8307   431
  36  963.6441  859.0509    52     8     8 10464   378
  37  771.5578  860.5481    48     7     8  8364   420
  38  983.4761  860.9708    49     8     8 10321   365
  39  790.3332  862.4828    48     8     8  8520   412
  40 1003.3770  862.8973    52     8     8 10534   367
  41  809.2098  864.4272    49     8     8  8738   406
  42 1023.3358  864.8317    52     8     8 10591    -1
  43  828.1718  866.3468    51     8     8  9012   379
  44 1043.3928  866.7705    52     8     8 10507   380
  45  847.2461  868.2702    51     8     8  9174   389
  46 1063.5317  868.7399    51     8     8  9999   394
  47  662.0146  869.3613    40     7     7  4833   467
  48  866.4150  870.1730    50     8     8  9299   381
  49 1083.8774  870.7270    53     8     8 10002   395
  50  679.9293  871.2172    48     8     8  7606   450
  51  885.6057  872.0944    49     8     8  9422   346
  52 1104.3736  872.7631    49     8     8  9462   427
  53  698.1567  873.1067    49     8     8  7850   447
  54  905.0122  873.9942    50     8     8  9427   370
  55 1124.7165  874.5991    45     8     7  6628   459
  56  716.5112  875.0012    48     7     8  8020   440
  57  924.4732  875.9699    48     7     8  9537   357
  58  734.9509  876.9089    49     8     8  8194   426
  59  944.0177  877.9153    52     8     8  9732   348
  60  753.4782  878.8060    48     7     8  8374   417
  61  963.5886  879.8886    52     8     8  9798   345
  62  772.0887  880.7675    50     8     8  8544   407
  63  983.3916  881.8433    50     8     8  9698   363
  64  790.7764  882.6880    50     8     8  8698   382
  65 1003.2369  883.7982    50     8     8  9828   364
  66  809.5807  884.6673    48     7     8  8760   360
  67 1023.1168  885.7784    51     8     8  9922    -1
  68  828.5009  886.6432    47     7     8  8836   344
  69 1043.1535  887.7645    51     8     8  9972   359
  70  847.5042  888.6217    48     7     8  8989   350
  71  662.8207  889.1519    43     7     8  4919   465
  72 1063.2609  889.7408    50     8     8  9864   351
  73  866.5869  890.5872    50     8     8  9148   319
  74  680.7369  891.0654    47     7     8  7546   444
  75 1083.4631  891.7413    50     8     8  9907   377
  76  885.8048  892.5575    49     8     8  9127   314
  77  698.8994  892.9963    48     8     8  7776   436
  78 1103.8486  893.7092    53     8     8 10198   361
  79  905.1640  894.5578    49     8     8  9266   337
  80  717.1964  894.9472    49     8     8  7980   425
  81 1124.2365  895.6695    46     8     8  7043   448
  82  924.5067  896.5509    48     7     8  9250   325
  83  735.5805  896.8907    48     7     8  8179   415
  84  944.0145  898.5415    50     8     8  9433   303
  85  754.0583  898.8965    49     8     8  8339   401
  86  963.5412  900.5455    49     7     9  9400   330
  87  772.5974  900.8500    48     7     8  8498   383
  88  983.2854  902.5845    50     8     9  9491   324
  89  791.2821  902.8545    49     8     8  8713   349
  90 1003.0095  904.5628    50     8     8  9597   333
  91  810.0176  904.8799    49     8     8  8820   336
  92 1022.7723  906.5837    51     8     8  9661   258
  93  828.8537  906.8768    51     8     8  9033   308
  94 1042.7502  908.5864    51     8     8  9792   301
  95  663.6514  908.7421    40     7     7  4780   464
  96  847.8029  908.8855    51     8     8  9146   312
  97 1062.8254  910.6151    53     8     8  9971   304
  98  681.5125  910.7195    46     7     8  7480   429
  99  866.8455  910.9100    51     8     8  9270   286
 100 1083.0809  912.6714    52     8     8 10050    -1
 101  699.6421  912.7328    46     7     8  7619   419
 102  886.0030  912.9371    49     8     8  9283   275
 103 1103.3811  914.7120    51     8     8  9954   332
 104  717.8720  914.7417    50     8     8  7954   403
 105  905.2796  914.9548    52     8     8  9574   327
 106 1123.5607  916.7364    50     8     8  7259   433
 107  736.2144  916.7503    48     8     8  8037   398
 108  924.5439  917.0184    48     7     8  9478   276
 109  754.6179  918.7774    46     7     8  8143   386
 110  943.9889  919.0519    51     8     8  9640   230
 111  773.1252  920.8293    49     8     8  8418   355
 112  963.5197  921.0923    48     7     8  9567   294
 113  791.7035  922.8705    48     8     8  8572   313
 114  983.1213  923.1606    52     8     8  9737   285
 115  810.4221  924.9342    48     7     8  8780   316
 116 1002.7584  925.2196    49     8     8  9692   267
 117  829.2143  927.0113    51     8     8  8993   288
 118 1022.5934  927.2541    50     8     8  9713   236
 119  664.4312  928.4108    40     7     7  4835   462
 120  848.0979  929.0802    48     8     8  8936   268
 121 1042.5062  929.3379    49     7     8  9604   227
 122  682.3326  930.4397    44     7     7  7309   422
 123  867.0901  931.1488    50     8     8  9117   255
 124 1062.4999  931.4010    49     8     8  9594   253
 125  700.3940  932.4854    43     7     7  7424   410
 126  886.1995  933.2359    52     8     8  9295   249
 127 1082.5850  933.4621    52     8     9  9812    -1
 128  718.5659  934.5070    43     7     7  7570   400
 129  905.4012  935.3061    50     8     8  9273   256
 130 1102.8461  935.5500    53     8     9 10010   251
 131  736.8279  936.5389    46     8     7  7872   373
 132  924.5965  937.3643    46     8     8  9119   217
 133 1123.1597  937.6268    47     8     8  7049   414
 134  755.1973  938.5846    47     8     8  8048   341
 135  943.9785  939.4444    49     8     8  9298   219
 136  773.6151  940.6533    47     7     8  8234   311
 137  963.4618  941.5173    46     7     8  9132   225
 138  792.1895  942.7412    49     8     8  8495   291
 139  982.9881  943.5813    50     8     8  9413   224
 140  810.8024  944.8547    50     8     8  8677   269
 141 1002.5640  945.6814    50     8     8  9519   201
 142  829.5398  946.9790    48     7     8  8859   228
 143 1022.3618  947.7897    50     8     8  9686   188
 144  665.2936  947.8113    38     7     7  4550   456
 145  848.4054  949.1224    49     8     8  8960   221
 146 1042.2099  949.8942    50     8     8  9824   199
 147  683.1167  949.9084    46     8     8  7273   392
 148  867.3475  951.2411    50     8     8  9036   207
 149 1062.1314  952.0020    51     8     8  9932   195
 150  701.1231  952.0327    47     8     8  7492   393
 151  886.3787  953.3448    50     8     8  9111   198
 152 1082.2157  954.1617    53     8     8 10019   203
 153  719.2551  954.1657    47     8     8  7662   375
 154  905.4862  955.4493    48     7     8  9051   175
 155  737.4708  956.2945    46     7     8  7817   342
 156 1102.4069  956.3179    51     8     8  9732   243
 157  924.6272  957.5022    48     8     7  9104   156
 158  755.7543  958.3862    46     8     8  7915   309
 159 1122.4817  958.4086    44     7     7  6732   339
 160  943.9714  959.6128    51     8     8  9322   191
 161  774.1648  960.4652    46     8     7  8097   300
 162  963.3943  961.7554    48     8     8  9334   185
 163  792.6218  962.5315    45     7     7  8209   262
 164  982.8240  963.9246    53     8     8  9671   142
 165  811.2269  964.6340    46     8     8  8367   209
 166 1002.4675  966.0733    49     8     8  9563   147
 167  829.8793  966.8027    50     8     8  8717   173
 168  666.1589  967.2776    37     6     7  4521   452
 169 1022.0934  968.2446    53     8     8  9703   181
 170  848.6550  968.9755    49     8     8  8843   166
 171  683.8982  969.3865    45     8     7  7210   366
 172 1041.8178  970.3870    50     8     8  9568   149
 173  867.5399  971.1818    47     7     8  8896   170
 174  701.8380  971.4652    46     8     7  7442   328
 175 1061.6944  972.5017    51     8     9  9547   117
 176  886.5265  973.3295    46     7     8  8869   180
 177  719.9056  973.5451    46     8     7  7576   297
 178 1081.6954  974.6749    50     8     8  9618   177
 179  905.5636  975.4551    45     7     7  8840   155
 180  738.0666  975.6511    46     8     8  7681   260
 181 1101.8442  976.8895    54     8     8 10027   162
 182  924.6756  977.5435    49     8     8  9069    72
 183  756.3117  977.8261    47     8     8  7925   252
 184 1122.0018  979.0749    48     8     8  7039   326
 185  943.9552  979.7213    52     8     8  9329    75
 186  774.6529  980.0651    47     7     8  8094   250
 187  963.3216  981.8923    49     8     8  9374    81
 188  793.0916  982.2842    48     8     8  8215   229
 189  982.6707  984.1607    48     8     8  9337   113
 190  811.6000  984.4387    43     7     7  8207   182
 191 1002.2822  986.3728    50     8     8  9331   131
 192  667.0496  986.4872    35     6     7  4401   442
 193  830.2378  986.5334    46     8     7  8441   163
 194 1021.7923  988.4828    47     8     7  9195    85
 195  684.6581  988.5637    42     7     7  6995   334
 196  848.9311  988.6866    48     8     8  8628   109
 197 1041.5180  990.6719    48     7     8  9305   127
 198  702.5481  990.6889    46     7     8  7334   305
 199  867.7352  990.9096    49     8     8  8819   121
 200 1061.4058  992.8872    49     8     8  9540   148
 201  720.5781  992.9270    46     7     8  7419   282
 202  886.6383  993.1744    48     8     8  8921   119
 203 1081.3785  995.1328    52     8     8  9680   132
 204  738.6836  995.1852    45     7     8  7571   261
 205  905.6246  995.3604    46     8     8  8803    73
 206 1101.4320  997.3723    50     8     8  9392   140
 207  756.8694  997.3927    45     8     7  7732   240
 208  924.7162  997.5098    47     8     7  8913    30
 209  775.1529  999.5152    46     8     7  7970   213
 210 1121.3458  999.5155    45     7     7  6640   307
 211  943.9232  999.6812    51     8     8  9178    48
 212  793.5046 1001.6634    46     7     8  8113   192
 213  963.2480 1001.9461    50     8     8  9322    74
 214  811.9828 1003.9481    48     8     8  8345   157
 215  982.5582 1004.2470    47     7     8  9133    99
 216  667.8892 1005.5764    38     7     7  4518   428
 217  830.5555 1006.2584    46     7     8  8431   143
 218 1002.0322 1006.4556    49     8     8  9188    79
 219  685.4229 1007.6783    43     7     7  6962   317
 220  849.2348 1008.4458    46     8     7  8442   105
 221 1021.5312 1008.6153    48     7     8  9191    57
 222  703.2690 1009.9596    45     8     8  7137   298
 223  867.9426 1010.5757    48     8     8  8371   122
 224 1041.2828 1010.8696    50     8     8  9511    66
 225  721.2372 1012.2547    45     8     8  7292   281
 226  886.7982 1012.7489    47     8     8  8229    98
 227 1060.9741 1013.1725    50     8     8  9514   120
 228  739.2993 1014.4431    45     8     7  7537   247
 229  905.7386 1015.1484    47     8     8  8536    76
 230 1080.8439 1015.4174    48     8     8  9304   123
 231  757.4113 1016.5956    43     7     7  7620   214
 232  924.7616 1017.4030    46     8     8  8806    53
 233 1100.8634 1017.6319    52     8     8  9501   101
 234  775.6311 1018.8605    46     7     8  7853   196
 235  943.8941 1019.5672    49     8     8  8966    40
 236 1120.8013 1019.9179    48     8     8  6891   234
 237  793.9690 1021.2122    48     8     8  8035   184
 238  963.1524 1021.8390    50     8     8  9246    20
 239  886.8843 1022.6240    59     8     8 10707    19
 240  812.3897 1023.4401    45     7     7  8127   161
 241  982.4839 1024.1991    47     7     8  9064    23
 242  668.6539 1024.5738    39     7     7  4484   421
 243  830.8634 1025.5954    47     8     8  8280   152
 244 1001.7868 1026.4370    48     8     8  9097    50
 245  686.1897 1026.7464    44     8     8  6860   296
 246  849.4856 1027.8970    47     7     8  8459   108
 247 1021.3664 1028.6573    47     8     8  9126    46
 248  703.9794 1029.1007    47     8     8  7131   263
 249  868.2010 1030.2666    48     8     8  8279    84
 250 1040.9101 1030.9977    50     8     8  9382    95
 251  721.8742 1031.3695    45     8     7  7263   226
 252  886.9222 1032.5126    46     8     7  8032    71
 253 1060.6106 1033.3143    47     8     8  9113    67
 254  895.3397 1033.4862    29     6     7  5356   239
 255  739.8685 1033.5559    46     8     7  7505   200
 256  905.8603 1034.6846    48     8     8  8354    54
 257 1080.4568 1035.5471    47     8     8  9036    68
 258  757.9385 1035.7927    46     8     8  7545   171
 259  924.8213 1037.0640    50     8     8  8968    41
 260 1100.4047 1037.8521    48     8     8  9197    88
 261  776.1421 1038.2123    47     8     8  7748   138
 262  943.8856 1039.3914    48     8     8  8863    33
 263 1120.3322 1040.2414    46     7     8  6496   237
 264  794.3970 1040.4563    43     7     7  7802   141
 265  963.0732 1041.6051    48     8     8  8897    32
 266  812.7183 1042.6630    46     8     8  8007   118
 267  669.3516 1043.4469    38     7     7  4406   430
 268  982.3507 1043.9462    48     8     8  9049    38
 269  831.2205 1045.0713    46     8     8  8082   115
 270  686.9347 1045.6754    43     8     7  6762   306
 271 1001.6080 1046.3406    46     8     8  8937    16
 272  849.7302 1047.3982    44     8     7  8143    87
 273  704.6550 1048.0365    43     7     8  6840   292
 274 1021.1014 1048.5797    48     8     8  9028     3
 275  868.3988 1049.6047    43     7     7  8176    86
 276  722.5173 1050.3826    43     7     7  7126   248
 277 1040.5714 1050.9227    49     8     8  9173    17
 278  887.1521 1051.9632    48     8     8  8421    65
 279  740.4608 1052.5923    43     7     7  7298   223
 280 1060.3207 1053.3227    50     8     8  9160    34
 281  905.9766 1054.3650    47     8     8  8422    63
 282  758.4847 1054.9407    45     7     8  7426   186
 283 1080.0452 1055.5767    50     8     8  9163    69
 284  924.8626 1056.5699    46     8     7  8552    26
 285  776.6164 1057.3550    43     7     7  7586   167
 286 1099.8733 1057.9639    51     8     8  9344    93
 287  943.8840 1058.9433    49     8     8  8856     8
 288  794.8100 1059.5681    46     8     7  7804   145
 289 1119.5995 1060.3606    46     8     8  6490   245
 290  962.9934 1061.3636    48     8     8  8780     2
 291  813.1283 1061.9288    47     8     8  7935   107
 292  670.1705 1062.2069    36     6     7  4164   443
 293  982.2133 1063.6036    47     8     8  8820     0
 294  831.5199 1064.3590    43     7     7  7918    92
 295  687.6721 1064.5396    41     7     7  6622   343
 296 1001.4782 1066.0353    48     7     8  8961     1
 297  849.9913 1066.5749    47     8     7  8068    62
 298  705.3367 1066.8562    44     7     8  6798   322
 299 1020.7761 1068.4188    48     8     8  8913    13
 300  868.5964 1068.9653    47     7     8  8265    18
 301  723.1561 1069.2722    43     8     7  6904   299
 302 1040.3584 1070.6995    48     8     8  8996    15
 303  887.3271 1071.4024    47     8     7  8395    11
 304  741.0380 1071.5463    44     8     7  7206   265
 305 1059.8647 1073.1699    50     8     8  9141    44
 306  906.0525 1073.6262    47     8     8  8484     9
 307  759.0097 1073.8840    47     8     8  7345   235
 308 1079.5494 1075.4861    46     8     7  8754    89
 309  924.9158 1076.0914    50     8     8  8719    12
 310  777.0891 1076.3475    44     8     7  7408   202
 311 1099.4184 1077.8621    48     8     8  8948   112
 312  943.8445 1078.4626    47     8     7  8609    28
 313  795.2588 1078.6043    45     8     7  7677   179
 314 1119.2213 1080.3652    46     8     7  6186   246
 315  962.8852 1080.7787    48     8     8  8690    14
 316  671.0333 1080.9332    35     6     7  4017   441
 317  813.4835 1081.0582    45     7     8  7721   168
 318  688.3993 1083.2790    42     7     7  6521   356
 319  982.0560 1083.2901    48     8     8  8736     4
 320  831.8204 1083.4465    45     8     7  7837   160
 321 1001.3153 1085.5865    46     8     8  8750     5
 322  706.0228 1085.6004    44     8     7  6812   320
 323  850.2610 1085.7418    47     8     8  8029   134
 324  723.7772 1088.0042    44     8     8  6811   295
 325 1020.5551 1088.0606    47     7     8  8847    29
 326  868.7707 1088.2638    46     8     8  8100   124
 327  741.6230 1090.4250    43     7     7  7085   266
 328 1040.0081 1090.4706    48     8     7  8793    22
 329  887.4455 1090.5600    43     7     7  8205    83
 330  759.5435 1092.7452    43     7     7  7121   241
 331 1059.5011 1092.8120    47     7     8  8801    78
 332  906.1734 1092.9971    48     8     8  8401    47
 333  777.5562 1095.2492    44     7     8  7323   210
 334 1079.2115 1095.3583    49     8     8  8815    55
 335  924.9582 1095.4363    47     8     7  8421    37
 336  795.6576 1097.5827    42     7     7  7422   189
 337 1098.8918 1097.6576    51     8     8  8933   126
 338  943.8279 1097.7590    47     8     8  8474    49
 339  671.8558 1099.4473    38     7     7  4140   453
 340  813.8275 1100.0234    45     8     8  7538   172
 341 1118.5307 1100.2161    45     7     8  6255   232
 342  962.8096 1100.3200    47     8     8  8596    43
 343  689.1488 1101.8109    42     8     7  6346   374
 344  832.1429 1102.4594    46     8     7  7795   144
 345  981.8831 1102.6148    46     8     8  8500    24
 346  706.7093 1104.2819    43     7     7  6621   368
 347  850.5164 1104.8234    45     7     8  7804   139
 348 1001.1089 1105.1600    48     8     8  8665     6
 349  724.4032 1106.6473    43     7     7  6801   335
 350  869.0299 1107.3630    45     8     7  7887   104
 351 1020.3779 1107.5459    44     8     7  8558     7
 352  742.1978 1109.1501    44     8     8  6833   315
 353  887.5576 1109.6382    45     7     8  8149   103
 354 1039.6469 1110.0227    49     8     8  8827    35
 355  760.0495 1111.5237    43     8     7  7084   277
 356  906.2704 1112.2145    47     8     8  8216    94
 357 1059.2276 1112.4971    47     8     7  8657    39
 358  778.0171 1113.9739    47     8     8  7210   244
 359  924.9935 1114.5627    47     8     7  8301    58
 360 1078.6767 1114.9263    50     8     8  8817    91
 361  796.0634 1116.4388    45     8     7  7401   205
 362  943.8057 1117.0782    49     8     8  8502    27
 363 1098.4790 1117.4665    45     7     7  8438   106
 364  672.5586 1117.9684    34     7     6  3833   466
 365  814.2091 1118.8581    45     8     8  7416   174
 366  962.7118 1119.5090    45     8     7  8374    42
 367 1118.0934 1119.7889    47     8     8  6206   293
 368  689.8871 1120.3286    43     8     7  6381   402
 369  832.4310 1121.3835    42     7     7  7560   151
 370  981.7319 1122.0015    48     8     8  8559    51
 371  707.3803 1122.7690    43     7     7  6495   399
 372  850.7539 1123.7528    43     8     8  7550   133
 373 1000.8441 1124.4846    47     8     7  8525    31
 374  725.0262 1125.2650    44     8     7  6647   358
 375  869.2221 1126.3272    43     8     7  7687   128
 376 1020.1089 1126.9771    49     8     8  8704    10
 377  742.7490 1127.6698    41     7     7  6660   338
 378  887.6931 1128.6654    45     8     7  7921   102
 379 1039.4290 1129.4891    45     7     7  8476    25
 380  760.5663 1130.2034    43     7     7  6884   323
 381  906.3617 1131.2797    46     7     8  8047    61
 382 1058.7510 1131.9434    50     8     8  8734    77
 383  778.4727 1132.6318    43     7     7  7098   271
 384  925.0224 1133.6320    47     8     8  8175    64
 385 1078.3688 1134.5067    47     8     7  8499    60
 386  796.4714 1135.1867    43     7     8  7113   273
 387  673.2483 1136.0997    33     6     7  3716   474
 388  943.7835 1136.2643    46     8     8  8194    70
 389 1097.9105 1136.9683    50     8     8  8737   125
 390  814.5608 1137.6020    42     7     7  7318   238
 391  962.6226 1138.6249    45     7     7  8182    59
 392  690.6079 1138.6893    40     7     7  6079   434
 393 1117.4009 1139.4791    43     7     7  5985   274
 394  832.7312 1140.1720    44     7     8  7368   190
 395  708.0544 1141.1932    42     8     7  6243   411
 396  981.6046 1141.2823    45     7     8  8318    21
 397  851.0124 1142.5864    44     8     7  7538   164
 398 1000.6297 1143.6594    48     8     8  8421    82
 399  725.6457 1143.6697    41     7     7  6387   408
 400  869.4030 1145.1741    45     7     8  7694   146
 401  743.2937 1146.2205    40     7     7  6415   397
 402 1019.8022 1146.3284    47     8     8  8433    45
 403  887.8516 1147.5933    45     8     7  7802   100
 404  761.0540 1148.6684    44     8     7  6778   354
 405 1039.0998 1148.7272    49     8     8  8537    56
 406  906.4339 1150.1976    45     7     8  7862    90
 407  778.9359 1151.2610    43     8     7  6828   340
 408 1058.4867 1151.3919    46     7     8  8329    36
 409  925.0527 1152.6120    46     8     7  7985   110
 410  796.8577 1153.6992    43     8     7  6939   321
 411 1077.8489 1153.8192    50     8     8  8530   116
 412  674.0648 1154.3815    34     6     7  3784   475
 413  943.7587 1155.2685    45     8     8  7991    52
 414  814.9201 1156.3235    44     8     7  7146   278
 415 1097.4844 1156.4547    45     7     7  8209   114
 416  691.3023 1156.9556    41     7     8  5880   449
 417  962.5612 1157.6691    45     7     8  8103   111
 418  833.0309 1158.7534    45     8     8  7262   242
 419 1116.9594 1158.9069    47     8     8  5970   287
 420  708.6982 1159.4985    41     7     7  6168   438
 421  981.5153 1160.3628    43     7     7  8097    80
 422  851.2822 1161.3744    43     8     7  7365   197
 423  726.2381 1162.0246    42     7     8  6166   424
 424 1000.4983 1162.8089    46     7     8  8201    97
 425  869.5771 1163.8473    45     7     8  7545   183
 426  743.8423 1164.5758    42     8     7  6441   416
 427 1019.5804 1165.4416    43     7     7  8146    96
 428  888.0190 1166.4470    45     8     7  7626   178
 429  761.5632 1167.1343    43     7     8  6498   396
 430 1038.7332 1167.9733    48     8     8  8297   130
 431  906.5073 1168.9638    46     7     8  7744   150
 432  779.3693 1169.6604    43     7     7  6756   369
 433 1058.1094 1170.5441    47     8     7  8226   129
 434  925.0957 1171.5107    45     8     7  7768   154
 435  797.2607 1172.2687    39     7     7  6585   372
 436  674.7834 1172.3547    33     6     7  3185   470
 437 1077.4882 1173.2059    46     7     8  8144   135
 438  943.7276 1174.1287    47     8     8  7874   136
 439  815.2540 1174.7912    44     7     8  6935   329
 440  691.9978 1174.9640    36     7     7  4733   461
 441 1096.9450 1175.6678    49     8     8  8254   165
 442  962.5170 1176.6257    43     7     7  7909   176
 443  833.3173 1177.3917    42     7     7  7075   310
 444  709.3111 1177.5716    40     7     7  5198   458
 445 1116.3291 1178.3720    43     7     7  5719   390
 446  981.4265 1179.3455    43     7     7  7865   137
 447  851.4936 1179.9387    44     7     8  7171   259
 448  726.8463 1180.1763    41     7     7  5556   445
 449 1000.3726 1181.8271    46     8     8  8029   169
 450  869.7578 1182.5339    43     7     7  7317   233
 451  744.3997 1182.8079    41     7     7  6019   435
 452 1019.3954 1184.4833    43     7     7  7970   159
 453  888.1614 1185.1534    46     8     8  7415   206
 454  762.0326 1185.4208    42     8     7  6542   413
 455 1038.4895 1187.0978    46     7     8  8011   158
 456  906.5653 1187.6497    43     7     7  7528   216
 457  779.7763 1188.0298    42     8     8  6530   404
 458 1057.6531 1189.6053    49     8     8  8127   204
 459  925.1360 1190.3442    44     8     7  7507   194
 460  797.6383 1190.6071    41     7     7  6814   391
 461 1077.0647 1192.3595    47     8     8  8008   153
 462  943.6903 1192.8485    45     8     8  7590   231
 463  815.5544 1193.2375    43     7     7  7007   353
 464 1096.4795 1194.8814    47     7     8  7951   193
 465  962.4550 1195.5084    43     7     7  7752   215
 466  833.5871 1195.7987    43     7     8  7098   331
 467 1115.7822 1197.5237    43     8     7  5523   384
 468  981.2747 1198.1819    45     8     8  7691   187
 469  851.7025 1198.4432    43     7     7  7275   318
 470 1000.1263 1200.6947    47     8     8  7887   218
 471  869.9094 1201.0707    46     8     8  7369   280
 472  730.6167 1203.0878    54    12     8  3600   472
 473 1019.1370 1203.4241    45     8     7  7784   208
 474  888.2476 1203.6111    45     8     7  7578   290
 475 1038.2208 1206.0719    47     8     8  7823   212
 476  906.6119 1206.3110    43     7     7  7556   289
 477 1057.4005 1208.6274    43     7     7  7756   222
 478  925.1306 1208.8850    47     8     8  7672   270
 479  763.3500 1210.5270    21     5     5  2310   476
 480 1076.5782 1211.3866    43     7     7  7722   254
 481  943.6512 1211.5421    43     7     7  7737   279
 482 1095.9754 1214.0046    48     8     8  7816   211
 483  962.3728 1214.2542    46     7     8  7828   220
 484 1115.3212 1216.5797    43     7     7  5501   362
 485  981.0754 1216.8220    46     8     8  7849   257
 486  999.9086 1219.5043    46     8     7  7883   283
 487 1018.8083 1222.2457    47     8     8  7945   264
 488 1037.8029 1224.8011    46     8     8  7793   272
 489 1056.9547 1227.4823    46     8     7  7554   302
 490 1076.2354 1230.2358    45     8     8  6997   284
 491 1095.5021 1232.7898    44     7     8  6510   347
 492 1114.6091 1235.4717    39     7     7  4388   418
 493 1101.3158 1244.1316     5     3     2   364    -1
 494 1026.4435 1249.2411    23     5     5  2691   473
 495 1049.4492 1250.1109    28     7    11  2680    -1
 496 1060.5222 1269.7889     6     2     5   345   481
