492
   0  882.6538  425.8077    13     7     3   663    -1
   1  891.7273  426.4545    16     7     3   822    -1
   2  900.3856  439.4502    57    23     3  3051    -1
   3  882.2222  451.1111    18     9     4   918    -1
   4  902.5569  453.0505   161    25    19  9140    -1
   5  920.1452  454.8548    18     3     8   931    -1
   6  521.1210  783.1130   312     9    97 17608    -1
   7  532.9409  865.5822    35     6     7  5109   472
   8  923.6918  884.6644     6     4     2   373   474
   9  435.5606  889.3888    55     8     9  8198   458
  10  456.7760  891.7759    63     9     9 11881   452
  11  478.2599  894.1105    60     9     9 11691   448
  12  499.9360  896.4397    60     8     9 12087   444
  13  521.7477  898.8481    58     8     9 11871   434
  14  867.2931  901.0347     6     3     2  1020   461
  15  543.6387  901.2759    59     9     9 12122   426
  16  565.6910  903.7181    58     8     9 12036   422
  17  587.8792  906.1665    58     8     9 12114   428
  18  610.2254  908.6350    59     8     9 12242   423
  19  632.6987  911.1097    59     8     9 12153   429
  20  437.4783  913.4214    53     8     9  7868   456
  21  655.3549  913.6016    60     9     9 12399   425
  22  458.6163  915.9037    59     9     9 11179   443
  23  678.1334  916.1200    59     8     9 12428   419
  24  480.0340  918.2997    59     8     9 11353   436
  25  701.0781  918.6021    59     8     9 12680   424
  26  501.6339  920.8352    57     8     9 11096   439
  27  724.1819  921.1632    60     8     9 12658   409
  28  523.3645  923.2433    57     8     9 11176   432
  29  747.4060  923.6309    63     9     9 12898    -1
  30  545.2170  925.8065    57     8     9 11174   411
  31  770.8142  926.2514    60     8     9 12993    -1
  32  567.1769  928.2537    58     8     9 11316   398
  33  794.2638  928.7159    62     9     9 13107   465
  34  589.3212  930.8427    57     8     9 11196   413
  35  817.9686  931.3169    62     8     9 13431   441
  36  611.5523  933.3171    57     9     9 11427   415
  37  841.8183  933.8569    65     9    10 13449   438
  38  633.9398  935.9167    57     8     9 11329   418
  39  865.7041  936.4750    63     9     9 13729    -1
  40  439.3871  937.3074    52     8     9  7656   455
  41  656.5219  938.4499    58     9     9 11683   408
  42  889.8446  939.1078    65     9    10 13844   435
  43  460.4554  939.9067    57     9     9 10893   430
  44  679.2249  941.0085    56     8     9 11443   405
  45  914.0092  941.6634    63     8     9 13823   420
  46  481.7957  942.3732    57     8     9 11122   417
  47  702.0772  943.5830    58     8     9 11982   414
  48  938.4895  944.3729    66     9     9 14187   437
  49  503.3165  944.9497    55     8     8 10779   416
  50  725.1022  946.1344    58     8     9 11815   404
  51  963.0695  946.9008    64     9    10 13744   399
  52  524.9574  947.4673    56     8     9 11086   392
  53  748.2120  948.7638    60     8     9 12124   394
  54  987.7703  949.5299    59     8     9  9538   442
  55  546.6951  950.0157    54     8     8 10840   391
  56  771.5126  951.3970    59     9     9 12294   397
  57  568.6039  952.6418    57     8     9 11144   363
  58  794.9337  954.0071    58     8    10 12325   393
  59  590.6199  955.1394    53     8     9 10904   358
  60  818.5169  956.6064    60     9     9 12585    -1
  61  612.8270  957.8480    56     8     9 11143   368
  62  842.1740  959.2925    60     8     9 12745   403
  63  635.1552  960.4124    56     8     9 11282   380
  64  441.2848  961.0482    50     8     8  7394   453
  65  865.9974  961.9127    61     8    10 12880    -1
  66  657.6029  963.0246    54     8     8 11085   376
  67  462.2747  963.7457    57     8     9 10831   395
  68  890.0392  964.5826    62     8     9 13234   406
  69  680.2884  965.7090    57     8     9 11490   370
  70  483.5163  966.2191    57     9     9 10847   388
  71  914.1609  967.2702    63     9     9 13201   384
  72  703.0437  968.3294    57     8     9 11671   382
  73  504.9829  968.9321    54     8     8 10648   389
  74  938.5787  969.9150    67     9    10 13581   401
  75  725.9491  970.9745    56     8     8 11570   373
  76  526.5313  971.4671    55     8     9 10834   362
  77  963.0938  972.5906    64     9     9 13765   383
  78  749.0010  973.6185    59     8     9 12033   371
  79  548.2287  974.0603    54     8     8 10672   350
  80  987.7347  975.2938    62     9     9 10428   450
  81  772.2100  976.3160    58     8     9 12107   351
  82  570.0598  976.8243    56     8     9 10855   347
  83  795.5868  979.0136    60     9     9 11896   336
  84  592.0002  979.4033    55     8     9 10954   325
  85  819.0112  981.6942    60     8     9 12523   314
  86  614.1115  982.0592    54     8     8 10803   305
  87  842.6689  984.4394    62     9     9 12667   324
  88  443.1799  984.7759    50     8     9  7299   451
  89  636.3806  984.8412    54     8     9 10907   319
  90  866.3325  987.1859    59     9     9 12260   340
  91  464.0594  987.2721    56     8     9 10614   360
  92  658.7276  987.4301    56     8     9 11244   338
  93  890.2561  989.8270    61     9     9 12681   304
  94  485.2667  989.9689    54     8     8 10509   361
  95  681.3107  990.1010    55     8     9 11118   321
  96  914.3446  992.5428    63     9     9 13230   421
  97  506.6200  992.7019    54     8     9 10539   348
  98  703.9853  992.8845    56     8     9 11349   328
  99  528.0935  995.2645    53     8     9 10503   343
 100  938.6572  995.3837    64     9     9 13440   463
 101  726.8277  995.5690    55     8     9 11515   322
 102  549.6826  998.0063    53     8     8 10519   310
 103  963.0508  998.1193    63     9    10 13245    -1
 104  749.7676  998.2781    58     8     9 11738   323
 105  571.4776 1000.8005    52     7     9 10539   318
 106  987.6636 1000.8116    63     9     9 10407    -1
 107  772.8756 1001.0338    57     8     9 11824   330
 108  593.3423 1003.4062    54     8     9 10684   291
 109  796.1517 1003.8378    59     8     9 11999   316
 110  615.3755 1006.1028    53     8     9 10636   261
 111  819.5440 1006.5790    60     9     9 12205   286
 112  445.0145 1008.0322    49     8     8  7179   427
 113  637.5074 1008.9576    48     7     8 10471   275
 114  843.0638 1009.3463    59     8     9 12373   320
 115  465.8733 1010.8510    55     8     9 10393   337
 116  659.8267 1011.7067    53     8     9 10860   279
 117  866.7676 1012.1152    59     8     9 12292   293
 118  486.9716 1013.4971    54     8     9 10402   302
 119  682.3144 1014.3989    56     8     9 11088   244
 120  890.5986 1014.9305    62     9     9 12389    -1
 121  508.2402 1016.1542    55     8     9 10443   278
 122  704.8940 1017.1605    56     8     9 11188   248
 123  914.5562 1017.7216    63     9     9 12879   294
 124  529.6375 1018.9844    51     8     8 10298   274
 125  727.6297 1019.9944    54     8     8 11157   263
 126  938.7313 1020.5610    62     9     9 13199    -1
 127  551.2242 1021.8222    53     8     9 10366   276
 128  750.5625 1022.8545    56     8     9 11297   273
 129  963.0498 1023.3902    63     8     9 13403   287
 130  572.8509 1024.5073    53     8     9 10490   243
 131  773.6091 1025.6369    57     8     9 11649   281
 132  987.4916 1026.2534    63     9     9 10570   402
 133  594.6146 1027.1945    52     8     9 10453   201
 134  796.7626 1028.4189    58     8     9 11886   301
 135  616.5499 1030.0414    51     8     8 10509   224
 136  446.8624 1031.2215    46     7     8  6881   381
 137  820.0439 1031.2498    59     8     9 12032   265
 138  638.6312 1032.9235    52     8     8 10583   197
 139  467.6334 1034.0494    51     8     8 10142   262
 140  843.4963 1034.0807    61     9     9 11893   240
 141  660.9100 1035.7579    53     8     9 10676   207
 142  488.6689 1036.9072    54     8     8 10301   252
 143  867.0449 1036.9614    57     8     9 12175   254
 144  683.3280 1038.5570    55     8     9 10913   203
 145  509.8864 1039.7061    53     8     9 10232   237
 146  890.8181 1039.8535    58     8     9 12286   282
 147  705.8158 1041.3190    56     8     9 11103   180
 148  531.2164 1042.4266    54     8     9 10291   234
 149  914.7465 1042.6964    61     9     9 12670   250
 150  728.5082 1044.1167    54     8     9 10947   193
 151  552.6440 1045.1871    52     8     9 10251   216
 152  938.8141 1045.5859    63     9     9 13085    -1
 153  751.3559 1047.0465    54     8     8 11095   200
 154  574.2761 1048.0633    53     8     8 10363   195
 155  963.0278 1048.4861    64     8     9 13333   251
 156  774.2944 1049.9751    54     8     8 11249   219
 157  595.9722 1050.9660    54     8     8 10436   188
 158  987.2925 1051.3505    62     9     9 10236   354
 159  797.3585 1052.8995    55     8     9 11313   236
 160  617.8220 1053.8663    53     8     8 10430   165
 161  448.6708 1054.2997    47     7     8  6899   290
 162  820.5867 1055.8004    58     9     9 11666   241
 163  639.8389 1056.7545    53     8     9 10458   177
 164  469.3869 1057.1066    53     8     8 10177   189
 165  843.9104 1058.6458    59     8     9 12075   208
 166  662.0079 1059.6018    54     8     9 10659   139
 167  490.3622 1060.0089    51     8     8 10135   190
 168  867.3963 1061.5782    61     9     9 12287   222
 169  684.3223 1062.4299    53     8     9 10636   138
 170  511.4924 1062.9335    49     7     8 10040   206
 171  891.0344 1064.4904    58     8     9 12342   187
 172  706.7030 1065.2662    54     8     9 10828   106
 173  532.7387 1065.8052    51     8     8 10112   172
 174  914.8809 1067.4458    59     8     9 12552   199
 175  729.3721 1068.1624    55     8     9 10931   122
 176  554.1365 1068.6982    54     8     9 10216   179
 177  938.8816 1070.4058    61     8     9 12854   229
 178  752.0871 1071.1358    54     8     9 11002   131
 179  575.6119 1071.5539    52     8     9 10232   142
 180  963.0049 1073.3516    62     8     9 13118   174
 181  774.9122 1074.0700    55     8     8 11324   141
 182  597.2835 1074.4114    54     8     9 10317   156
 183  987.1617 1076.3127    60     9     9 10177   292
 184  797.8946 1077.0341    55     8     8 11412   143
 185  450.4963 1077.1857    46     7     8  6913   258
 186  619.0483 1077.3125    52     8     9 10340    80
 187  821.0715 1080.0202    56     8     8 11564   152
 188  471.1350 1080.0940    55     8     8 10282   132
 189  640.9819 1080.2243    51     8     9 10272   103
 190  844.3211 1083.0093    54     8     8 11374   164
 191  492.0335 1083.0257    54     8     8 10273   144
 192  663.0670 1083.1753    51     8     8 10382    50
 193  513.0967 1085.9605    55     8     8 10315   127
 194  867.7364 1085.9928    55     8     8 11667   169
 195  685.3079 1086.1103    53     8     8 10604    59
 196  534.2877 1088.9204    51     8     8 10115   120
 197  891.2636 1089.0021    55     9     8 11695   154
 198  707.6059 1089.0754    51     8     8 10640    39
 199  555.5517 1091.8874    49     8     8 10000   111
 200  915.0018 1091.9937    56     8     8 12223   163
 201  730.2127 1092.0819    54     8     8 10824    86
 202  577.0043 1094.8453    52     8     8 10155    96
 203  938.9434 1095.0096    56     8     8 12340   162
 204  752.7527 1095.0555    54     8     8 10991    69
 205  598.5621 1097.8407    48     7     8  9963    89
 206  962.9858 1098.0267    57     8     9 12554   150
 207  775.5627 1098.0422    51     8     8 10903   100
 208  452.3505 1099.9703    47     7     8  6905   255
 209  620.3125 1100.8381    51     8     8 10167    68
 210  986.9896 1101.0329    57     8     9  9790   288
 211  798.4998 1101.0423    52     9     8 10961   104
 212  472.8834 1102.9419    55     8     8 10283   149
 213  642.1538 1103.8215    53     8     8 10293    61
 214  821.5383 1104.0541    52     9     8 11033   118
 215  493.6669 1105.9143    53     8     8 10098   147
 216  664.1510 1106.8301    54     8     9 10437    31
 217  844.7160 1107.1132    55     8     9 11439   123
 218  514.6431 1108.8981    50     8     8  9955   128
 219  686.3044 1109.8446    51     8     8 10152    45
 220  868.0422 1110.1781    58     8     9 11883   105
 221  535.7608 1111.8708    52     8     8 10049   115
 222  708.5428 1112.8194    50     8     8  9951    25
 223  891.5168 1113.2267    59     9     9 11895   117
 224  556.9975 1114.8781    53     8     8 10178    79
 225  730.9916 1115.8299    53     8     8 10295    43
 226  915.1280 1116.3213    58     8     9 12281   110
 227  578.3817 1117.9216    51     8     8 10121    60
 228  753.5301 1118.9255    50     8     8 10561    28
 229  938.9870 1119.4384    61     8     9 12593   137
 230  599.8297 1120.9225    53     8     8 10205    65
 231  776.2947 1121.9506    52     8     8 10911    27
 232  454.1427 1122.4970    48     8     9  6663   298
 233  962.9758 1122.5474    62     8     9 12890   129
 234  621.4806 1123.9663    48     7     8 10093    29
 235  708.9985 1124.4866    68     8     9 13517     0
 236  799.0803 1124.9853    55     8     8 11230    32
 237  474.6002 1125.5368    55     8     9 10057   161
 238  986.9374 1125.6493    61     8     9 10057   221
 239  643.2966 1127.0134    50     8     8 10163    19
 240  822.0271 1128.0469    56     8     8 11408    58
 241  495.3306 1128.5733    53     8     9  9905   167
 242  665.2079 1130.0501    53     8     8 10380    20
 243  845.1333 1131.1136    55     8     8 11436    52
 244  516.2298 1131.6129    53     8     9  9896   140
 245  687.2684 1133.0925    52     8     8 10144     1
 246  868.3434 1134.2019    58     9     9 11650    75
 247  537.2723 1134.6772    52     8     9  9828   130
 248  709.4336 1136.1424    48     7     8  9744    24
 249  891.8020 1137.3722    58     8     9 11903    63
 250  719.3840 1137.7483    30     7     7  6026   168
 251  558.4293 1137.7604    50     8     8  9827   135
 252  731.7491 1139.2142    54     8     9 10274     4
 253  915.2669 1140.5315    61     9     9 12349    82
 254  579.6765 1140.8160    51     8     8  9987    78
 255  754.2712 1142.3469    55     8     9 10765    12
 256  939.0260 1143.7248    60     8     9 12441    83
 257  601.1447 1143.9043    53     8     8 10139    77
 258  455.8688 1144.8885    46     8     8  6768   364
 259  776.8835 1145.5294    54     8     9 10998    10
 260  962.9634 1146.9039    58     8     9 12464    99
 261  622.6279 1146.9694    50     8     8 10136    74
 262  476.2876 1147.9568    53     8     8 10128   185
 263  799.6558 1148.7169    55     8     9 10993     2
 264  986.8531 1150.0065    56     8     8  9653   223
 265  644.3841 1150.0611    50     8     8 10163    26
 266  496.9473 1151.0521    55     8     8 10194   184
 267  822.5391 1151.9067    56     9     8 11082    18
 268  666.2206 1153.1607    51     8     8 10227    38
 269  517.7506 1154.1104    52     8     8 10015   171
 270  845.5470 1154.9922    54     9     8 11105    21
 271  688.1935 1156.2533    52     8     9 10294    23
 272  538.7094 1157.2019    51     8     8  9903   157
 273  868.6801 1158.0801    54     8     8 11353    42
 274  710.3511 1159.4452    53     8     9 10218     9
 275  559.8032 1160.3402    52     8     9  9915   126
 276  891.9842 1161.2970    58     8     9 11846    48
 277  732.5926 1162.6802    54     8     9 10358    13
 278  581.0229 1163.5184    53     8     9  9974   119
 279  915.4644 1164.5188    61     9     9 12215    70
 280  754.9756 1165.8139    54     8     8 10713     8
 281  602.3949 1166.7140    51     8     9  9839   102
 282  457.6284 1167.0670    48     7     8  6869   335
 283  939.0772 1167.7779    61     8     9 12377    88
 284  777.5305 1168.9871    50     8     8 10603     6
 285  623.8336 1169.8555    51     8     8 10130    72
 286  477.9492 1170.2166    54     8     8 10064   238
 287  962.9482 1170.9869    57     8     9 12341    98
 288  800.2134 1172.1231    53     8     8 10901    11
 289  645.4713 1172.9991    48     7     8 10074    92
 290  498.5583 1173.3566    55     9     9  9991   213
 291  986.7719 1174.1048    58     8     9  9550   212
 292  822.9805 1175.3171    54     8     9 11108    15
 293  667.2321 1176.1460    52     8     8 10230    47
 294  519.3088 1176.5521    52     8     9  9782   214
 295  845.9248 1178.6029    55     8     9 11256    30
 296  689.1445 1179.3001    53     8     9 10287    41
 297  540.2149 1179.7405    52     8     8  9843   183
 298  869.0148 1181.8559    57     8     9 11574    35
 299  711.2208 1182.5748    52     8     9 10232    33
 300  561.2432 1182.9193    52     8     8 10048   170
 301  892.2139 1185.0414    55     8     8 11516    64
 302  733.4278 1185.8468    51     8     8 10364    16
 303  582.3626 1186.0694    50     8     8  9976   153
 304  915.6389 1188.2473    59     9     9 11911    90
 305  755.6459 1188.9694    52     8     8 10597     3
 306  459.3890 1189.1496    46     7     8  6669   447
 307  603.5922 1189.2501    51     8     8  9889   146
 308  939.1216 1191.5990    60     9     9 12287   101
 309  778.1711 1192.1781    53     8     8 10768    14
 310  479.6335 1192.3149    57     9     9 10094   272
 311  625.0257 1192.5139    52     8     9  9947   114
 312  962.9307 1194.9386    57     8     9 12206    91
 313  800.7353 1195.4597    56     8     9 10882     5
 314  500.1458 1195.5924    54     8     9  9900   260
 315  646.5565 1195.7921    48     8     8  9839   108
 316  986.6585 1198.0825    57     9     8  9363   210
 317  520.8419 1198.7949    51     8     8  9854   257
 318  823.4762 1198.8361    55     9     9 10908     7
 319  668.2591 1199.0038    53     8     8 10409    54
 320  541.6362 1201.9983    50     8     8  9907   230
 321  846.3224 1202.0210    53     8     8 11036    34
 322  690.0700 1202.1852    51     8     8 10311    56
 323  562.5721 1205.1996    51     8     8  9906   226
 324  869.2629 1205.2321    56     8     9 11319    49
 325  712.0586 1205.4403    53     8     9 10266    53
 326  583.6427 1208.4668    51     8     9  9755   196
 327  892.4766 1208.6686    58     9     9 11562    51
 328  734.1979 1208.7796    53     8     8 10393    36
 329  461.1243 1211.0594    48     8     8  6696   459
 330  604.8445 1211.7846    51     8     8  9935   186
 331  915.8064 1211.9685    57     9     8 11752    67
 332  756.4325 1212.0127    50     8     8 10428    40
 333  481.2574 1214.2841    54     8     9  9955   344
 334  626.2003 1215.0421    52     8     8 10071   160
 335  939.1568 1215.1971    60     9     9 12090   121
 336  778.7710 1215.2440    54     8     9 10717    44
 337  501.7482 1217.6054    55     8     9  9941   299
 338  647.6241 1218.2881    51     8     8  9940   159
 339  962.8874 1218.6286    61     9     9 12365    97
 340  801.2958 1218.6516    54     8     9 10649    17
 341  522.3537 1220.8643    51     8     8  9862   295
 342  669.2915 1221.6441    51     8     9  9928   125
 343  823.9119 1221.9388    56     8     8 11135    22
 344  986.5143 1221.9811    57     9     8  9215   218
 345  543.1054 1224.1227    52     8     8  9923   271
 346  691.0198 1224.9236    53     8     8 10324   109
 347  846.7067 1225.2003    54     8     9 11026    46
 348  563.9502 1227.4165    52     8     9  9810   268
 349  712.9159 1228.1941    52     8     8 10285    94
 350  869.6684 1228.6746    57     9     9 11264    37
 351  584.9392 1230.7533    50     8     8  9763   249
 352  734.9388 1231.5295    53     8     9 10289    76
 353  892.7050 1231.9912    56     9     8 11420    57
 354  462.7910 1232.8018    46     8     8  6534   467
 355  606.0845 1234.0746    51     8     8  9905   232
 356  757.1313 1234.8977    54     8     8 10588    71
 357  915.9260 1235.3140    57     8     9 11689    85
 358  482.9209 1236.1287    54     8     8 10060   446
 359  627.3201 1237.3766    54     8     9  9915   211
 360  779.3950 1238.1409    53     8     8 10527    81
 361  939.2046 1238.8106    59     9     9 11979    93
 362  503.2828 1239.4517    54     8     9  9859   367
 363  648.6999 1240.7501    51     8     8  9975   194
 364  801.8256 1241.6177    54     8     9 10686    62
 365  962.8504 1242.0974    60     9     9 12232   124
 366  523.8537 1242.7889    52     8     8  9855   332
 367  670.2985 1244.0734    51     8     8 10117   182
 368  824.4046 1245.0022    51     8     8 10661    66
 369  986.3036 1245.5861    61     9     9  9516   192
 370  544.5201 1246.0923    52     9     8  9981   315
 371  691.9382 1247.4120    52     8     9 10007   178
 372  847.0590 1248.3134    54     8     9 11026    87
 373  565.3013 1249.4764    53     8     9  9841   297
 374  713.7381 1250.7998    52     8     8 10278   166
 375  869.9295 1251.8130    55     8     8 11245    55
 376  586.2462 1252.8458    53     8     8  9980   277
 377  735.6660 1254.1258    52     8     8 10300   173
 378  464.5303 1254.4287    44     7     8  6294   468
 379  892.8954 1255.1485    54     8     8 11378    73
 380  607.2885 1256.1867    52     8     8  9956   264
 381  757.7865 1257.5605    52     8     9 10289   148
 382  484.5506 1257.8206    56     9     8 10114   466
 383  916.0154 1258.6374    56     8     9 11582    84
 384  628.4546 1259.6294    52     8     9  9774   245
 385  780.0231 1260.9678    54     8     8 10677   151
 386  504.8742 1261.1566    54     8     8 10039   412
 387  939.2624 1262.0315    59     9     8 11848   113
 388  649.7452 1262.9747    51     8     8 10035   242
 389  802.3402 1264.3272    55     8     9 10570   155
 390  525.3173 1264.5551    55     8     9  9931   366
 391  962.7949 1265.5187    61     9     9 12267    95
 392  671.2488 1266.3634    51     8     8  9912   246
 393  824.8183 1267.8225    52     8     8 10733   136
 394  545.9231 1267.9342    55     8     8 10148   359
 395  986.1292 1268.9689    57     9     8  9139   227
 396  692.8327 1269.7908    51     8     8 10137   239
 397  847.4366 1271.1948    56     9     8 10919   134
 398  566.6469 1271.3062    52     8     9  9829   352
 399  714.5844 1273.1654    51     8     8 10142   235
 400  870.1859 1274.7919    54     8     9 11087   107
 401  587.4858 1274.7967    52     9     8  9866   345
 402  466.2461 1275.8388    48     8     8  6417   469
 403  736.4877 1276.6715    54     9     9 10152   220
 404  608.4772 1278.1574    51     9     8  9874   346
 405  893.0900 1278.1621    56     8     8 11346   133
 406  486.1487 1279.2551    54     8     8  9890   457
 407  758.4803 1280.0578    51     9     8 10321   205
 408  629.5716 1281.6693    54     8     9  9936   313
 409  916.1145 1281.7380    57     8     9 11553   116
 410  506.3785 1282.7518    58     9     8 10149   407
 411  780.6383 1283.5290    55     8     9 10401   217
 412  650.8130 1285.0570    53     8     8 10091   312
 413  939.3112 1285.1206    57     9     8 11630   145
 414  526.8087 1286.1553    54     8     8 10030   390
 415  802.8661 1287.0025    55     8     8 10809   202
 416  672.2360 1288.5281    52     8     9  9903   306
 417  962.7660 1288.7585    59     9     9 11986   112
 418  547.2964 1289.6290    57     9     9 10065   385
 419  825.2718 1290.4881    55     8     9 10617   204
 420  693.7226 1291.9697    52     8     8 10184   296
 421  985.9892 1292.1500    55     8     8  8936   215
 422  567.9599 1293.0712    54     8     8 10076   387
 423  847.8200 1293.9989    55     8     8 11066   191
 424  715.4424 1295.4302    54     9     9 10066   285
 425  588.7506 1296.5390    55     8     9  9946   375
 426  467.8570 1297.0508    47     8     8  6028   460
 427  870.5241 1297.5214    57     9     9 11014   198
 428  737.2800 1298.9684    52     8     8 10331   269
 429  609.6281 1300.0155    51     8     8  9989   365
 430  487.7819 1300.4998    54     8     9  8975   449
 431  893.2993 1301.0369    56     9     8 11231   181
 432  759.1516 1302.4015    54     8     9 10311   270
 433  630.6918 1303.4999    54     8     9  9956   353
 434  507.9190 1304.0000    55     8     8  9380   440
 435  916.2396 1304.5935    60     9     9 11638   175
 436  781.2514 1305.9733    52     8     8 10495   253
 437  651.8375 1306.9989    54     8     8 10212   356
 438  528.2277 1307.5503    55     8     9  9504   431
 439  939.3675 1308.0901    57     9     8 11622   176
 440  803.4019 1309.4553    57     9     9 10547   256
 441  673.1873 1310.5186    52     8     9  9920   357
 442  548.6932 1311.0918    56     9     8 10311   410
 443  962.7113 1311.7642    60     9     9 11968   158
 444  825.7065 1312.9988    53     8     8 10718   247
 445  694.6274 1314.0100    51     8     8 10126   349
 446  569.2259 1314.6737    57     9     9 10690   400
 447  985.8945 1315.2232    55     8     9  8874   454
 448  848.1587 1316.5733    56     8     9 10864   259
 449  716.2533 1317.5571    51     8     9  9939   333
 450  589.9543 1318.1551    56     8     8 10773   396
 451  870.7997 1320.1040    54     8     8 11082   233
 452  737.9710 1321.0639    54     8     8 10429   327
 453  610.8072 1321.7332    55     8     9 10752   386
 454  893.5734 1323.7768    58     9     9 11234   231
 455  759.8210 1324.6377    53     8     9 10314   339
 456  631.7728 1325.2457    54     9     8 10725   379
 457  916.3745 1327.2520    59     9     9 11477   228
 458  781.7886 1328.1693    53     8     8 10494   311
 459  652.8605 1328.8122    54     8     8 10805   369
 460  939.4393 1330.9563    58     9     8 11628   225
 461  803.8852 1331.7514    53     8     8 10584   309
 462  674.1070 1332.3412    54     8     9 10759   377
 463  962.6499 1334.5622    63     9     9 12108   209
 464  826.1468 1335.3177    54     8     9 10620   308
 465  695.5042 1335.9321    52     9     8 10787   372
 466  985.8051 1338.1504    54     8     8  8853   445
 467  848.5476 1338.9784    53     9     8 10767   283
 468  717.0273 1339.4658    53     8     9 10782   374
 469  545.3029 1342.3530     8     3     3   679   462
 470  871.0364 1342.6037    56     8     9 11016   289
 471  738.6713 1343.0450    54     9     8 10995   355
 472  571.5514 1344.2925    34     7     7  4814   471
 473  893.7527 1346.1789    55     9     8 11081   284
 474  760.4690 1346.6977    57     9     9 11005   334
 475  916.5629 1349.9208    57     9     8 11346   280
 476  782.3357 1350.2233    56     9     8 11180   342
 477  939.4528 1353.5457    62     9     9 11751   266
 478  804.4209 1353.9501    54     9     8 11133   341
 479  962.5317 1357.1551    61     9     9 11921   267
 480  826.6031 1357.5797    57     9     9 11292   329
 481  985.6737 1360.9237    55     9     8  8698   378
 482  848.9126 1361.1843    55     8     8 11413   331
 483  871.3135 1364.9449    57     9     8 11663   303
 484  893.9129 1368.5875    57     8     9 11693   300
 485  916.6164 1372.1715    60     9     9 11829   317
 486  939.4473 1375.9194    58     9     8 11400   326
 487  962.4656 1379.6442    60     9     9 11178   307
 488  985.4795 1383.2669    56     9     9  7965   433
 489  969.3255 1393.1443     5     4     2   399   475
 490  881.0645 1397.0578    34     7     6  4710   470
 491  924.3226 1420.5645    10     3     4   562   473
