488
   0  197.6065  952.7001    64     9     9  5839   448
   1  140.6552  953.0644   415    76    15 25878    -1
   2  671.5875  978.2250    30     8     9  1580    -1
   3   82.4015  980.1081    73     9    11  5732   434
   4  667.2692  981.9103     7     4     2   389    -1
   5  107.9170  983.5157    92    10    11  9000   402
   6  133.9084  987.0144    93    10    12  9716   398
   7  160.0969  990.4549    94    10    11 10570   395
   8  186.5112  993.9912   102    11    12 11643   392
   9  213.0809  997.4950    98    11    11 12253   384
  10  239.8890 1001.0911   104    11    12 13369   380
  11  612.0157 1003.6853    58    10     9  6441   444
  12  266.9098 1004.6027   104    12    12 14167   371
  13  294.1904 1008.3259   107    12    12 15091   368
  14   86.4844 1010.4472    76     9    11  6109   419
  15  321.6542 1011.8876   106    11    12 15959   366
  16  111.8952 1013.9147    87    10    11  9014   393
  17  349.4242 1015.5586   109    11    12 16555   363
  18  137.7251 1017.4866    92    11    11 10126   381
  19  377.4085 1019.2359   108    11    12 17130   361
  20  163.8281 1021.0663    98    11    12 11158   376
  21  405.6441 1022.9034   109    12    12 17801   354
  22  190.0903 1024.6268    96    11    11 11908   360
  23  434.1509 1026.6096   116    12    13 18523   353
  24  216.6113 1028.3651    98    11    11 12779   357
  25  462.8192 1030.3148   116    12    12 18903   349
  26  243.2755 1031.9427   101    11    12 13792   345
  27  491.7772 1034.0682   118    12    12 19377   351
  28  270.1747 1035.5912   100    11    11 14604   341
  29  520.9538 1037.8652   115    12    12 19419   358
  30  297.3458 1039.4210   104    11    12 15614   336
  31   90.5059 1040.3152    75     9    11  6282   400
  32  550.3586 1041.6506   118    12    13 19402   367
  33  324.7015 1043.1305   107    11    12 16591   335
  34  115.8253 1043.9232    88    10    11  9438   362
  35  579.9890 1045.4201   120    12    13 19325   370
  36  352.3433 1046.8451   107    12    12 17293   328
  37  141.5222 1047.5721    93    11    11 10653   347
  38  609.8357 1049.2172   119    12    13 19231   374
  39  380.2023 1050.6078   109    12    12 17867   326
  40  167.4981 1051.3110    96    11    11 11653   330
  41  639.9624 1053.0795   120    12    12 19365   378
  42  408.3451 1054.4306   110    12    12 18505   319
  43  193.6818 1054.9765   100    11    12 12650   318
  44  670.3454 1056.9566   120    12    12 19332   382
  45  436.6813 1058.2105   114    12    12 19239   321
  46  220.0333 1058.6891    98    12    11 13358   313
  47  701.0992 1060.8570   122    12    13 19568   390
  48  465.2608 1062.0602   115    12    12 19910   320
  49  246.6298 1062.4939   100    11    11 14379   309
  50  732.1090 1064.7811   122    12    13 19829   396
  51  494.0647 1065.9231   116    12    12 20154   322
  52  273.4351 1066.3453   103    11    12 15412   307
  53  763.0229 1068.6903   118    12    13 16078   427
  54  523.0855 1069.8030   117    12    12 20358   327
  55   94.4996 1070.0235    74     9    10  6462   387
  56  300.4570 1070.1499   103    11    12 16268   295
  57  119.6906 1073.6395    91    11    11 10028   312
  58  552.3651 1073.6998   116    12    12 20132   331
  59  327.6907 1073.9401   106    11    12 17255   288
  60  145.2777 1077.4070    94    11    11 11088   300
  61  581.8478 1077.6377   118    12    13 20051   338
  62  355.2262 1077.7714   109    12    12 18087   286
  63  171.1140 1081.2036    93    11    11 11910   282
  64  611.5613 1081.5567   116    12    13 19755   346
  65  382.9438 1081.6419   110    12    12 18745   279
  66  197.1897 1085.0157    98    11    12 12978   264
  67  641.5605 1085.5095   118    13    13 19767   350
  68  410.9569 1085.5672   110    12    12 19363   280
  69  223.4557 1088.8193    99    11    12 13875   256
  70  671.8051 1089.4531   122    12    13 19837   355
  71  439.1990 1089.4971   109    12    13 19835   281
  72  249.9309 1092.6907    98    12    11 14722   246
  73  467.6166 1093.4407   109    12    12 20163   275
  74  702.3612 1093.4644   123    13    13 19817   365
  75  276.6029 1096.5936   101    11    11 15832   244
  76  496.3017 1097.4061   111    12    12 20529   274
  77  733.2222 1097.4882   123    12    13 19674   375
  78   98.4412 1099.2461    72     9    10  6542   340
  79  303.5225 1100.5411   104    11    11 16867   234
  80  525.2106 1101.3752   111    12    12 20749   283
  81  764.0484 1101.4612   116    12    13 16107   407
  82  123.5042 1103.0588    89    11    11 10126   248
  83  330.6707 1104.5061   102    11    11 17641   241
  84  554.3299 1105.3772   113    12    13 20784   289
  85  149.0077 1106.9645    88    10    11 11055   235
  86  358.0724 1108.4861   105    12    11 18534   228
  87  583.6760 1109.4247   119    12    13 20939   298
  88  174.7671 1110.8553    93    11    11 12284   219
  89  385.6771 1112.4607   105    12    11 19185   232
  90  613.2500 1113.4608   117    12    13 20604   305
  91  200.7024 1114.7401    96    11    11 13369   201
  92  413.5661 1116.4590   107    11    12 19916   233
  93  643.1083 1117.5315   120    12    13 20734   314
  94  226.8552 1118.7031    97    11    11 14239   196
  95  441.6485 1120.4743   108    12    12 20463   221
  96  673.2110 1121.6335   122    12    13 20584   323
  97  253.2016 1122.6625    99    11    11 15233   187
  98  469.9534 1124.5041   110    12    13 20937   229
  99  703.6454 1125.7689   119    13    13 20183   333
 100  279.7701 1126.6449    99    11    11 16160   186
 101  102.3321 1128.2841    72     9    11  6726   271
 102  498.5144 1128.5606   111    12    12 21269   225
 103  734.3302 1129.8765   120    12    12 19948   339
 104  306.5549 1130.6679   103    11    12 17325   173
 105  127.2898 1132.2064    90    11    11 10512   189
 106  527.2852 1132.6397   113    12    12 21600   230
 107  765.0340 1133.9723   116    12    12 16232   391
 108  333.5874 1134.7049   103    11    12 18213   164
 109  152.6895 1136.1966    93    11    11 11627   161
 110  556.2744 1136.7663   115    12    12 21724   240
 111  360.8565 1138.7762   108    12    12 19214   166
 112  178.3035 1140.1734    92    11    11 12529   143
 113  585.4881 1140.8979   113    12    12 21480   247
 114  388.3790 1142.8674   106    12    12 19893   163
 115  204.1582 1144.2004    94    11    11 13556   144
 116  614.9550 1145.0508   116    12    12 21510   254
 117  416.1431 1146.9874   110    12    12 20634   172
 118  230.1836 1148.2572    96    11    11 14446   129
 119  644.6534 1149.2383   117    12    12 21220   260
 120  444.1122 1151.1323   111    12    12 21157   165
 121  256.4445 1152.3458    99    11    11 15561   116
 122  674.6058 1153.4250   119    12    13 20821   268
 123  472.2949 1155.2996   109    12    12 21428   180
 124  282.9056 1156.4291   101    12    11 16581   123
 125  106.2284 1157.1308    70     9    10  6718   243
 126  704.8833 1157.6766   119    12    13 20510   291
 127  500.6921 1159.4462   110    12    12 21665   176
 128  309.5826 1160.5420   100    11    11 17503   106
 129  131.0729 1161.0823    87    10    11 10484   122
 130  735.4272 1161.9073   120    13    12 20167   301
 131  529.3325 1163.5928   111    12    12 21935   178
 132  336.4878 1164.6646   101    11    11 18441   104
 133  156.3262 1165.1608    92    11    11 11658    97
 134  765.9726 1166.0984   114    12    12 16151   364
 135  558.1879 1167.8277   115    12    12 22289   191
 136  363.6429 1168.8406   105    11    12 19435   105
 137  181.8806 1169.2440    92    11    11 12650    82
 138  587.2939 1172.0950   115    12    12 22105   190
 139  391.0313 1173.0490   109    12    12 20276   109
 140  207.6128 1173.3749    96    11    11 13762    70
 141  616.5906 1176.3545   115    12    12 21679   198
 142  418.6603 1177.2546   104    11    12 20593   112
 143  233.5408 1177.5343    94    11    11 14518    59
 144  646.1586 1180.6218   116    12    12 21490   207
 145  446.5128 1181.4607   103    11    11 20965   119
 146  259.6824 1181.7021    98    11    11 15535    64
 147  675.9908 1184.9200   116    12    12 21247   218
 148  474.5575 1185.6559   107    11    12 21510   107
 149  110.0725 1185.7046    73    10    11  6773   255
 150  286.0252 1185.9002   100    12    12 16430    62
 151  706.1287 1189.2490   117    12    12 20814   226
 152  134.8382 1189.7853    86    10    11 10402   150
 153  502.8437 1189.9552   111    12    12 22060   120
 154  312.5837 1190.1477   100    11    12 17440    54
 155  736.5076 1193.6095   118    13    13 20151   245
 156  159.9833 1193.9401    87    10    11 11366   102
 157  531.3835 1194.2908   110    12    12 22189   126
 158  339.3827 1194.3929   102    11    11 18548    53
 159  766.8848 1197.9207   112    12    12 16070   324
 160  185.3839 1198.0610    92    11    11 12497    76
 161  560.0981 1198.5670   113    12    12 22328   132
 162  366.4129 1198.5980    99    11    11 19222    60
 163  211.0084 1202.2688    93    10    11 13479    46
 164  393.6623 1202.8699   104    11    12 20061    56
 165  589.0482 1202.9168   112    12    12 22317   137
 166  236.8475 1206.5396    96    11    11 14500    30
 167  421.2137 1207.2074   107    12    12 20715    69
 168  618.2431 1207.3175   112    12    12 22060   142
 169  262.8706 1210.8147    94    11    11 15217    20
 170  448.9077 1211.4900   104    12    11 20980    63
 171  647.6625 1211.6671   111    12    12 21636   157
 172  113.8886 1213.9532    71     9    10  6646   287
 173  289.0815 1215.0928    99    12    12 16309    15
 174  476.8291 1215.8110   107    12    12 21364    67
 175  677.3549 1216.0864   115    12    12 21573   160
 176  138.5272 1218.0610    84    11    10 10123   167
 177  315.5421 1219.4152    97    11    11 17334    24
 178  505.0015 1220.2420   109    12    12 21804    74
 179  707.3296 1220.5133   116    12    13 21008   177
 180  163.5686 1222.3341    90    11    11 11311   125
 181  342.2257 1223.7295    98    11    11 18089    22
 182  533.3869 1224.5827   104    11    12 21724    73
 183  737.5821 1224.9704   116    12    12 20600   200
 184  188.9087 1226.6620    91    11    11 12302    92
 185  369.1522 1228.0974   105    12    12 19173    12
 186  561.9968 1229.0385   111    12    12 22295    83
 187  767.8386 1229.4173   113    12    12 16206   296
 188  214.3932 1230.9414    92    11    11 13092    57
 189  396.3042 1232.4687   102    11    11 19859    23
 190  590.8041 1233.4926   109    12    12 22062    86
 191  240.1022 1235.2350    94    11    11 14029    40
 192  423.6660 1236.8197   104    11    12 20385    27
 193  619.8583 1237.9310   113    12    12 22218    96
 194  266.0266 1239.6370    97    12    11 15061    26
 195  451.3048 1241.2756   104    12    12 20670    29
 196  117.6599 1241.9432    71     9    10  6483   310
 197  649.1706 1242.4425   110    12    12 21629   103
 198  292.1239 1244.0081    94    11    12 15682     8
 199  479.0998 1245.6611   105    12    12 21027    32
 200  142.1897 1246.1438    84    10    11  9862   195
 201  678.7071 1246.9229   115    12    12 21618   130
 202  318.4685 1248.4133    99    11    11 16995     3
 203  507.1377 1250.1822   110    12    12 21574    38
 204  167.1308 1250.5501    88    10    11 10901   145
 205  708.5488 1251.4727   113    12    13 20951   153
 206  345.0491 1252.8374   100    12    12 17649     0
 207  535.3819 1254.6131   103    11    12 21477    41
 208  192.3480 1254.9391    90    11    11 11895   108
 209  738.6571 1256.0251   115    12    12 20607   185
 210  371.8366 1257.2846    99    12    11 18505     1
 211  563.8476 1259.2010   109    12    12 21941    49
 212  217.7602 1259.2754    93    11    11 12835    89
 213  768.7180 1260.5477   110    12    12 16083   266
 214  398.8253 1261.7145    99    12    11 18929     2
 215  592.5254 1263.6902   108    11    12 21888    58
 216  243.3378 1263.7487    94    11    11 13610    61
 217  426.1496 1266.1810   100    12    11 18519     4
 218  269.1324 1268.1430    93    11    11 14301    47
 219  621.4795 1268.3028   110    12    12 21803    77
 220  121.4118 1269.6572    68     9    10  6053   348
 221  453.6760 1270.6753   101    11    11 19588     6
 222  295.1668 1272.6705    94    11    11 15259    33
 223  650.6188 1272.8448   111    12    12 21546    91
 224  145.8222 1274.0220    84    10    10  9551   250
 225  481.3423 1275.2873   103    11    12 20574     9
 226  321.3771 1277.1447    98    11    11 16222    19
 227  680.0547 1277.4662   114    12    13 21354   111
 228  170.6741 1278.4664    87    11    11 10472   210
 229  509.2416 1279.7945   104    12    12 20899    21
 230  427.3651 1280.7950   121    12    12 21562     5
 231  347.8450 1281.6739    96    11    11 16969    11
 232  709.7496 1282.1123   114    12    12 20975   133
 233  195.7772 1282.9447    86    11    10 11292   174
 234  537.3736 1284.4377   105    12    11 21251    28
 235  374.5425 1286.2122    97    11    11 17821     7
 236  739.7041 1286.7304   111    12    12 20253   156
 237  221.0577 1287.3884    86    10    11 11998   147
 238  565.6790 1289.0303   109    12    12 21520    34
 239  401.3916 1290.7315    98    11    11 18095    10
 240  769.6151 1291.4107   106    12    11 15751   252
 241  246.5689 1291.9445    90    11    11 12820   127
 242  594.2611 1293.6305   107    12    12 21443    50
 243  428.5319 1295.3342    96    11    11 17258    14
 244  272.2395 1296.4512    94    11    11 13859   101
 245  125.0888 1297.1655    65     8    10  5740   386
 246  440.7182 1297.5423    63    10    10 10968    13
 247  623.0565 1298.3525   111    12    12 21434    52
 248  456.0272 1299.9206   101    12    12 18776    18
 249  298.1417 1301.0204    91    11    11 14469    87
 250  149.4223 1301.6342    83    11    11  9069   299
 251  652.0792 1302.9997   110    12    12 21140    79
 252  483.5328 1304.5317   100    11    11 20059    17
 253  324.2787 1305.6184    96    11    11 15535    75
 254  174.1668 1306.1156    82    10    10  9917   277
 255  681.3613 1307.6592   110    12    12 20728    94
 256  511.3401 1309.2044   104    12    12 20425    16
 257  350.6100 1310.2134    95    11    11 16245    55
 258  199.1428 1310.7072    85    10    11 10804   242
 259  710.9285 1312.4520   113    12    12 20420   115
 260  539.3252 1313.8559   105    12    12 20638    25
 261  377.1990 1314.8397    97    12    11 17027    48
 262  224.3193 1315.2020    89    11    11 11682   215
 263  740.7475 1317.2013   114    12    12 19895   134
 264  567.5211 1318.5504   103    11    11 20713    31
 265  403.9878 1319.4645    99    12    11 17895    43
 266  249.7586 1319.8872    89    11    11 12284   194
 267  770.5325 1321.9088   107    12    12 15448   237
 268  595.9605 1323.3251   107    12    12 20786    42
 269  431.0356 1324.1620   100    12    12 18212    36
 270  128.7997 1324.4346    64     9    10  5402   399
 271  275.3111 1324.4816    92    11    11 13208   171
 272  624.6173 1328.0643   108    12    12 20526    45
 273  458.2913 1328.8271    97    11    12 18703    39
 274  152.9749 1328.9255    82    10    10  8690   342
 275  301.1170 1329.1036    91    11    11 13842   152
 276  653.5283 1332.8134   106    11    12 20183    66
 277  485.7101 1333.5178   102    11    11 19425    35
 278  177.6533 1333.5596    85    11    11  9519   317
 279  327.1420 1333.8263    94    11    11 14743   135
 280  682.6723 1337.5956   110    12    12 20063    88
 281  202.5071 1338.1451    84    11    10 10224   304
 282  513.4003 1338.2858   103    11    12 19718    37
 283  353.3530 1338.4925    96    11    11 15486   114
 284  712.1197 1342.4669   111    12    12 19676    98
 285  227.6259 1342.8675    86    11    10 10964   278
 286  541.2787 1343.0349   105    12    12 19956    44
 287  379.8100 1343.1909    96    11    11 16044    99
 288  741.7606 1347.3193   110    12    12 19033   136
 289  252.9087 1347.5409    86    10    11 11545   259
 290  569.3610 1347.8250   101    11    12 19744    51
 291  406.5165 1347.9256    98    11    12 16848    90
 292  132.4144 1351.4624    62     9     9  5016   415
 293  771.4444 1352.1568   103    11    12 14714   213
 294  278.3501 1352.1901    89    11    11 12384   238
 295  597.6456 1352.6378   105    12    12 19834    65
 296  433.4503 1352.6843    97    11    11 17632    85
 297  156.4981 1355.9952    76     9    10  7942   377
 298  304.0703 1356.9851    87    11    10 13001   216
 299  460.5513 1357.4285    99    11    11 18214    81
 300  626.2105 1357.4999   105    12    11 19644    78
 301  181.0541 1360.7075    78    10    10  8724   359
 302  329.9728 1361.7546    90    11    11 13757   204
 303  487.8585 1362.2310    99    12    11 18396    72
 304  654.9656 1362.3755   106    12    11 19356    84
 305  205.8630 1365.3957    81    10    11  9532   343
 306  356.0879 1366.5116    93    12    11 14415   183
 307  515.4384 1367.0595   103    11    12 18857    68
 308  683.9894 1367.2660   108    12    12 19057    95
 309  230.8456 1370.1321    82    10    10 10219   329
 310  382.3877 1371.3005    95    11    11 15039   162
 311  543.2021 1371.9089   101    12    12 18916    71
 312  713.2724 1372.1755   110    12    12 18778   118
 313  256.0141 1374.9356    85    10    10 10953   315
 314  408.9841 1376.1001    97    12    11 15857   149
 315  571.1689 1376.8006   104    12    12 19078    80
 316  742.7916 1377.1208   110    12    12 18204   138
 317  136.0266 1378.1781    59     8    10  4587   445
 318  281.3813 1379.7539    87    11    11 11605   297
 319  435.8174 1380.9295    95    11    12 16474   140
 320  599.3410 1381.7111   101    11    12 18749    93
 321  772.3249 1382.0290   102    11    12 13958   227
 322  160.0150 1382.8174    74    10    10  7374   385
 323  306.9845 1384.5578    87    10    11 12272   272
 324  462.8133 1385.7881    97    11    11 17070   128
 325  627.7316 1386.6313   107    12    12 18768   100
 326  184.4671 1387.6209    76    10    11  8027   388
 327  332.7767 1389.4007    91    11    11 13082    -1
 328  490.0379 1390.6713    99    12    11 17498   117
 329  656.3961 1391.6009   101    11    11 18241   124
 330  209.1499 1392.4044    80    10    11  8864   379
 331  358.7959 1394.2521    91    11    11 13610    -1
 332  517.4763 1395.5826    99    11    11 17838   110
 333  685.2862 1396.5773   103    12    11 18001   139
 334  234.0363 1397.2192    80    10    10  9460    -1
 335  385.0390 1399.1304    90    12    11 13964    -1
 336  545.1122 1400.5245   100    12    11 17985   113
 337  714.4069 1401.5844   101    11    11 17466   159
 338  259.1065 1402.0914    82    10    10 10140   452
 339  411.4913 1404.0270    92    11    11 14790   253
 340  139.5790 1404.6439    56     9     9  4155    -1
 341  572.9412 1405.4920   100    12    11 17935   121
 342  743.8100 1406.6021   108    12    12 17303   182
 343  284.3715 1406.9661    83    11    10 10751    -1
 344  438.1882 1408.9277    97    11    12 15686   222
 345  163.4953 1409.4580    68     9    10  6564    -1
 346  600.9959 1410.4843   100    12    11 17758   131
 347  773.1733 1411.6144    99    11    11 13319   265
 348  309.8735 1411.8890    84    10    10 11357   369
 349  465.0653 1413.8685    95    12    11 15975   208
 350  187.8261 1414.3115    74    10    10  7398    -1
 351  629.2965 1415.5182   102    12    11 17680   141
 352  335.5537 1416.8345    88    11    11 12127   344
 353  492.1775 1418.8406    97    12    11 16405   192
 354  212.4298 1419.1980    75    10    10  8012   429
 355  657.8003 1420.5567   104    12    11 17398   154
 356  361.4651 1421.7700    90    11    11 12801   325
 357  519.4786 1423.8235    97    11    11 16710   168
 358  237.1908 1424.0650    79    10    10  8762   411
 359  686.5466 1425.6126   102    11    11 16978   179
 360  387.6089 1426.7318    90    11    11 13310   308
 361  546.9860 1428.8549   101    12    12 16993   155
 362  262.1582 1429.0068    81    10    10  9407   401
 363  715.5403 1430.7170   104    11    12 16639   197
 364  143.0740 1430.8833    52     8     9  3675    -1
 365  413.9444 1431.6951    91    11    11 13890   290
 366  574.6894 1433.9014   101    11    12 16916   151
 367  287.3206 1433.9708    82    11    10  9982   394
 368  166.8631 1435.7227    68    10    10  6121    -1
 369  744.8078 1435.8369   107    12    12 16357   224
 370  440.5266 1436.6642    96    11    11 14738   251
 371  312.7328 1438.9746    84    11    10 10595   383
 372  602.6372 1438.9961    99    11    12 16710   146
 373  191.1368 1440.7024    74    10    10  6902    -1
 374  774.0358 1440.9024    98    11    12 12453   306
 375  467.2929 1441.6838    95    11    11 15027   239
 376  338.2810 1443.9713    84    11    10 11127   372
 377  630.7798 1444.0930   101    12    12 16607   148
 378  215.6286 1445.6597    73    10    10  7320   437
 379  494.2790 1446.7393    96    11    11 15387   217
 380  364.0990 1448.9922    84    10    10 11644   352
 381  659.1902 1449.2402   103    12    12 16424   158
 382  240.3085 1450.6577    75    10    10  7839   426
 383  521.4668 1451.8125    96    11    11 15652   203
 384  390.1214 1454.0278    86    11    10 12221   337
 385  687.8018 1454.3832   101    12    11 16019   175
 386  265.1870 1455.6864    77    10    10  8415   416
 387  548.8268 1456.9065    95    11    12 15622   188
 388  146.6624 1457.0381    47     8     9  3138   446
 389  416.3503 1459.0613    89    11    11 12925   311
 390  716.6728 1459.5482   101    11    11 15650   193
 391  290.2582 1460.7263    78    10    10  8963   405
 392  170.2879 1461.8772    65     9    10  5490   443
 393  576.4457 1462.0442    97    11    12 15668   169
 394  442.8425 1464.1175    92    11    11 13513   293
 395  745.7892 1464.7676   105    12    12 15390   202
 396  315.5245 1465.7937    83    11    10  9690   397
 397  194.4392 1466.9163    70     9    10  6164   440
 398  604.2727 1467.2090    98    11    11 15637   170
 399  469.4839 1469.2172    93    11    11 13907   269
 400  774.8717 1469.9345    97    12    12 11687   294
 401  341.0116 1470.8943    83    10    10 10217   389
 402  218.8159 1471.9672    72    10    10  6721   436
 403  632.2967 1472.3831    98    11    11 15469   181
 404  496.3438 1474.3486    92    11    11 14098   249
 405  366.7283 1475.9772    84    11    10 10757   373
 406  243.3972 1477.0423    73    10    10  7152   432
 407  660.5674 1477.6303   100    11    11 15305   184
 408  523.4253 1479.5247    96    11    11 14607   231
 409  392.6480 1481.0665    85    11    10 11237   356
 410  268.1784 1482.1436    76    10    10  7709   455
 411  150.1027 1482.7845    49     8     9  3044   447
 412  689.0657 1482.8417   102    12    12 15067   199
 413  550.6994 1484.7042    94    11    11 14584   220
 414  418.7718 1486.2008    89    11    11 11859   334
 415  293.1546 1487.2655    78    10    10  8225   454
 416  173.5857 1487.6554    61     9     9  4858   458
 417  717.7885 1488.1272   101    12    12 14627   209
 418  578.2018 1489.9314    97    11    12 14616   206
 419  445.0927 1491.3361    90    11    11 12341   316
 420  318.3112 1492.3731    80    10    11  8729   453
 421  197.6445 1492.7780    65     9    10  5430   457
 422  746.7685 1493.4084   100    12    11 14184   223
 423  605.8626 1495.1571    96    12    11 14517   212
 424  471.6652 1496.5210    90    11    11 12656   302
 425  343.6940 1497.5422    84    11    11  9370   417
 426  221.9118 1497.9189    68    10    10  5952   456
 427  775.6997 1498.6714    95    11    11 10899   273
 428  633.7961 1500.4371    95    11    11 14250   211
 429  498.4171 1501.7494    93    11    11 13073   285
 430  369.2726 1502.7131    79    10    11  9562   414
 431  246.4339 1503.1700    71     9    10  6574   442
 432  661.9082 1505.7273    99    12    11 14205   205
 433  525.3708 1506.9722    91    11    11 13239   270
 434  395.0903 1507.9042    81    10    10 10099   413
 435  271.0997 1508.3875    75    10    10  7262   439
 436  690.3118 1511.0526    98    11    12 13871   214
 437  552.5176 1512.2103    93    11    11 13467   261
 438  421.1145 1513.0947    84    10    10 10659   409
 439  295.9662 1513.5673    76    10    10  7648   438
 440  718.8951 1516.3986    98    12    11 13508   236
 441  579.8857 1517.5151    93    11    11 13392   258
 442  447.3601 1518.3251    89    11    11 11278   403
 443  321.0494 1518.7744    77    10    10  8107   435
 444  747.7248 1521.7565    99    11    11 13157   257
 445  211.5217 1522.6630    29    13     5  1542    -1
 446  607.4824 1522.8629    93    11    11 13309   262
 447  473.8137 1523.5767    89    11    11 11533   404
 448  346.2910 1523.9920    79    10    10  8600   431
 449  776.5370 1527.0624    92    11    11 10009   292
 450  229.2094 1527.3077    33    11     6  1884   462
 451  635.2649 1528.1799    93    11    11 13101   263
 452  500.4372 1528.8674    90    11    11 11889   406
 453  371.7958 1529.2433    77    10    10  8863   430
 454  663.2512 1533.5588    96    11    11 13019   267
 455  527.2677 1534.1425    89    11    11 12056   408
 456  397.5002 1534.4924    85    11    11  9643   423
 457  691.5221 1538.9487    96    11    12 12712   276
 458  554.3242 1539.4909    90    11    11 12163   410
 459  423.4059 1539.7797    82    11    10  9871   422
 460  719.9914 1544.3885    98    12    11 12486   284
 461  275.3360 1544.6277    39     7     7  2968   450
 462  581.5762 1544.8713    91    11    11 12201   412
 463  449.5559 1545.0702    85    11    10 10385   418
 464  748.6790 1549.8260    94    11    11 11911   303
 465  609.0302 1550.2518    91    11    11 12045   433
 466  475.8862 1550.3749    87    10    11 10679   420
 467  777.3219 1555.2188    90    11    11  9098   332
 468  636.7207 1555.6982    90    11    11 11877    -1
 469  502.3973 1555.7460    89    11    11 11000   421
 470  262.8571 1556.8571     7     5     2   364    -1
 471  529.1196 1561.1134    86    11    11 11127   424
 472  664.5849 1561.1180    94    11    11 11838    -1
 473  556.0506 1566.5487    90    10    11 11362   425
 474  692.7432 1566.6233    93    11    11 11520    -1
 475  583.1833 1572.0020    87    11    10 11151   428
 476  721.0549 1572.1275    91    11    11 11047    -1
 477  610.5659 1577.4086    90    11    11 11052   441
 478  749.6518 1577.6691    94    11    11 10905    -1
 479  638.0941 1582.9686    88    11    10 10879    -1
 480  778.0863 1583.0809    86    11    10  8192    -1
 481  665.8606 1588.4797    90    11    11 10865    -1
 482  693.8756 1594.0256    89    11    10 10464    -1
 483  722.0113 1599.5462    92    11    11 10190    -1
 484  750.4690 1605.1108    89    11    10  9448    -1
 485  778.8291 1610.6441    78    10    10  6835   460
 486  651.4856 1622.9684    53     9     8  4740   449
 487  705.6522 1627.6954   468    92    28 30083   451
