490
   0 1181.3571  468.3750    62    18     4  3268   484
   1 1187.9145  491.4515   308    25    23 17875    -1
   2 1201.7529  493.8046    33     2    24  1824    -1
   3 1210.3452  496.7619    33     3    12  1734    -1
   4  917.8575  764.2863    17     4     5  1594   480
   5 1191.3757  765.6356    12     4     7   777   485
   6  845.1991  781.9992    29     6     6  2716   472
   7  860.7014  783.2492    32     6     7  4048   467
   8  876.2380  784.8436    32     6     7  4455   465
   9  891.8909  786.1395    34     6     7  4882   458
  10 1180.1407  787.6343     8     4     3   951   482
  11  907.7244  787.6580    37     7     7  5268   456
  12  923.5061  789.0319    35     7     6  5339   445
  13  939.3458  790.5579    38     7     7  5649   440
  14  955.3079  791.9801    35     7     6  5539   436
  15  971.3237  793.4934    38     7     7  5825   422
  16 1183.9412  794.4202    14    12     2  1627    -1
  17  987.4212  794.9828    36     7     6  5632   413
  18 1003.6383  796.4158    38     7     7  5936   406
  19 1019.8877  797.9706    35     7     7  5828   410
  20  845.4310  798.7292    29     6     6  3130   470
  21 1036.0932  799.4164    37     7     7  6098   396
  22  860.8236  800.0943    31     6     6  4730   461
  23 1052.5311  800.9541    38     7     7  6051   382
  24  876.3096  801.6286    36     7     7  5166   454
  25 1068.9839  802.3971    37     6     7  6223   350
  26  891.9785  803.0490    33     6     6  5140   452
  27 1085.4470  803.9453    38     7     7  6185   341
  28  907.7404  804.5557    38     7     7  5402   435
  29 1102.0188  805.4077    37     6     7  6345   338
  30  923.5008  806.0195    35     7     6  5286   431
  31 1118.7147  806.9461    37     7     7  6271   373
  32  939.2995  807.5988    37     7     7  5515   432
  33 1135.2984  808.4201    39     7     7  6667   361
  34  955.2121  809.0121    34     7     6  5416   421
  35 1152.0445  809.9366    36     6     7  6417   376
  36  971.1793  810.6130    36     7     7  5614   420
  37 1168.9338  811.4376    39     7     7  6729   393
  38  987.2324  812.0278    35     7     7  5566   386
  39 1185.8731  813.0203    36     7     7  6161   415
  40 1003.3730  813.6590    36     7     7  5705   398
  41 1202.8479  814.5571    37     7     7  6208   430
  42 1019.6177  815.0862    37     7     7  5724   384
  43  845.5453  815.2964    26     5     6  2955   469
  44 1219.9174  816.1189    33     6     7  5785   443
  45 1035.9252  816.6898    36     6     7  5899   404
  46  860.9868  816.9354    33     6     6  4939   457
  47 1236.9112  817.6562    31     6     7  3848   464
  48 1052.1228  818.0889    35     7     7  5827   327
  49  876.4204  818.3411    37     7     7  5267   447
  50 1068.5969  819.7326    39     7     7  6142   323
  51  892.0458  819.9321    33     6     6  5223   449
  52 1085.0142  821.1683    35     6     7  5962   284
  53  907.7621  821.3751    36     7     7  5402   433
  54 1101.5745  822.8187    39     7     7  6177   348
  55  923.4578  822.9858    34     7     6  5327   427
  56 1118.0862  824.2515    37     7     7  6152   322
  57  939.2239  824.4963    38     7     7  5656   401
  58 1134.8802  825.8859    36     7     7  6156   362
  59  955.1212  826.0021    33     6     6  5494   403
  60 1151.4982  827.3655    38     7     7  6383   351
  61  971.0758  827.5962    35     6     7  5689   407
  62 1168.2090  828.9506    38     7     7  6361   365
  63  987.0674  829.0634    34     6     7  5660   363
  64 1185.0922  830.4304    36     6     7  6454   360
  65 1003.1412  830.7052    34     6     7  5697   364
  66  845.6552  832.0061    28     6     6  3210   468
  67 1202.0485  832.0136    35     7     7  6507   378
  68 1019.2844  832.1283    38     7     7  5922   301
  69 1219.0788  833.5789    38     6     7  6919   392
  70  861.1268  833.6275    33     6     7  4983   451
  71 1035.5488  833.8241    38     7     7  5995   374
  72 1236.0636  835.0208    32     6     6  4538   442
  73  876.5354  835.0555    34     7     6  5207   429
  74 1051.8823  835.2651    36     6     7  5959   332
  75  892.1103  836.7131    33     6     7  5263   428
  76 1068.1310  836.9165    36     7     7  5968   270
  77  907.7673  838.1442    33     7     7  5298   423
  78 1084.6471  838.4060    37     7     7  6147   261
  79  923.4335  839.8603    36     7     7  5497   419
  80 1101.0610  839.9916    33     6     6  5948   259
  81  939.1643  841.2655    37     7     7  5693   389
  82 1117.6698  841.5832    39     7     7  6385   276
  83  955.0462  842.9322    33     6     6  5586   379
  84 1134.1622  843.0796    35     7     7  6146   208
  85  970.9650  844.4597    35     6     7  5750   380
  86 1150.9476  844.7861    36     6     7  6291   314
  87  986.9406  846.0317    33     6     6  5701   344
  88 1167.6825  846.2507    37     7     7  6419   313
  89 1002.9956  847.6644    36     6     7  5912   321
  90 1184.4154  847.9003    37     7     7  6414   343
  91  845.8615  848.6825    27     6     6  3076   466
  92 1019.0322  849.1436    35     6     7  5891   257
  93 1201.3213  849.4432    39     7     7  6825   342
  94  861.2452  850.1181    33     6     6  4978   439
  95 1035.2111  850.8342    37     7     7  5973   309
  96 1218.2751  851.0120    38     7     8  6711   354
  97  876.6442  851.8479    36     7     7  5310   434
  98 1051.5207  852.3199    38     7     7  6141   271
  99 1235.2174  852.6590    35     7     7  4669   448
 100  892.1375  853.2647    36     6     7  5417   411
 101 1067.8760  854.0046    34     7     6  5977   282
 102  907.7772  854.9577    34     7     6  5373   408
 103 1084.1358  855.5910    37     7     7  6202   267
 104  923.4075  856.5223    36     7     7  5520   397
 105 1100.6666  857.1220    37     7     7  6112   252
 106  939.1159  858.0464    33     6     6  5537   369
 107 1117.0782  858.8169    36     6     7  6174   232
 108  954.9775  859.7469    36     6     7  5769   357
 109 1133.7262  860.3054    36     7     7  6239   220
 110  970.8277  861.2277    34     7     7  5670   346
 111 1150.2261  861.9689    37     7     7  6322   227
 112  986.7755  862.9675    34     7     6  5696   331
 113 1167.0108  863.6093    37     6     7  6462   293
 114 1002.7911  864.4812    38     7     7  5991   229
 115  846.0887  865.0731    29     6     6  3310   459
 116 1183.8419  865.1392    38     7     7  6504   288
 117 1018.8459  866.0850    34     7     6  5837   260
 118  861.3763  866.7903    35     7     7  5064   424
 119 1200.6829  866.8286    39     7     7  6734   302
 120 1034.9909  867.7945    35     6     7  5991   242
 121  876.7507  868.2210    34     7     7  5298   394
 122 1217.5963  868.3828    37     7     7  6764   340
 123 1051.0830  869.2907    36     6     7  6109   159
 124  892.2109  869.9267    33     6     6  5313   395
 125 1234.5424  870.0086    34     7     6  4484   438
 126 1067.3899  870.9696    36     7     6  5995   205
 127  907.8051  871.5130    36     7     7  5487   387
 128 1083.8252  872.6263    38     7     7  6309   290
 129  923.3805  873.0671    34     7     6  5417   372
 130 1100.0787  874.1591    35     6     7  6141   197
 131  939.0950  874.8259    34     6     7  5591   333
 132 1116.6293  875.9175    37     7     7  6195   212
 133  954.8567  876.3335    34     6     7  5628   306
 134 1133.0851  877.4877    36     6     7  6269   163
 135  970.6797  878.0501    34     7     6  5690   285
 136 1149.7828  879.0818    38     7     7  6355   187
 137  986.5299  879.7340    37     7     7  5858   263
 138 1166.2998  880.7935    37     7     7  6391   198
 139 1002.5374  881.2202    36     7     7  5860   180
 140  846.3264  881.5069    28     6     7  3145   462
 141 1183.0479  882.3431    36     6     7  6445   206
 142 1018.5299  882.9787    35     7     6  5863   230
 143  861.5340  883.0899    33     7     6  4976   412
 144 1199.9580  884.0295    33     6     6  6298   238
 145 1034.6821  884.5760    38     7     7  6122   184
 146  876.8449  884.8521    34     6     7  5324   402
 147 1216.8577  885.7245    37     7     7  6634   295
 148 1050.8410  886.1611    35     7     7  6002   146
 149  892.2520  886.3836    37     7     7  5431   366
 150 1233.7589  887.1668    32     6     7  4304   414
 151 1067.0333  887.9218    34     6     7  6084   149
 152  907.8010  888.0415    33     6     6  5401   375
 153 1083.2799  889.5738    37     7     7  6252   126
 154  923.3534  889.7770    35     7     7  5516   349
 155 1099.7263  891.1489    37     7     7  6194   161
 156  938.9936  891.3095    34     6     7  5632   286
 157 1116.0694  892.9036    35     6     7  6200   135
 158  954.7594  893.0310    34     7     6  5632   266
 159 1132.5833  894.4967    37     7     7  6363   117
 160  970.5018  894.7470    36     7     7  5756   283
 161 1149.0534  896.1142    35     6     7  6271   118
 162  986.3377  896.2692    38     7     7  5929   125
 163  846.5070  897.8875    28     6     6  3258   453
 164 1165.8109  897.9185    36     7     7  6352   181
 165 1002.2567  897.9840    34     7     6  5797   170
 166  861.6913  899.4985    35     7     7  5012   390
 167 1182.3939  899.5344    37     7     7  6525   169
 168 1018.2368  899.7537    35     7     7  5925   191
 169  876.8960  901.1165    32     6     6  5274   336
 170 1199.1185  901.1185    36     7     7  6460   136
 171 1034.2934  901.2848    38     7     7  6115    80
 172  892.3053  902.8859    33     7     6  5332   339
 173 1216.0279  902.9158    35     6     7  6406   203
 174 1050.4452  903.0108    35     7     6  5969   103
 175  907.8251  904.4780    35     6     7  5472   329
 176 1232.8926  904.5664    33     6     7  4317   391
 177 1066.6796  904.7779    38     7     7  6215   185
 178  923.3276  906.0976    34     7     6  5470   222
 179 1082.9198  906.3339    35     6     7  6162    88
 180  938.9741  907.9159    33     6     6  5622   258
 181 1099.1300  908.0193    34     7     6  6119    38
 182  954.6421  909.5488    36     7     7  5656   225
 183 1115.5998  909.8373    38     7     7  6299   164
 184  970.3428  911.1501    37     7     7  5820   128
 185 1132.0102  911.4477    36     6     7  6257   139
 186  986.1511  912.9448    33     6     6  5771   154
 187 1148.5513  913.1093    36     7     7  6208    67
 188  846.5563  914.0669    27     5     6  3197   446
 189 1002.0623  914.6873    34     6     7  5854   142
 190 1165.0729  914.9145    34     6     7  6212   100
 191  861.8168  915.8430    33     6     6  4971   388
 192 1017.9898  916.2564    35     6     7  5974    83
 193 1181.8057  916.5631    38     7     7  6542   131
 194  876.9965  917.4436    34     6     7  5319   330
 195 1034.0096  918.0033    32     6     6  5864    87
 196 1198.4785  918.2007    38     7     7  6508   178
 197  892.3646  919.0887    33     7     6  5285   289
 198 1050.0890  919.7910    35     6     7  6015   112
 199 1215.1859  919.9590    36     7     6  6347   140
 200  907.8466  920.9181    33     6     6  5424   279
 201 1066.1868  921.4396    37     7     7  6218    27
 202 1232.0049  921.7652    32     6     7  4262   304
 203  923.3095  922.6182    35     7     7  5498   237
 204 1082.4618  923.0762    37     7     7  6175    55
 205  938.8846  924.2231    32     6     7  5508   223
 206 1098.8065  924.9419    35     7     7  6138   168
 207  954.5196  926.0045    34     7     6  5623   127
 208 1115.0589  926.6509    35     6     7  6184    17
 209  970.1989  927.8038    32     6     7  5602   176
 210 1131.4813  928.2646    38     7     7  6330    28
 211  985.9850  929.4299    34     6     7  5780    97
 212 1147.9519  930.0379    32     6     6  6101   116
 213  846.6814  930.2081    28     6     6  3236   437
 214 1001.8493  931.1208    32     6     6  5751    69
 215 1164.4238  931.8320    36     7     7  6237    58
 216  861.9284  931.9722    32     6     6  4999   328
 217 1017.7923  932.9648    34     7     6  5747    92
 218 1181.0444  933.5088    37     6     7  6372    47
 219  877.1202  933.7456    32     6     7  5228   316
 220 1033.7715  934.5872    36     7     7  5733    60
 221 1197.8209  935.1690    37     7     7  6372    77
 222  892.4436  935.3717    35     7     7  5311   294
 223 1049.8019  936.2838    35     7     7  5917    18
 224 1214.5069  936.9792    36     7     6  6270   196
 225  907.8415  937.1138    31     6     6  5330   202
 226 1065.8995  938.0747    32     6     6  5978    81
 227 1231.0990  938.8267    32     6     7  4211   318
 228  923.2804  938.9198    32     7     6  5426   268
 229 1082.0429  939.9011    34     6     7  6128    21
 230  938.8575  940.6759    36     6     7  5627   102
 231 1098.2083  941.6543    36     7     7  6188     7
 232  954.4102  942.3265    36     7     7  5609   124
 233 1033.6339  942.9573    43     7     7  6991    89
 234 1114.6098  943.2834    36     7     7  6200    61
 235  970.0533  944.0773    33     6     6  5724   152
 236 1130.9301  945.0591    32     6     6  6050    20
 237  985.8491  945.9396    33     6     6  5697    68
 238  846.9579  946.3338    29     6     6  3243   409
 239 1147.2826  946.8927    36     7     7  6193    16
 240 1001.6243  947.6789    38     7     7  5908    45
 241  862.0697  948.0487    32     6     6  4979   317
 242 1163.9042  948.6438    37     7     7  6323    72
 243 1017.4937  949.3306    36     7     7  5785    36
 244  877.1976  949.8668    30     6     6  5137   311
 245 1180.3785  950.3194    39     7     7  6502    85
 246 1033.3465  951.1058    34     7     6  5584    24
 247  892.4972  951.6107    34     7     7  5242   195
 248 1040.3927  951.9095    23     6     6  3658    79
 249 1196.9969  952.0538    34     6     7  6182    95
 250 1049.4027  952.9441    34     7     6  5771    49
 251  907.8493  953.2762    33     6     7  5363   251
 252 1213.8186  953.9491    36     7     7  6251   101
 253 1065.4532  954.7406    35     7     7  6019     0
 254  923.2521  955.0691    34     7     6  5476   171
 255 1230.4338  955.7596    34     7     7  4254   325
 256 1081.6532  956.3825    35     7     7  6090    43
 257  938.7828  956.9349    34     7     6  5568   133
 258 1097.8503  958.1389    35     7     7  6120    10
 259  954.2765  958.7367    35     7     7  5616   123
 260 1114.0297  959.9826    32     6     6  6055    14
 261  969.9480  960.4155    33     6     7  5614    93
 262 1130.3160  961.8333    36     7     7  6174    29
 263  985.6502  962.1440    33     7     6  5625    70
 264  847.1980  962.3164    27     6     6  3115   416
 265 1146.8203  963.5747    37     7     7  6280    31
 266 1001.3660  963.9801    34     7     6  5768     6
 267  862.2153  964.0569    33     6     6  4997   287
 268 1163.1237  965.2920    37     7     7  6336    71
 269 1017.1859  965.8518    30     6     6  5531    84
 270  877.2773  965.9075    32     7     6  5215   262
 271 1179.8131  967.0955    36     7     6  6201    59
 272 1033.0883  967.6227    33     6     7  5750     3
 273  892.5580  967.7180    35     7     7  5286   234
 274 1196.2594  968.9345    36     7     6  6205   129
 275 1049.0291  969.3290    34     6     7  5888    23
 276  907.8795  969.4364    33     6     7  5315   165
 277 1213.0045  970.7936    35     6     7  6184    99
 278 1065.0578  971.0885    33     6     6  5951    15
 279  923.2171  971.1758    34     6     7  5426   214
 280 1229.7361  972.5000    33     6     7  4162   297
 281 1081.1264  972.9469    33     6     6  6029     4
 282  938.7064  973.0526    32     7     6  5447   141
 283 1097.2826  974.8288    35     7     7  6084    26
 284  954.1955  974.8902    31     6     6  5474   106
 285 1113.5489  976.5900    37     7     7  6182    11
 286  969.8370  976.7517    34     6     7  5605   137
 287  847.3797  978.2293    26     6     6  3062   425
 288 1129.8742  978.3188    34     6     7  6061    41
 289  985.4163  978.4865    36     7     7  5659    39
 290  862.3407  980.0390    31     6     6  4845   307
 291 1146.0953  980.1119    34     6     7  6098    64
 292 1001.0946  980.2164    34     6     7  5713    98
 293  877.3645  981.8936    33     7     6  5230   275
 294 1162.6163  982.0230    35     7     6  6085    40
 295 1016.9525  982.0653    32     6     6  5775    35
 296  892.6055  983.7157    33     7     7  5137   243
 297 1179.0669  983.8969    34     6     7  6117    51
 298 1032.8658  983.9734    33     6     6  5854    30
 299  907.8849  985.4781    33     6     7  5261   217
 300 1195.6647  985.6983    39     7     7  6377    96
 301 1048.7824  985.8246    35     7     7  5921     8
 302  923.1956  987.2721    34     6     7  5369   188
 303 1212.1648  987.4678    37     7     7  6229   143
 304 1064.7659  987.5661    37     7     7  6055     5
 305  938.6411  989.1078    33     7     6  5477   218
 306 1228.8015  989.1802    30     6     6  4014   370
 307 1080.8138  989.3130    35     7     7  6049     1
 308  954.0902  990.9836    32     6     6  5568   134
 309 1096.8909  991.1414    33     6     7  6017    13
 310  969.6684  992.8990    35     7     6  5622   115
 311 1113.0078  993.0250    33     6     6  6075    19
 312  847.5011  994.1185    26     5     6  3106   417
 313  985.2096  994.7442    33     6     7  5582   104
 314 1129.2137  994.9145    35     7     6  6102    50
 315  862.4642  995.9354    33     7     6  4886   335
 316 1000.9368  996.4908    35     6     7  5754    78
 317 1145.5987  996.8152    37     7     7  6177     9
 318  877.4679  997.7818    33     7     6  5138   281
 319 1016.7025  998.2617    35     7     7  5800    75
 320 1161.9910  998.6050    35     6     7  6094    66
 321  892.6573  999.6156    34     7     7  5153   277
 322 1032.5230 1000.1062    34     7     6  5791    22
 323 1178.3757 1000.4022    37     7     7  6218    86
 324  907.8939 1001.4148    33     6     7  5265   226
 325 1048.3661 1001.9992    34     7     6  5861    73
 326 1194.9293 1002.1801    35     6     7  6111   130
 327  923.1787 1003.2523    34     6     7  5366   228
 328 1064.2869 1003.9019    34     7     6  5937    32
 329 1211.4890 1004.0695    35     7     6  6033   182
 330  938.5759 1005.1161    34     7     6  5482   179
 331 1080.2906 1005.8171    34     7     7  5941    42
 332 1228.0320 1005.9067    32     6     6  4177   320
 333  953.9926 1007.0251    32     6     6  5565   175
 334 1096.3717 1007.6532    35     7     7  6007     2
 335  969.4812 1008.9314    34     7     6  5587   147
 336 1112.5722 1009.4199    37     7     7  6105    34
 337  847.6632 1009.7898    25     5     6  2972   444
 338  985.0820 1010.8280    32     6     6  5545   167
 339 1128.8039 1011.2414    35     7     7  6047    56
 340  862.6220 1011.7092    31     7     6  4624   337
 341 1000.7548 1012.6883    35     7     7  5573    54
 342 1144.9793 1013.1134    33     6     6  6008    76
 343  877.5757 1013.5820    33     7     7  5004   334
 344 1016.4042 1014.5246    35     7     7  5652   138
 345 1161.2802 1015.0093    35     7     6  6054   110
 346  892.7271 1015.4239    33     6     7  5080   315
 347 1032.1387 1016.3224    35     6     7  5777    37
 348 1177.8222 1016.9896    35     7     6  6107    48
 349  907.8992 1017.2568    30     6     6  5090   291
 350 1048.0123 1018.1613    34     6     7  5881    90
 351 1194.1421 1018.8835    35     7     7  6045   150
 352  923.1622 1019.1503    33     6     6  5336   298
 353 1063.9541 1020.0739    32     6     6  5892    53
 354 1210.8028 1020.7724    36     7     7  6117   148
 355  938.4978 1021.0701    33     7     6  5365   216
 356 1079.9527 1022.0107    32     6     6  5949    25
 357 1227.1582 1022.6463    33     6     7  4043   358
 358  953.8990 1022.9919    32     6     6  5477   213
 359 1095.9838 1023.9387    33     6     6  5974    12
 360  969.3278 1024.9112    32     7     6  5433   156
 361  847.7141 1025.5465    26     6     5  2935   463
 362 1112.0561 1025.8589    34     6     7  6021    33
 363  984.9176 1026.8535    33     6     6  5577   173
 364  862.7200 1027.3803    30     6     6  4523   359
 365 1128.1551 1027.7510    33     6     7  5921    65
 366 1000.4701 1028.7521    34     7     7  5512   108
 367  877.6675 1029.2578    32     7     6  4998   371
 368 1144.3799 1029.6241    35     7     7  5997    44
 369 1016.1247 1030.6318    34     6     7  5662   122
 370  892.7641 1031.1582    30     6     6  5037   300
 371 1160.7749 1031.4106    35     7     7  6013   121
 372 1031.9313 1032.4544    34     6     7  5732    63
 373  907.9077 1033.0964    32     6     6  5262   324
 374 1177.0247 1033.2985    35     6     7  6042   158
 375 1047.7464 1034.3017    35     7     7  5800    62
 376  923.1455 1035.0260    32     6     6  5326   219
 377 1193.5437 1035.1934    37     7     7  6133   192
 378 1063.6050 1036.1965    34     7     7  5795    82
 379  938.4180 1036.9602    33     7     6  5335   274
 380 1209.9397 1037.0833    34     6     7  5996   231
 381 1079.5201 1038.1117    34     7     6  5826    52
 382  953.8077 1038.9172    33     6     6  5420   193
 383 1226.4946 1039.0470    31     7     6  3965   385
 384 1095.5007 1040.0574    35     7     6  5880    91
 385  969.1916 1040.8405    30     6     6  5333   244
 386  847.9047 1041.0376    28     6     6  3100   460
 387 1111.5602 1042.0216    34     7     6  5872    46
 388  984.7193 1042.7884    35     7     7  5484   153
 389  862.8277 1043.0109    30     6     6  4677   405
 390 1127.7051 1043.9886    35     7     6  5958    57
 391 1000.2329 1044.7220    34     7     7  5538   155
 392  877.7403 1044.9653    32     6     6  5071   356
 393 1143.9225 1045.9229    33     6     6  5899    74
 394 1015.9346 1046.5905    34     6     7  5600   105
 395  892.8003 1046.9144    33     6     6  5190   347
 396 1160.0926 1047.8608    33     6     7  5938   109
 397 1031.6296 1048.4777    35     7     7  5646   132
 398  907.9433 1048.8621    33     6     6  5237   312
 399 1176.3700 1049.7810    35     7     7  5974   111
 400 1047.3311 1050.4001    36     7     7  5695   107
 401  923.1189 1050.8107    30     6     6  5147   319
 402 1192.8986 1051.6926    36     7     7  6042   119
 403 1063.1293 1052.2997    34     6     7  5733   145
 404  938.3519 1052.7749    32     7     6  5205   305
 405 1209.1616 1053.6159    34     7     7  5893   186
 406 1079.0371 1054.2202    34     6     7  5824    94
 407  953.6879 1054.7169    34     7     7  5245   256
 408 1225.7686 1055.4746    31     6     7  3914   269
 409 1095.0006 1056.1493    33     6     6  5833   144
 410  848.1130 1056.5456    24     6     5  2758   476
 411  969.0711 1056.6785    33     6     7  5376   210
 412 1111.0127 1058.1032    33     6     6  5869   120
 413  862.9514 1058.5897    31     6     7  4505   418
 414  984.5292 1058.6123    35     7     7  5375   199
 415 1127.0680 1060.0625    33     6     6  5858   177
 416 1000.0402 1060.5486    33     6     7  5460   183
 417  877.8144 1060.5511    31     6     7  4820   399
 418 1143.2060 1062.0106    34     7     6  5883   160
 419 1015.6720 1062.4735    35     7     7  5528   166
 420  892.8489 1062.5145    32     6     7  4910   377
 421 1159.4742 1064.0022    35     7     6  5900   157
 422 1031.2598 1064.4105    35     7     7  5551   162
 423  907.9180 1064.4520    32     6     7  4995   368
 424 1175.8542 1066.0075    34     7     6  5940   151
 425 1047.0044 1066.3509    34     6     7  5663   174
 426  923.0883 1066.4268    32     6     7  5042   353
 427 1192.0801 1067.9323    32     6     6  5884   215
 428 1062.8446 1068.2839    32     6     7  5602   172
 429  938.2782 1068.3996    31     6     7  4985   345
 430 1208.4701 1069.9231    34     7     6  5808   201
 431 1078.7079 1070.2293    35     7     7  5780   113
 432  953.5670 1070.3697    35     7     7  5227   292
 433 1224.9530 1071.8503    32     6     6  4055   450
 434  848.3732 1071.9776    24     5     6  2383   473
 435 1094.6113 1072.1846    34     7     7  5743   204
 436  968.9195 1072.3298    32     6     7  5226   299
 437  863.0661 1073.9641    28     6     6  3617   455
 438 1110.5874 1074.1663    33     7     6  5678   114
 439  984.3044 1074.3264    33     7     7  5209   265
 440  877.8985 1075.9435    30     6     6  4077   441
 441 1126.6468 1076.1479    33     7     6  5731   190
 442  999.8404 1076.2754    31     6     7  5272   249
 443  892.8700 1077.9733    30     6     6  4403   426
 444 1142.7723 1078.1447    32     7     6  5709   189
 445 1015.3525 1078.2701    33     7     7  5317   209
 446  907.9162 1080.0026    32     6     6  4841   400
 447 1158.8985 1080.1134    32     6     6  5808   200
 448 1030.9754 1080.2353    32     6     6  5468   250
 449  923.0364 1082.0236    32     6     6  5202   367
 450 1175.0598 1082.0755    33     6     6  5834   246
 451 1046.7245 1082.1999    33     7     6  5535   194
 452  938.2089 1084.0268    32     6     6  5235   355
 453 1191.4044 1084.0615    36     7     6  5921   236
 454 1062.4215 1084.1906    34     7     7  5507   239
 455  953.4378 1086.0342    33     7     6  5300   352
 456 1207.8150 1086.0973    34     7     6  5874   240
 457 1078.1763 1086.1640    33     6     6  5576   207
 458 1224.0506 1088.0096    32     6     6  3992   475
 459  968.7703 1088.0481    30     6     6  5233   326
 460 1094.0550 1088.1617    33     6     6  5652   224
 461  984.1135 1090.0380    32     6     6  5455   303
 462 1110.0119 1090.1568    33     6     6  5680   273
 463  999.5906 1092.0337    33     7     6  5435   254
 464 1126.0152 1092.1554    33     6     6  5687   211
 465 1015.0805 1094.0415    32     6     6  5576   296
 466 1142.0608 1094.1486    33     6     6  5660   247
 467 1030.7175 1096.0637    33     7     6  5567   233
 468 1158.1725 1096.1459    34     7     6  5721   264
 469 1046.2951 1098.0438    34     7     6  5600   253
 470 1174.4673 1098.1657    36     7     7  5802   221
 471  894.7944 1099.9416    12    10     2   831    -1
 472 1062.0240 1100.0576    32     6     6  5703   245
 473 1190.7912 1100.1699    34     7     7  5783   241
 474 1077.8474 1102.0819    32     6     6  5711   235
 475 1206.9504 1102.1618    34     6     7  5721   310
 476  923.6786 1103.2857    15     5     5  1478   478
 477 1093.6675 1104.0990    32     7     6  5630   248
 478 1223.2737 1104.1359    30     6     6  3692   474
 479 1109.5641 1106.0941    34     7     6  5723   255
 480 1125.5179 1108.0996    34     7     6  5666   272
 481 1141.5623 1110.1352    34     7     6  5694   280
 482 1157.6740 1112.1592    33     7     6  5638   278
 483 1173.8273 1114.1602    30     6     6  5282   308
 484 1189.9489 1116.1593    31     6     6  4934   383
 485 1206.1999 1118.1593    31     6     6  4432   381
 486 1222.5477 1120.2298    27     6     6  2838   471
 487 1147.4963 1132.9049    14     4     4  1236   477
 488 1166.8229 1134.4665     9     2     6   927   481
 489 1174.5538 1152.8538    10     2     9   630    -1
