487
   0 1260.8481  481.6329    57    17     5  3008   480
   1 1267.2069  502.9344   299    26    23 16939    -1
   2 1288.2931  509.5000    25     3    10  1308    -1
   3 1268.4516  611.0887   124     5    31  6324    -1
   4 1283.2077  612.8154   130     6    31  6630    -1
   5 1263.9630  690.8056   238     8    53 12224    -1
   6 1279.1667  691.0545   240     7    53 12321    -1
   7 1268.6818  733.0844     6     2     5   377    -1
   8 1033.5292  733.2226    10     3     4   774    -1
   9  970.2543  748.6487    20     5     5  1639   472
  10  983.7197  749.6604    22     5     5  2484   466
  11  997.4030  750.8890    26     5     6  3125   457
  12 1011.0419  752.1055    27     6     6  3345   455
  13 1024.6590  753.3148    28     6     6  3614   439
  14 1038.4862  754.4694    25     5     6  3572   429
  15 1052.3279  755.5965    27     6     6  3703   420
  16 1066.1116  756.8397    30     6     6  3964   390
  17 1080.0050  758.0822    29     6     6  3939   389
  18 1093.9234  759.2976    29     6     6  3930   405
  19 1107.8966  760.4944    28     6     7  3891   353
  20 1121.9167  761.6869    28     6     6  3958   252
  21  970.0859  762.9101    22     5     6  2095   470
  22 1136.0584  762.9114    30     6     6  4147   341
  23 1150.2541  764.1899    28     6     6  4064   351
  24  983.5832  764.2427    25     5     6  3162   454
  25  997.2002  765.3832    27     6     6  3558   447
  26 1164.4297  765.3936    28     6     6  4003   299
  27 1010.6838  766.5617    25     6     5  3454   428
  28 1178.5508  766.5887    27     5     6  3989   266
  29 1024.4869  767.7325    26     5     6  3584   426
  30 1192.7852  767.7968    29     6     6  4209   262
  31 1038.2035  769.0683    27     6     6  3650   427
  32 1207.2338  769.0893    30     6     6  4366   366
  33 1051.9293  770.2788    29     6     6  3733   396
  34 1221.4958  770.3031    27     5     6  4220   297
  35 1065.6570  771.5075    26     6     6  3574   377
  36 1235.8431  771.5284    29     6     7  4446   331
  37 1079.5803  772.6533    25     5     6  3605   373
  38 1250.3572  772.7299    29     6     6  4482   398
  39 1093.5266  773.9166    26     5     6  3741   344
  40 1264.7190  773.9881    29     6     6  4345   382
  41 1107.4810  775.2443    26     5     6  3725   312
  42 1279.4124  775.3327    26     6     6  4061   416
  43 1121.4979  776.4489    25     5     6  3616   245
  44 1293.9107  776.5436    25     6     5  3541   444
  45  969.9426  777.3883    21     5     5  2026   468
  46 1308.2475  777.5732    18     5     5  1597   469
  47 1135.5355  777.6259    26     5     6  3722   275
  48  983.4995  778.5226    23     5     5  3051   449
  49 1149.6050  778.8349    27     6     6  3846   235
  50  996.8792  779.7681    26     6     6  3523   415
  51 1163.7414  780.1630    29     6     6  4014   198
  52 1010.5182  781.0751    26     5     6  3604   431
  53 1178.0090  781.4080    28     6     6  3964   237
  54 1024.2476  782.3241    27     6     6  3624   419
  55 1192.3220  782.6030    29     6     6  3983   306
  56 1037.8071  783.5309    25     6     5  3516   400
  57 1206.5079  783.8868    26     5     6  3973   226
  58 1051.5829  784.7135    25     5     6  3601   363
  59 1220.7558  785.1513    29     6     6  4183   189
  60 1065.4271  786.0627    26     5     6  3701   361
  61 1235.2398  786.4173    27     6     6  4083   301
  62 1079.3030  787.3331    27     6     6  3716   355
  63 1249.5527  787.6224    28     6     6  4226   334
  64 1093.1567  788.5188    27     6     6  3695   332
  65 1264.0223  788.8675    30     6     6  4531   321
  66 1107.0112  789.7731    29     6     6  3870   247
  67 1278.5515  790.2095    28     6     6  4625   384
  68 1121.0384  791.0944    29     6     6  3898   322
  69 1293.1662  791.4265    28     6     6  4555   414
  70  969.7808  791.5886    22     5     5  2172   465
  71 1135.0941  792.3607    28     6     6  3876   283
  72 1307.6512  792.6115    22     5     5  2912   464
  73  983.2931  792.9623    25     6     6  3106   424
  74 1149.1719  793.5495    27     6     6  3816   160
  75  996.6515  794.2640    28     6     6  3625   409
  76 1163.3023  794.8428    29     6     6  4014   182
  77 1010.3626  795.4555    25     6     5  3477   410
  78 1177.4310  796.1669    26     5     6  3894   225
  79 1023.8518  796.6834    27     6     6  3624   380
  80 1191.5431  797.4493    25     5     6  3754   161
  81 1037.5542  797.9615    26     5     6  3662   348
  82 1205.7848  798.6458    27     6     6  3976   179
  83 1051.3422  799.3166    26     6     6  3644   317
  84 1220.1709  799.9567    29     6     6  4176   276
  85 1065.0413  800.5159    26     6     5  3626   310
  86 1234.4488  801.2880    25     5     6  3967   271
  87 1078.7730  801.7567    26     6     6  3692   202
  88 1248.7512  802.5072    27     6     6  4133   269
  89 1092.6227  803.0941    28     6     6  3844   255
  90 1263.3136  803.7453    29     6     6  4422   357
  91 1106.5362  804.4271    25     5     6  3651   151
  92 1277.6841  805.0514    29     6     6  4562   326
  93 1120.5316  805.5827    25     5     6  3656   172
  94  969.6285  805.9721    23     5     6  2154   462
  95 1292.3149  806.3532    28     6     6  4377   387
  96 1134.5307  806.8932    26     5     6  3843   209
  97  983.0997  807.3186    25     6     6  3086   438
  98 1306.6970  807.5666    24     6     5  2941   458
  99 1148.5283  808.2717    27     5     6  3856   138
 100  996.5085  808.5076    23     5     5  3391   395
 101 1162.5892  809.5147    25     6     5  3706   104
 102 1010.0065  809.7443    27     6     6  3569   383
 103 1176.7347  810.7390    28     6     6  3973   135
 104 1023.5899  811.0936    26     5     6  3613   372
 105 1190.9576  812.1079    29     6     6  4046   129
 106 1037.3568  812.4196    26     6     6  3576   314
 107 1205.2413  813.4020    27     6     6  3951   155
 108 1050.8983  813.6255    26     6     6  3602   278
 109 1219.4778  814.6135    26     5     6  3909   190
 110 1064.6301  814.9083    27     6     6  3748   287
 111 1233.6622  815.9401    28     6     6  4206   123
 112 1078.4533  816.3492    25     5     6  3650   256
 113 1248.1128  817.3093    28     6     6  4205   207
 114 1092.3594  817.5130    26     6     6  3676   193
 115 1262.4946  818.5542    25     5     6  4019   243
 116 1106.1609  818.8346    30     6     6  3939   136
 117 1276.8813  819.8181    28     6     6  4374   257
 118 1120.0979  820.2108    27     6     6  3812   103
 119  969.5748  820.2872    22     5     5  2129   467
 120 1291.4095  821.2189    26     5     6  4150   330
 121 1134.0437  821.4703    26     6     5  3794   115
 122  982.8255  821.4798    24     6     5  3031   407
 123 1305.9354  822.4565    26     6     5  2956   446
 124  996.3471  822.6788    26     6     6  3504   381
 125 1148.0030  822.7271    28     6     6  3897    74
 126 1009.7624  824.0676    29     6     6  3668   356
 127 1162.1488  824.1406    26     6     6  3840   108
 128 1176.2723  825.4324    27     6     6  3880   121
 129 1023.4207  825.4443    22     5     5  3382   365
 130 1036.9212  826.6436    26     6     6  3577   230
 131 1190.3998  826.6497    27     6     6  3895    90
 132 1050.5914  827.9819    26     5     6  3674   279
 133 1204.5093  828.0495    26     5     6  3977   114
 134 1064.3879  829.3956    25     6     6  3596   289
 135 1218.6530  829.4048    26     6     6  3895   163
 136 1078.0605  830.5951    27     6     6  3705   165
 137 1232.9748  830.6216    28     6     6  4113   109
 138 1091.7942  831.9140    26     6     6  3730    92
 139 1247.3650  831.9914    28     6     6  4186   250
 140 1261.6165  833.3542    27     6     6  4080   215
 141 1105.6055  833.3567    26     6     6  3708   133
 142  969.3716  834.4451    22     5     5  2175   448
 143 1119.5412  834.5483    25     5     6  3653    75
 144 1276.1491  834.5867    28     6     6  4250   270
 145  982.6479  835.5627    22     5     5  3013   385
 146 1133.5166  835.8851    26     5     6  3832    39
 147 1290.5058  835.9046    26     5     6  4036   402
 148  996.0935  836.9861    27     6     6  3547   307
 149 1305.1811  837.3088    23     6     5  2583   442
 150 1147.4715  837.3414    25     5     6  3740    80
 151 1009.5320  838.3738    25     5     6  3500   311
 152 1161.5212  838.5469    25     5     6  3703    44
 153 1023.1242  839.5660    26     6     5  3511   259
 154 1175.5691  839.8973    26     5     6  3920   101
 155 1036.6308  840.8938    25     5     6  3589   154
 156 1189.6186  841.3237    28     6     6  3947    55
 157 1050.3624  842.3727    26     6     6  3633   288
 158 1203.7732  842.5687    27     6     6  3927    73
 159 1063.9095  843.5858    26     6     6  3620   126
 160 1218.0341  843.9083    30     6     6  4140   188
 161 1077.6215  844.9235    26     5     6  3711   157
 162 1232.3415  845.3161    28     6     6  4037   131
 163 1091.4445  846.4007    25     5     6  3666   150
 164 1246.5319  846.5856    25     5     6  3820   205
 165 1105.3174  847.5835    26     6     6  3682    83
 166 1260.8445  847.9212    29     6     6  4147   210
 167  969.1586  848.4829    21     5     5  2043   460
 168 1119.1122  849.0308    27     6     6  3784   122
 169 1275.3628  849.3485    28     6     6  4112   260
 170  982.5304  849.6435    23     5     6  3025   374
 171 1133.0297  850.3847    28     6     6  3845    91
 172 1289.5783  850.5731    26     6     6  3802   375
 173  995.8484  851.1234    27     6     6  3517   316
 174 1146.9069  851.6599    27     6     6  3827    35
 175 1304.2330  852.0025    24     5     6  2601   445
 176 1009.4065  852.4564    23     6     5  3396   303
 177 1160.9391  853.0398    29     6     6  3964     4
 178 1022.7716  853.7334    26     6     6  3575   146
 179 1174.9925  854.4383    27     6     6  3894    40
 180 1036.4022  855.2303    25     5     6  3582   223
 181 1189.0552  855.7145    28     6     6  3927    23
 182 1049.9194  856.5096    26     6     5  3582   152
 183 1203.2535  857.1698    27     6     6  3930    36
 184 1063.5699  857.7950    25     5     6  3626    78
 185 1217.4161  858.4783    25     6     5  3742   130
 186 1077.3422  859.3012    26     6     6  3689   102
 187 1231.5452  859.7752    26     5     6  3909    62
 188 1090.9874  860.5601    26     6     5  3645    45
 189 1245.7569  861.2343    29     6     6  4039   191
 190 1104.7197  861.8939    27     6     6  3772     9
 191  969.0195  862.4789    19     4     5  1899   418
 192 1260.1710  862.5192    27     6     6  3958   186
 193 1118.5477  863.4037    25     5     6  3617    11
 194  982.3739  863.7450    24     5     6  3008   342
 195 1274.4985  863.9038    26     5     6  3977   239
 196 1132.5212  864.6052    25     5     6  3655     6
 197  995.5960  865.2697    26     5     6  3488   200
 198 1288.8346  865.3335    28     6     6  3845   309
 199 1146.4392  866.0978    26     5     6  3801    32
 200 1303.3984  866.5060    22     5     5  2438   434
 201 1009.1163  866.5298    26     6     5  3484   199
 202 1160.4504  867.4558    25     6     5  3671    25
 203 1022.5486  867.8688    25     5     6  3533   232
 204 1174.4512  868.7394    28     6     6  3898    14
 205 1036.1130  869.3474    27     6     6  3598   206
 206 1188.4507  870.2619    26     5     6  3837    63
 207 1049.5837  870.5673    23     5     6  3467   120
 208 1202.5140  871.5280    25     5     6  3682    15
 209 1063.2736  872.1040    26     6     6  3628   107
 210 1216.6027  872.9097    27     6     6  3920    82
 211 1076.8300  873.4718    25     6     5  3553    37
 212 1230.7653  874.3864    29     6     6  3949    46
 213 1090.5653  874.7306    25     5     6  3639    33
 214 1245.0577  875.6559    28     6     6  3946   111
 215 1104.3894  876.2938    25     5     6  3646    61
 216  968.9073  876.4099    20     5     5  1955   437
 217 1259.3933  877.1441    28     6     6  3968   137
 218 1118.1922  877.5299    25     6     5  3560     2
 219  982.1772  877.7309    23     6     6  2891   333
 220 1273.6041  878.4980    25     6     5  3718   231
 221 1131.9662  878.9056    26     6     6  3561    22
 222  995.4669  879.2974    25     5     6  3456   197
 223 1288.0109  879.8160    28     6     6  3745   302
 224 1145.8181  880.4189    27     6     6  3717     0
 225 1008.7672  880.5496    25     6     5  3447   212
 226 1302.3737  881.4307    24     5     6  2498   408
 227 1159.7316  881.7007    27     6     6  3811     3
 228 1022.3266  881.9980    26     6     6  3515    87
 229 1173.7181  883.1897    29     6     6  3944    12
 230 1035.6947  883.4365    25     6     5  3469   113
 231 1187.7083  884.5417    25     6     5  3718    29
 232 1049.3636  884.6808    26     6     6  3551    60
 233 1201.8037  885.9094    27     6     6  3849    18
 234 1131.5758  886.1301    33     6     6  4394    19
 235 1062.8444  886.2356    28     6     6  3639    95
 236 1215.9609  887.4110    27     6     6  3843    42
 237 1076.5142  887.5151    23     5     5  3473    65
 238 1230.1413  888.7088    29     6     6  3931    81
 239 1090.1991  889.0133    26     6     6  3626    54
 240 1244.3769  890.2422    27     6     6  3836    88
 241  968.7691  890.3729    19     5     5  1957   441
 242 1103.8341  890.4409    26     6     5  3602    24
 243 1258.5234  891.5414    26     5     6  3689   125
 244  981.9663  891.6753    24     6     5  2963   315
 245 1117.6035  891.6977    25     5     6  3597     1
 246 1272.8186  892.9514    28     6     6  3892   184
 247  995.2890  893.2419    26     6     6  3466   218
 248 1131.4526  893.3673    23     5     6  3388    10
 249 1137.6587  893.8275    15     5     5  2054    17
 250 1287.2543  894.4202    25     6     5  3493   281
 251 1008.5585  894.5268    23     5     5  3391   185
 252 1145.4421  894.5344    24     5     5  3497     5
 253 1301.5016  895.6074    23     5     6  2426   440
 254 1021.9898  895.9573    27     6     6  3506   177
 255 1159.3043  896.0779    28     6     6  3847     7
 256 1173.2859  897.4486    25     6     5  3683    48
 257 1035.4779  897.4536    23     5     5  3411   145
 258 1048.9247  898.7499    26     6     6  3525    93
 259 1187.2355  898.8224    29     6     6  3919    58
 260 1062.5018  900.3277    25     5     6  3525    68
 261 1201.2821  900.3401    27     6     6  3814    38
 262 1076.1330  901.5919    27     6     6  3571    41
 263 1215.3688  901.6287    26     6     6  3709    51
 264 1089.6743  903.0863    27     6     6  3634    77
 265 1229.4304  903.2056    26     5     6  3773    50
 266  968.6837  904.2952    19     5     5  1946   403
 267 1103.4805  904.4839    23     5     5  3454    21
 268 1243.5427  904.5328    24     5     5  3544   128
 269  981.7109  905.5664    22     5     5  2921   248
 270 1117.2110  905.9288    29     6     6  3696    26
 271 1257.7227  905.9417    28     6     6  3861   164
 272  995.0277  907.0783    26     6     6  3394   217
 273 1130.9752  907.4141    26     6     5  3558     8
 274 1272.1327  907.4442    26     6     5  3753   171
 275 1008.4153  908.4767    22     5     5  3285   178
 276 1144.7238  908.7225    26     6     6  3628    49
 277 1286.3854  908.7572    27     6     6  3558   284
 278 1021.6805  909.8478    25     6     6  3444   219
 279 1158.6096  910.3167    26     6     6  3618    13
 280 1300.5866  910.3192    22     5     5  2278   423
 281 1035.2298  911.4083    25     6     5  3441   112
 282 1172.5589  911.5800    24     5     6  3575    69
 283 1048.5879  912.6856    24     5     6  3441   132
 284 1186.5271  913.1571    26     5     6  3732    57
 285 1062.2129  914.3101    26     6     6  3533    27
 286 1200.5313  914.5283    23     5     5  3485    59
 287 1075.6280  915.5880    23     6     5  3400    86
 288 1214.5605  915.9853    26     5     6  3748   124
 289 1089.3666  917.2009    25     5     6  3537    20
 290 1228.6044  917.4953    25     6     5  3596    97
 291  968.4463  917.9545    21     5     6  1963   411
 292 1102.9533  918.5464    26     6     5  3539    64
 293 1242.7586  918.8206    27     6     6  3767   116
 294  981.5805  919.4686    23     5     5  2964   304
 295 1116.6474  919.9821    27     6     6  3636    31
 296 1257.0558  920.3797    28     6     6  3802   127
 297  994.7538  920.8254    26     6     6  3408   169
 298 1130.4799  921.4773    23     5     5  3437    28
 299 1271.3407  921.7010    28     6     6  3748   267
 300 1008.1637  922.3852    24     6     5  3317   162
 301 1144.3360  922.8934    27     6     6  3691    16
 302 1285.4495  923.3060    25     5     6  3389   242
 303 1021.4686  923.6817    24     5     6  3363   139
 304 1158.1790  924.4089    25     6     5  3599    52
 305 1299.6516  924.6128    23     6     5  2311   451
 306 1034.8102  925.3373    26     6     6  3402   180
 307 1171.9613  925.7811    27     6     6  3691    94
 308 1048.3728  926.6175    26     6     6  3462   105
 309 1185.9162  927.3530    27     6     6  3690    96
 310 1061.7355  928.2455    27     6     6  3499   118
 311 1199.8233  928.6994    27     6     6  3732   134
 312 1075.4134  929.5632    24     5     5  3383    71
 313 1213.8947  930.2648    28     6     6  3764    56
 314 1088.9079  931.1299    26     6     6  3467    70
 315 1227.9305  931.6255    28     6     6  3774   110
 316  968.2604  931.6523    19     5     5  1889   443
 317 1102.5266  932.5244    23     5     5  3403    30
 318 1242.1447  933.1928    26     6     6  3670   158
 319  981.4510  933.3183    22     5     5  2834   368
 320 1116.2759  934.0965    27     6     6  3608    67
 321 1256.3300  934.5336    25     6     5  3544   176
 322  994.5466  934.5824    22     5     5  3225   216
 323 1129.9203  935.5053    26     6     5  3565    53
 324 1270.4690  936.1351    26     5     6  3684   268
 325 1007.8449  936.1963    26     6     6  3312   214
 326 1143.6686  936.9284    26     6     6  3590    72
 327 1284.5510  937.5284    24     6     5  3277   376
 328 1021.2537  937.5670    24     6     5  3275   153
 329 1157.5070  938.4991    24     5     5  3473    79
 330 1298.9768  939.0096    24     6     6  2299   435
 331 1034.5394  939.1673    25     5     6  3408   234
 332 1171.4475  939.8951    26     5     6  3641    85
 333 1047.9502  940.5501    25     6     5  3367   159
 334 1185.4201  941.4485    24     6     5  3491    34
 335 1061.4586  942.1084    25     5     6  3423   156
 336 1199.3281  942.8576    27     6     6  3671    84
 337 1074.8865  943.5301    25     6     5  3408    99
 338 1213.3323  944.4273    25     6     5  3587    89
 339 1088.4936  945.0609    26     5     6  3500    47
 340  968.0356  945.4740    20     5     5  1885   453
 341 1227.3395  945.8085    29     6     6  3787   149
 342 1102.1552  946.5157    25     6     5  3422    76
 343  981.2431  946.8340    22     5     6  2696   394
 344 1241.4282  947.4141    23     5     6  3433   147
 345 1115.6961  947.9781    27     6     6  3563    98
 346  994.4183  948.4458    22     5     5  3205   282
 347 1255.5103  948.7385    25     5     6  3573   290
 348 1129.4901  949.4883    23     5     5  3378   106
 349 1007.5915  949.8025    25     5     6  3316   272
 350 1269.5784  950.4073    26     6     6  3545   285
 351 1143.2452  951.0092    27     6     6  3571    43
 352 1020.8766  951.4149    25     6     5  3284   213
 353 1283.7548  951.7404    26     6     6  3380   369
 354 1156.9856  952.4778    26     6     5  3557   181
 355 1034.3039  952.8203    26     6     6  3345   203
 356 1298.2195  953.3290    22     5     5  2205   413
 357 1170.7641  953.9291    27     6     6  3622   183
 358 1047.5753  954.4413    24     5     5  3312   229
 359 1184.5927  955.5146    24     6     5  3454   175
 360 1061.0767  955.8463    25     6     6  3303   196
 361 1198.5714  956.9500    26     5     6  3640   143
 362 1074.5149  957.4526    23     5     5  3301   204
 363 1212.5212  958.5031    24     5     5  3463   117
 364 1088.0819  958.8671    25     6     6  3350   168
 365  968.0086  959.0837    17     4     5  1662   463
 366 1226.5452  959.9588    26     5     6  3643   227
 367 1101.5766  960.4642    24     5     5  3353   222
 368  981.0431  960.5388    24     6     5  2800   401
 369 1240.5496  961.5155    24     5     5  3456   241
 370 1115.3457  961.8716    27     6     6  3495   100
 371  994.1918  962.0802    26     6     6  3263   296
 372 1254.6566  962.9645    28     6     6  3699   305
 373 1128.9340  963.4475    26     6     5  3473   170
 374 1007.4304  963.5353    23     5     5  3220   253
 375 1268.7899  964.5171    26     6     5  3580   291
 376 1142.6203  964.8671    25     5     6  3462   211
 377 1020.6111  965.1449    25     5     6  3275   274
 378 1283.0175  966.0081    26     6     6  3325   320
 379 1156.4660  966.4619    23     5     5  3356   119
 380 1033.9256  966.5739    25     6     5  3306   249
 381 1297.3734  967.4611    22     5     5  2206   425
 382 1170.2848  967.9676    27     6     6  3557   140
 383 1047.3643  968.2085    24     5     6  3286   228
 384 1184.1205  969.4765    26     6     5  3553    66
 385 1060.6293  969.5810    22     5     5  3235   187
 386 1197.9271  970.9770    26     6     6  3522   194
 387 1074.2253  971.2663    26     6     6  3422   201
 388  967.8525  972.5079    21     5     5  1935   452
 389 1211.7910  972.5206    25     6     5  3532   195
 390 1087.6011  972.6001    22     5     5  3267   258
 391 1225.8206  974.0258    27     6     6  3596   286
 392  980.8199  974.2081    22     6     6  2635   422
 393 1101.2932  974.3303    26     6     6  3457   144
 394 1239.7895  975.5491    25     6     5  3533   325
 395  993.9186  975.6113    24     6     5  3159   367
 396 1114.7276  975.6767    26     6     6  3462   166
 397 1253.9505  977.1249    26     6     6  3513   167
 398 1007.1667  977.2778    25     6     6  3239   336
 399 1128.4666  977.4076    24     5     6  3385   142
 400 1268.1068  978.5599    26     6     5  3538   292
 401 1020.4178  978.6339    23     5     5  3182   318
 402 1142.1745  978.7368    28     6     6  3520   264
 403 1282.2365  980.2173    26     6     6  3281   346
 404 1033.5869  980.3738    24     5     5  3237   347
 405 1155.8005  980.4141    25     6     5  3393   148
 406 1296.4180  981.4880    21     5     5  2136   456
 407 1046.9766  981.7510    26     6     6  3312   345
 408 1169.6004  981.8008    25     5     6  3481   246
 409 1060.4171  983.4449    22     5     5  3223   221
 410 1183.4660  983.4619    22     5     5  3304   220
 411 1073.7067  984.8583    25     6     6  3321   280
 412 1197.3697  984.9573    27     6     6  3576   224
 413  967.6651  986.1475    19     5     5  1804   461
 414 1087.3542  986.4730    24     6     5  3312   141
 415 1211.3160  986.4946    25     6     5  3484   236
 416  980.6098  987.6056    22     5     5  2767   421
 417 1100.7074  987.9859    26     6     6  3393   238
 418 1225.2105  988.0835    26     6     6  3545   240
 419  993.6728  989.3099    24     5     6  3110   404
 420 1114.4228  989.5089    23     5     5  3274   254
 421 1239.2190  989.5390    26     6     5  3528   208
 422 1006.8408  990.6827    24     6     5  3154   378
 423 1127.9553  991.1039    25     6     6  3343   192
 424 1253.2648  991.2052    26     6     6  3532   244
 425 1020.1107  992.3849    24     6     5  3173   358
 426 1141.5569  992.5532    22     5     5  3279   295
 427 1267.3713  992.5828    26     6     6  3437   371
 428 1033.3739  993.8561    25     5     6  3224   360
 429 1155.3812  994.2960    24     5     6  3381   173
 430 1281.3811  994.3475    24     5     6  3135   261
 431 1046.5821  995.4898    22     5     5  3158   388
 432 1295.4780  995.5798    22     5     5  2190   475
 433 1169.0493  995.6775    26     6     6  3441   233
 434 1059.9843  997.0350    24     6     6  3174   349
 435 1182.7529  997.3780    25     6     6  3397   263
 436 1073.4341  998.5563    24     5     5  3278   319
 437 1196.6121  998.7604    25     5     6  3481   329
 438  967.3958  999.5618    19     5     5  1516   471
 439 1086.7753 1000.2282    25     6     6  3255   300
 440 1210.4954 1000.4808    24     5     5  3386   174
 441  980.5120 1001.0878    21     5     5  2052   459
 442 1100.3961 1001.6507    24     5     6  3270   294
 443 1224.4753 1001.9558    26     5     6  3529   298
 444  993.4523 1002.5989    22     5     5  2546   450
 445 1113.7900 1003.3768    24     6     5  3245   323
 446 1238.4782 1003.4842    24     5     5  3353   324
 447 1006.6270 1004.3573    21     5     5  2648   430
 448 1127.4591 1004.7574    25     5     6  3352   293
 449 1252.4523 1005.1872    25     5     6  3453   339
 450 1019.7657 1005.8059    24     5     6  2939   412
 451 1141.1295 1006.4464    25     6     5  3358   251
 452 1266.5260 1006.5714    24     5     6  3316   392
 453 1033.0368 1007.4617    25     6     5  3180   397
 454 1154.6830 1007.9619    26     6     6  3415   343
 455 1280.4792 1008.3381    24     5     6  3072   379
 456 1046.3450 1009.0471    25     5     6  3237   370
 457 1168.5009 1009.5107    23     5     5  3304   313
 458 1294.5518 1009.6499    22     5     5  2161   474
 459 1059.5657 1010.5440    22     5     5  3215   399
 460 1182.2979 1011.2142    26     6     6  3452   273
 461 1072.9761 1012.2607    25     6     6  3260   364
 462 1195.9974 1012.6553    26     6     6  3425   328
 463 1086.4311 1013.6704    24     5     6  3289   391
 464 1209.7871 1014.3627    26     6     6  3397   327
 465 1099.7846 1015.3942    24     6     5  3252   350
 466 1223.6746 1015.7767    26     6     6  3436   406
 467 1113.4137 1016.9123    26     5     6  3386   308
 468 1237.5871 1017.4971    24     6     5  3301   386
 469 1126.8778 1018.5095    25     6     5  3357   352
 470 1251.6212 1019.0208    26     5     6  3395   338
 471 1140.5382 1020.1927    25     5     6  3372   277
 472 1265.5841 1020.5662    24     6     5  3268   393
 473 1154.2560 1021.6108    24     6     5  3294   362
 474 1279.6264 1022.2899    25     6     6  3006   417
 475 1167.8003 1023.3557    26     6     6  3421   265
 476 1293.6907 1023.6948    22     5     5  2070   473
 477 1181.5685 1024.8031    25     5     6  3424   335
 478 1033.2807 1025.8755     8     3     3   669    -1
 479 1195.4461 1026.4700    23     5     5  3320   354
 480 1209.2475 1028.1000    26     6     6  3415   337
 481 1223.0647 1029.6096    26     6     5  3416   359
 482 1236.9304 1031.3080    27     6     6  3334   340
 483 1250.8485 1032.7583    26     6     6  3085   436
 484 1264.7843 1034.4206    24     6     5  2762   432
 485 1278.8010 1036.0599    22     6     6  2193   433
 486 1292.9635 1037.5651    20     6     5  1507   476
