484
   0 1314.0425  490.9739   204    56     7 10812    -1
   1 1324.9730  511.7391   484    61    27 27420    -1
   2 1347.0308  518.7432    70     5    19  3792    -1
   3 1328.0000  608.0000    16     4     4   816    -1
   4 1326.6735  630.9184    98     6    24  4998    -1
   5 1340.3023  631.5116    86     5    23  4386    -1
   6 1122.0500  710.6143     6     2     3   440   468
   7 1066.0391  724.1307    15     4     4  1121   462
   8 1077.9417  725.1133    16     4     4  1581   458
   9 1089.9385  726.1608    18     4     5  2038   445
  10 1101.9686  727.1822    18     4     5  2206   429
  11 1114.0072  728.1816    19     5     5  2401   418
  12 1126.0918  729.1866    20     5     5  2602   399
  13 1138.2433  730.1837    22     5     5  2779   388
  14 1150.4464  731.2362    22     5     5  2874   406
  15 1162.6923  732.2606    22     5     5  2842   398
  16 1174.9102  733.2917    20     5     5  2704    -1
  17 1187.1821  734.3436    22     5     5  2890    -1
  18 1199.5444  735.3721    21     5     5  2966    -1
  19 1211.8979  736.4071    22     5     5  2897   321
  20 1065.8308  736.8951    16     5     5  1453   460
  21 1224.3054  737.4595    22     5     5  3053   314
  22 1077.6021  737.8395    20     5     5  2234   440
  23 1236.7432  738.4638    22     5     5  3061   333
  24 1089.5032  738.7905    22     5     5  2687   400
  25 1249.2070  739.5253    22     5     5  3073   277
  26 1101.5461  739.8111    22     5     5  2704   382
  27 1261.7092  740.5465    22     5     5  3165   335
  28 1113.6169  740.8495    22     5     5  2691   407
  29 1274.2445  741.5916    22     5     5  3186   258
  30 1125.7144  741.8899    22     5     5  2667   393
  31 1286.7849  742.6087    22     5     5  3262   326
  32 1137.8286  742.9349    22     5     6  2652   392
  33 1299.3885  743.6595    22     5     5  3351   280
  34 1149.9698  743.9614    21     5     6  2604   378
  35 1311.9968  744.7108    22     6     5  3149   411
  36 1162.1534  745.0142    22     5     6  2687   383
  37 1324.6687  745.7885    22     5     5  3121   309
  38 1174.3845  746.0506    21     5     6  2652   349
  39 1337.3702  746.8588    21     5     5  2976   412
  40 1186.6967  747.1590    21     5     6  2692   368
  41 1350.0887  747.9478    18     4     5  2298   454
  42 1198.9605  748.2079    21     6     5  2659    -1
  43 1362.6391  748.4941    12     4     4   938   461
  44 1065.1989  749.2559    17     5     5  1481   452
  45 1211.3193  749.2601    22     5     5  2838   377
  46 1223.7250  750.2778    22     5     5  2833   372
  47 1077.1495  750.4468    19     5     5  2154   415
  48 1236.0784  751.3805    20     5     5  2741   322
  49 1089.0837  751.4786    21     5     5  2592   409
  50 1248.5484  752.4243    21     5     5  2993   358
  51 1101.0962  752.5141    21     5     5  2610   359
  52 1261.0309  753.4694    22     6     5  2899    -1
  53 1113.1433  753.5821    21     5     5  2634   363
  54 1273.5225  754.5240    21     5     5  3094   259
  55 1125.1878  754.6241    20     5     5  2611   361
  56 1286.0774  755.5479    22     5     5  3019   367
  57 1137.2828  755.6891    20     5     5  2639   346
  58 1298.6130  756.6220    22     5     5  3215   263
  59 1149.4525  756.7387    21     5     5  2713   360
  60 1311.2400  757.7120    22     5     5  3204   301
  61 1161.6597  757.8125    22     5     5  2716   315
  62 1323.8967  758.7818    20     5     5  3140   385
  63 1173.9133  758.8551    20     5     5  2546   443
  64 1336.6162  759.8693    23     5     6  3533   342
  65 1186.0931  759.9114    21     5     6  2613   428
  66 1349.2931  760.9321    21     5     6  3133   380
  67 1198.3793  760.9959    22     5     6  2691   441
  68 1065.0563  761.9311    16     4     4  1431   449
  69 1362.0746  761.9608    16     4     4  1987   457
  70 1210.7363  762.1234    21     5     6  2654   434
  71 1076.9471  763.0323    16     4     4  1916   417
  72 1223.0401  763.1984    19     5     5  2548   433
  73 1088.8002  764.0949    21     5     6  2509   389
  74 1235.4802  764.2691    22     5     5  2871   431
  75 1100.7831  765.1660    20     5     5  2494   381
  76 1247.8724  765.3234    20     5     5  2716   423
  77 1112.7853  766.2205    20     5     5  2542   339
  78 1260.3237  766.4260    22     5     5  2978   438
  79 1124.8472  767.3040    20     5     5  2561   307
  80 1272.8120  767.4699    22     5     5  2959    -1
  81 1136.9121  768.3680    20     5     5  2553   336
  82 1285.3140  768.5510    21     5     5  3050   446
  83 1148.9946  769.4488    20     5     5  2563   327
  84 1297.8857  769.6267    22     5     5  3034    -1
  85 1161.1089  770.5278    21     5     5  2666   305
  86 1310.4496  770.6929    21     5     5  3175   355
  87 1173.2971  771.6194    21     5     5  2750   260
  88 1323.0786  771.7710    20     5     5  3055    -1
  89 1185.5459  772.6817    21     5     5  2751   330
  90 1335.7719  772.8697    23     5     6  3338   329
  91 1197.8610  773.7687    21     5     5  2643   436
  92 1348.4640  773.9310    22     5     6  3070   408
  93 1064.9080  774.5092    17     4     5  1502   456
  94 1210.1077  774.8251    20     5     5  2578   338
  95 1361.1190  774.9735    17     5     4  1984   425
  96 1076.5775  775.5555    21     5     5  2276   384
  97 1222.4335  775.9452    23     5     6  2774   286
  98 1088.3665  776.6602    21     5     5  2623   348
  99 1234.8202  777.0847    21     5     6  2680   439
 100 1100.3090  777.7592    19     5     5  2505   344
 101 1247.1896  778.1376    20     5     5  2675   255
 102 1112.3131  778.8144    19     5     5  2496   319
 103 1259.6458  779.2685    22     5     5  2897   424
 104 1124.3395  779.8737    19     5     5  2470   254
 105 1272.0678  780.3540    21     5     5  2804   419
 106 1136.4211  780.9808    21     5     6  2583   231
 107 1284.5914  781.4338    21     5     5  3074   285
 108 1148.5403  782.0917    22     5     6  2665   253
 109 1297.1163  782.5238    22     5     5  3034   421
 110 1160.6771  783.1972    19     5     5  2542   246
 111 1309.6762  783.6102    22     5     5  3188   448
 112 1172.8342  784.3125    20     5     5  2589   203
 113 1322.2697  784.7124    22     5     5  3223   340
 114 1185.0061  785.4258    20     5     5  2563   237
 115 1334.9252  785.7959    20     5     5  3112    -1
 116 1197.2016  786.5182    22     5     5  2752   220
 117 1347.6048  786.9305    21     5     6  2920    -1
 118 1064.2975  786.9953    15     5     4  1382   437
 119 1209.5188  787.6008    21     5     5  2806   239
 120 1360.3223  787.9946    18     5     4  2020   426
 121 1076.1800  788.0009    18     5     5  2000   395
 122 1221.8781  788.6872    21     5     5  2679   215
 123 1088.0219  789.1527    19     5     5  2387   323
 124 1234.1520  789.7941    20     5     5  2632   241
 125 1099.9681  790.2714    18     4     5  2374   318
 126 1246.5384  790.9450    21     5     6  2715   244
 127 1111.9497  791.3774    19     5     5  2451   300
 128 1258.9414  792.0736    22     5     6  2765   272
 129 1123.9588  792.4691    19     5     5  2504   264
 130 1271.3920  793.1771    22     5     5  2887   271
 131 1135.9935  793.5532    20     5     5  2542   226
 132 1283.8538  794.2817    20     5     5  2823   252
 133 1148.0431  794.6824    19     5     5  2480   190
 134 1296.3610  795.4031    22     5     5  3122   250
 135 1160.1247  795.7847    20     5     5  2556   143
 136 1308.8799  796.4929    21     5     5  3019   293
 137 1172.2545  796.8929    21     5     6  2590   169
 138 1321.4732  797.5959    21     5     5  3251   287
 139 1184.4426  798.0402    21     5     6  2618   186
 140 1334.1233  798.7263    21     5     5  3131   353
 141 1196.6919  799.1849    20     5     5  2574   185
 142 1064.0628  799.3479    16     4     5  1477   430
 143 1346.7586  799.8475    20     5     5  2810   387
 144 1208.9262  800.2965    20     5     5  2558   176
 145 1075.9908  800.4992    18     5     5  2098   396
 146 1359.4471  800.9858    16     5     4  1858   442
 147 1221.1643  801.4432    22     5     5  2756   174
 148 1087.7324  801.6172    21     5     5  2595   222
 149 1233.5248  802.5413    21     5     5  2867   216
 150 1099.5982  802.7692    22     5     5  2638   196
 151 1245.9143  803.6373    20     5     5  2675   251
 152 1111.5073  803.8859    21     5     5  2566   198
 153 1258.2323  804.7637    20     5     5  2733   208
 154 1123.4987  804.9810    20     5     6  2503   200
 155 1270.6759  805.9178    22     5     6  2828   238
 156 1135.5350  806.1013    20     5     5  2545   165
 157 1283.1160  807.0419    22     5     6  2855   225
 158 1147.5881  807.2115    21     5     5  2662   187
 159 1295.6060  808.2032    22     5     5  2987   274
 160 1159.6811  808.3636    21     5     5  2729   170
 161 1308.0863  809.3338    21     5     5  2933   267
 162 1171.8111  809.4921    21     5     5  2702   155
 163 1320.6884  810.4450    21     5     5  3179   302
 164 1183.9581  810.6310    20     5     5  2565   172
 165 1333.2947  811.5652    21     5     5  3213   337
 166 1196.0836  811.7692    20     5     5  2549   100
 167 1063.9154  811.8924    15     4     5  1359   427
 168 1345.9148  812.6929    20     5     5  2726   373
 169 1208.3022  812.9020    21     5     6  2612   141
 170 1075.5194  812.9758    18     5     5  2035   375
 171 1358.5691  813.9465    18     5     5  1928   455
 172 1087.2769  814.0159    19     5     5  2398   204
 173 1220.5982  814.0809    22     5     6  2689   173
 174 1099.1337  815.1509    20     5     5  2455   120
 175 1232.8932  815.2325    20     5     5  2615   161
 176 1111.0570  816.3364    20     5     5  2510    99
 177 1245.1766  816.3862    22     5     5  2813   146
 178 1257.5693  817.4792    21     5     5  2925   206
 179 1123.0234  817.4844    20     5     5  2538    95
 180 1135.0529  818.5967    20     5     5  2541   103
 181 1269.9782  818.6321    20     5     5  2696   181
 182 1147.0499  819.7393    19     5     5  2463   105
 183 1282.3729  819.7803    22     5     5  2909   157
 184 1159.1078  820.9008    20     5     5  2522    72
 185 1294.8392  820.9228    21     5     6  2819   175
 186 1171.1915  822.0333    19     5     5  2467    69
 187 1307.3275  822.0617    22     5     6  2932   201
 188 1183.3428  823.1812    22     5     5  2678    91
 189 1319.8735  823.2370    20     5     5  2909   273
 190 1063.3463  824.0024    15     5     4  1381   366
 191 1195.5303  824.3545    21     5     5  2768    88
 192 1332.4644  824.3882    21     5     5  3215   294
 193 1075.1139  825.2381    19     5     5  2061   217
 194 1207.7635  825.4904    21     5     5  2720   112
 195 1345.0494  825.5114    20     5     5  2669   405
 196 1086.9679  826.4270    18     4     5  2394   179
 197 1219.9875  826.6527    20     5     5  2559   149
 198 1357.8168  826.6781    18     5     5  1888   435
 199 1098.8958  827.5675    20     5     5  2526   151
 200 1232.2254  827.8138    20     5     5  2606   121
 201 1110.7545  828.7789    22     5     5  2613   128
 202 1244.5352  828.9888    21     5     6  2697   104
 203 1122.6524  829.9478    20     5     5  2503    86
 204 1256.8902  830.1669    20     5     5  2648    97
 205 1134.6261  831.0687    18     5     5  2407    62
 206 1269.2175  831.3283    22     5     5  2859   137
 207 1146.6299  832.1930    19     5     5  2543    37
 208 1281.6640  832.4733    21     5     5  2958   145
 209 1158.6707  833.3637    21     5     5  2737    43
 210 1294.0763  833.6332    20     5     5  2749   192
 211 1170.7326  834.5364    21     5     5  2727    57
 212 1306.5339  834.7936    22     5     5  2987   214
 213 1182.8593  835.7370    21     5     5  2603    60
 214 1319.0705  835.9373    21     5     6  2859   270
 215 1063.0795  836.3470    16     4     5  1473   370
 216 1194.9766  836.8870    19     5     5  2446    85
 217 1331.6354  837.1380    22     5     6  2998   295
 218 1074.9816  837.6009    17     5     5  1990   184
 219 1207.1043  837.9931    19     5     5  2398    83
 220 1344.1624  838.2725    20     5     5  2635   364
 221 1086.6035  838.8093    22     5     5  2597   122
 222 1219.3538  839.2174    22     5     5  2735    55
 223 1356.9256  839.4698    18     5     5  1861   420
 224 1098.3879  839.9402    18     5     5  2363   111
 225 1231.6123  840.3990    21     5     5  2813    90
 226 1110.2526  841.0468    19     5     5  2413    80
 227 1243.9073  841.5592    20     5     5  2655   109
 228 1122.1235  842.2657    21     5     5  2548    41
 229 1256.1673  842.7422    20     5     5  2668   101
 230 1134.0745  843.4808    20     5     5  2563    23
 231 1268.5279  843.9407    22     5     6  2786   131
 232 1206.8804  844.3707    24     5     5  3064    42
 233 1146.0825  844.6305    19     5     5  2490    35
 234 1280.9023  845.1389    20     5     5  2678   142
 235 1158.0913  845.8101    20     5     5  2522    24
 236 1293.3377  846.3081    22     5     5  2924   180
 237 1170.1502  846.9933    20     5     6  2498    26
 238 1305.7894  847.4545    21     5     5  2895   178
 239 1182.2118  848.1588    20     5     5  2530     2
 240 1318.2503  848.6390    21     5     5  2928   219
 241 1062.9531  848.7848    15     4     5  1368   371
 242 1194.3746  849.3843    21     5     5  2709    44
 243 1330.8155  849.8286    20     5     5  2832   248
 244 1074.4928  849.9574    18     5     5  2015   124
 245 1206.5102  850.6474    21     5     5  2624    89
 246 1343.3533  850.9901    20     5     6  2520   391
 247 1086.1931  851.0127    19     5     5  2364    79
 248 1211.7517  851.1195    14     5     4  1717   266
 249 1218.8057  851.7703    21     5     5  2604    53
 250 1355.9173  852.1439    18     4     5  1765   453
 251 1097.9941  852.2206    18     4     5  2335    70
 252 1230.9785  852.9282    19     5     5  2461    58
 253 1109.9334  853.4112    18     5     5  2409    50
 254 1243.2011  854.1027    20     5     5  2606    98
 255 1121.8390  854.6008    22     5     5  2628    30
 256 1255.5190  855.3108    21     5     5  2836   118
 257 1133.7056  855.8811    21     5     5  2543    27
 258 1267.8473  856.4805    20     5     5  2696   113
 259 1145.6471  857.0304    20     5     6  2482    19
 260 1280.1751  857.7019    20     5     5  2699   177
 261 1157.6607  858.1741    19     5     5  2524     3
 262 1292.5578  858.9175    20     5     5  2696   164
 263 1169.6890  859.3832    21     5     5  2711     5
 264 1304.9921  860.1141    20     6     5  2648   243
 265 1181.7405  860.5841    21     5     5  2655    17
 266 1062.4917  860.9834    16     5     4  1404   404
 267 1317.4847  861.3051    21     5     5  2948   210
 268 1193.8532  861.8324    20     5     5  2495    21
 269 1074.1091  862.0279    16     4     4  1859   183
 270 1329.9867  862.5000    22     6     5  2867   290
 271 1205.9680  863.0114    19     5     6  2401    32
 272 1085.9034  863.2966    19     5     5  2405    49
 273 1342.4745  863.6953    21     5     5  2694   394
 274 1218.0623  864.2185    19     5     5  2460    31
 275 1097.7283  864.4798    21     5     5  2583    33
 276 1355.0316  864.9102    16     4     4  1624   422
 277 1230.2927  865.4396    21     5     5  2705    59
 278 1109.4279  865.7658    21     5     5  2589    36
 279 1242.5614  866.6233    21     5     5  2810    56
 280 1121.3001  866.9238    19     5     5  2401    22
 281 1254.8649  867.8461    20     5     5  2592   107
 282 1133.1911  868.0704    19     5     5  2407    25
 283 1267.1179  869.0291    19     5     5  2515   152
 284 1145.0717  869.3312    20     5     5  2499    29
 285 1279.4740  870.2491    21     5     5  2780   163
 286 1157.0675  870.5597    18     5     5  2440     8
 287 1291.8575  871.4558    20     5     5  2698   229
 288 1169.0926  871.7555    20     5     5  2507     7
 289 1304.2167  872.6704    21     5     5  2769   233
 290 1181.1342  872.9699    19     5     5  2410     4
 291 1062.1934  873.0690    15     4     4  1337   325
 292 1316.6880  873.9093    21     5     5  2736   282
 293 1193.2069  874.1545    20     5     5  2508    18
 294 1073.9437  874.2069    18     5     5  2002    73
 295 1329.1814  875.0938    20     5     5  2701   298
 296 1205.3176  875.4416    21     5     5  2711    15
 297 1085.4888  875.4829    21     5     5  2573    65
 298 1341.6969  876.2900    20     5     5  2524   341
 299 1217.4743  876.6478    21     5     5  2762    48
 300 1097.1879  876.7349    19     5     5  2440    76
 301 1354.0095  877.5071    18     5     5  1744   450
 302 1229.6770  877.9067    21     5     5  2609    38
 303 1109.0479  877.9448    18     5     5  2287    45
 304 1241.9035  879.0939    20     5     5  2549    61
 305 1120.9225  879.1669    20     5     5  2432     6
 306 1254.0790  880.3198    21     5     5  2632   110
 307 1132.8458  880.3462    19     5     5  2497    11
 308 1266.4093  881.5358    21     5     5  2836   132
 309 1144.7223  881.6211    21     5     5  2611     1
 310 1278.7462  882.7736    22     5     5  2745   197
 311 1156.6268  882.9084    20     5     5  2506     0
 312 1291.0710  883.9601    21     5     6  2628   235
 313 1168.6081  884.0688    18     5     5  2389     9
 314 1061.9179  885.0662    15     4     4  1377   343
 315 1303.4830  885.1837    22     5     5  2801   247
 316 1180.6345  885.2613    21     5     5  2663    13
 317 1073.4399  886.2987    20     5     5  2098   119
 318 1315.8919  886.4386    20     5     5  2661   240
 319 1192.7007  886.5366    21     5     5  2689    12
 320 1085.0653  887.6493    18     5     5  2340    92
 321 1328.3512  887.6664    21     5     5  2865   242
 322 1204.8146  887.7976    20     5     5  2529    10
 323 1096.9183  888.9190    18     5     5  2265    47
 324 1340.8536  888.9209    20     5     5  2366   313
 325 1216.8914  889.0128    19     5     5  2432    39
 326 1353.3295  890.0103    16     5     4  1574   416
 327 1108.6890  890.0872    19     5     5  2384    40
 328 1229.0170  890.2546    19     5     5  2482    71
 329 1120.4602  891.3168    21     5     5  2584    14
 330 1241.1800  891.5097    21     5     5  2694    78
 331 1132.2414  892.6387    20     5     5  2543    20
 332 1253.4383  892.7462    21     5     5  2752   116
 333 1144.1792  893.8543    20     5     5  2465    16
 334 1265.7081  893.9763    19     5     5  2512   158
 335 1156.0727  895.0621    18     5     5  2316    34
 336 1277.9919  895.1992    19     5     5  2499   162
 337 1168.0197  896.3467    19     5     5  2424    64
 338 1290.3185  896.4625    21     5     5  2808   182
 339 1061.5129  897.0730    15     5     4  1291   397
 340 1180.0584  897.6060    18     5     5  2390    46
 341 1302.7008  897.6715    22     5     5  2803   224
 342 1073.0450  898.4581    17     4     5  1949   168
 343 1192.0930  898.8383    20     5     5  2484    28
 344 1315.0969  898.9119    20     5     5  2600   268
 345 1084.8493  899.7917    19     5     5  2304    66
 346 1204.1537  900.0533    19     5     5  2414   114
 347 1327.5399  900.1663    20     5     5  2705   299
 348 1096.4869  900.9967    18     5     4  2279    74
 349 1216.2261  901.3436    22     5     5  2666   135
 350 1339.9602  901.4580    18     4     5  2256   311
 351 1108.1741  902.1937    20     5     5  2381    67
 352 1228.3886  902.6009    21     5     5  2755   133
 353 1352.5013  902.8671    18     5     5  1679   447
 354 1120.0128  903.5180    18     4     5  2347    52
 355 1240.5610  903.8872    21     5     5  2623   134
 356 1131.9259  904.8118    19     5     5  2361    51
 357 1252.7920  905.1158    20     5     5  2541   123
 358 1143.7431  906.0370    18     5     4  2319    94
 359 1264.9907  906.3633    19     5     5  2501   154
 360 1155.6768  907.2267    19     5     5  2494    63
 361 1277.2443  907.6305    21     5     5  2751   150
 362 1167.5747  908.5759    21     5     5  2657    54
 363 1289.5728  908.9022    20     5     5  2621   160
 364 1061.1685  909.1147    13     4     4  1208   379
 365 1179.5192  909.8926    20     5     5  2508    68
 366 1301.9267  910.1271    20     5     5  2582   199
 367 1072.9487  910.5703    18     5     5  1981   117
 368 1191.5541  911.0651    18     5     5  2397   115
 369 1314.3052  911.4046    21     5     5  2790   278
 370 1084.3528  911.8779    19     5     5  2363   144
 371 1203.6164  912.3174    21     5     5  2682    96
 372 1326.7321  912.6218    22     5     5  2832   296
 373 1096.0635  913.0447    18     5     5  2231   136
 374 1215.6983  913.6181    21     5     5  2659   102
 375 1339.1130  913.9124    20     5     5  2341   256
 376 1107.9086  914.3264    19     5     5  2384    81
 377 1227.7953  914.9389    19     5     5  2447   106
 378 1351.6011  915.0372    17     5     4  1602   451
 379 1119.6424  915.6713    21     5     5  2539    87
 380 1239.9321  916.1481    20     5     5  2509   125
 381 1131.3809  916.9422    18     5     5  2327   127
 382 1252.0538  917.4551    20     5     5  2560   207
 383 1143.1977  918.1166    19     5     5  2356   156
 384 1264.2750  918.7353    19     5     5  2603   205
 385 1155.0484  919.4899    19     5     5  2438    82
 386 1276.5495  919.9816    21     5     6  2626   234
 387 1167.0397  920.7557    18     4     5  2347    77
 388 1061.0059  921.1549    15     4     4  1347   390
 389 1288.8523  921.2422    20     5     5  2598   189
 390 1178.9915  922.0191    16     4     4  2210   129
 391 1301.1150  922.5250    20     5     5  2639   218
 392 1072.3973  922.5437    19     5     5  2002   324
 393 1190.9671  923.3041    18     4     5  2360    75
 394 1313.4947  923.8124    21     5     5  2740   289
 395 1084.0317  923.8468    18     4     5  2241   261
 396 1203.0178  924.5679    19     4     5  2437    93
 397 1095.7506  925.0599    18     5     5  2261   223
 398 1325.9151  925.0709    20     5     5  2573   334
 399 1215.0463  925.8775    18     4     5  2357   140
 400 1338.2899  926.3027    21     5     5  2459   357
 401 1107.3941  926.3525    21     5     5  2514   188
 402 1227.1052  927.1065    20     5     5  2474   153
 403 1350.8766  927.5892    18     5     5  1662   444
 404 1119.0968  927.7160    19     5     5  2376   139
 405 1239.2042  928.4450    21     5     5  2649   148
 406 1130.9758  928.9956    16     4     4  2162   159
 407 1251.3894  929.7673    21     5     5  2696   166
 408 1142.8413  930.2539    19     5     5  2421   108
 409 1263.6180  931.0221    19     5     5  2467   228
 410 1154.6815  931.5992    21     5     5  2582    84
 411 1275.8460  932.2828    20     5     5  2584   249
 412 1166.4931  932.9348    18     5     5  2356   138
 413 1060.6362  933.0187    14     4     4  1236   414
 414 1288.0751  933.5644    18     5     5  2484   306
 415 1178.4525  934.0885    19     5     5  2425   147
 416 1072.0390  934.4333    16     4     5  1850   402
 417 1300.3949  934.8849    19     5     5  2548   245
 418 1190.3763  935.4594    21     5     5  2650   130
 419 1083.7317  935.8514    19     5     5  2245   284
 420 1312.7410  936.1501    20     5     5  2606   291
 421 1202.3716  936.8266    19     5     5  2484   126
 422 1095.2918  937.0095    19     5     5  2261   269
 423 1325.0880  937.4588    20     5     5  2602   352
 424 1214.4401  938.0153    20     5     5  2469   195
 425 1106.9857  938.4027    17     4     5  2248   211
 426 1337.4496  938.8141    20     5     5  2388   328
 427 1226.5270  939.3085    21     5     5  2679   212
 428 1118.8220  939.7953    20     5     5  2385   171
 429 1349.9192  940.0329    16     4     4  1530   459
 430 1238.6284  940.6594    21     5     5  2662   167
 431 1130.5014  941.0178    19     5     5  2379   191
 432 1250.7614  941.9779    19     5     5  2442   193
 433 1142.2130  942.3119    21     5     5  2517   202
 434 1262.9321  943.2449    20     5     5  2509   232
 435 1154.0793  943.6801    18     5     5  2388   221
 436 1275.0850  944.5627    19     5     5  2514   312
 437 1165.9944  944.9859    16     4     4  2218   227
 438 1060.1825  945.0651    13     4     4   965   466
 439 1287.3603  945.8784    20     5     5  2575   316
 440 1177.9243  946.2916    19     5     5  2423   213
 441 1071.9035  946.2927    17     4     5  1482   413
 442 1299.6368  947.1330    19     5     5  2544   304
 443 1189.9183  947.5823    20     5     5  2518   194
 444 1083.2024  947.8288    19     5     5  1911   410
 445 1311.9546  948.4660    21     5     5  2636   303
 446 1201.8490  948.9524    19     5     5  2400   209
 447 1094.9555  949.0114    16     4     4  1856   374
 448 1324.2902  949.7765    19     5     5  2585   362
 449 1213.8450  950.2065    20     5     5  2513   288
 450 1106.6648  950.2504    19     5     5  2200   297
 451 1336.6252  951.0462    19     5     5  2228   403
 452 1225.9204  951.5142    20     5     5  2546   257
 453 1118.2106  951.7381    19     5     5  2332   292
 454 1348.9685  952.4055    16     4     5  1530   464
 455 1237.9855  952.8567    19     5     5  2433   262
 456 1130.0224  952.9783    16     4     4  2115   320
 457 1250.0253  954.1365    19     5     5  2433   265
 458 1141.8956  954.2821    19     5     5  2368   281
 459 1262.1525  955.4994    20     5     5  2620   283
 460 1153.6533  955.7209    21     5     5  2485   230
 461 1274.3670  956.8411    20     5     5  2624   276
 462 1165.4402  956.9662    18     5     4  2305   331
 463 1286.6186  958.0866    19     5     5  2527   332
 464 1177.2920  958.2212    21     5     5  2492   310
 465 1298.9034  959.4121    19     5     5  2554   354
 466 1189.1711  959.6624    19     5     5  2446   236
 467 1311.1554  960.7411    20     5     5  2622   350
 468 1201.2086  960.9393    18     5     4  2300   317
 469 1323.4918  962.0286    20     5     5  2593   365
 470 1213.1448  962.2305    20     5     5  2436   351
 471 1335.8714  963.3413    18     5     5  2179   386
 472 1225.1699  963.6323    19     5     5  2492   347
 473 1348.0107  964.7134    17     4     5  1553   463
 474 1237.2831  964.9283    19     5     5  2407   308
 475 1249.3772  966.1971    21     5     5  2605   356
 476 1261.5036  967.6205    21     5     5  2718   279
 477 1273.6991  968.9519    19     5     5  2457   275
 478 1285.8945  970.2285    20     5     5  2521   345
 479 1298.0519  971.5736    18     5     5  2326   401
 480 1310.3663  972.9449    17     5     4  2129   376
 481 1322.6990  974.1390    19     5     5  2166   369
 482 1334.9494  975.5735    16     4     5  1630   432
 483 1347.1528  976.9560    14     4     4  1086   465
