479
   0 1373.0770  517.5483   146    23    21  7962    -1
   1 1390.4500  526.5500    13     4     5   670    -1
   2 1139.9960  705.4280    10     4     3   625   469
   3 1150.6286  706.2657    13     4     4  1000   468
   4 1161.2633  707.1191    14     4     4  1338   438
   5 1172.0504  708.0432    15     4     4  1444   453
   6 1182.8958  708.9453    15     4     4  1518   435
   7 1193.7417  709.8884    16     5     5  1611   441
   8 1204.4825  710.7235    19     5     5  1751   417
   9 1215.2316  711.4795    17     4     5  1681   427
  10 1226.1349  712.3424    16     4     5  1682   423
  11 1237.0838  713.2174    15     4     5  1663   403
  12 1248.0805  714.1375    16     4     4  1713   430
  13 1259.0791  715.0640    16     4     4  1729   379
  14 1270.0854  715.9884    16     4     4  1748   411
  15 1139.5460  716.6494    10     3     4   761   467
  16 1281.1076  716.9365    15     4     4  1726   434
  17 1150.2478  717.5157    15     4     5  1325   443
  18 1292.1426  717.8859    17     4     5  1832   385
  19 1160.9281  718.3927    16     4     5  1732   401
  20 1303.2134  718.7490    18     5     5  1856   429
  21 1171.6548  719.1998    17     5     5  1696   419
  22 1314.3971  719.6243    19     5     5  1883   409
  23 1182.2982  720.0849    15     5     4  1627   368
  24 1325.6960  720.4210    18     5     5  1900   426
  25 1193.1231  721.0299    15     4     4  1652   406
  26 1336.8956  721.2810    17     4     5  1932   444
  27 1203.9802  721.9504    16     4     4  1708   422
  28 1347.9845  722.2006    18     4     5  2029   413
  29 1214.8744  722.9086    15     4     4  1658   375
  30 1359.1127  723.0931    16     4     4  1874   425
  31 1225.8011  723.8596    16     4     5  1690   421
  32 1370.4118  724.0340    16     5     4  1843   442
  33 1236.6759  724.7678    16     5     5  1670   405
  34 1381.8363  724.9854    15     4     4  1776   437
  35 1247.5876  725.6290    18     5     5  1768   377
  36 1404.5105  725.9526     6     3     3   395   470
  37 1393.0235  725.9751    13     4     4  1353   461
  38 1258.5056  726.4289    19     5     5  1836   373
  39 1269.5043  727.2807    19     5     5  1871   376
  40 1139.1377  727.9638    12     4     4   945   464
  41 1280.5426  728.1450    17     5     5  1788   378
  42 1149.8654  728.8480    13     4     4  1285   431
  43 1291.6321  729.0562    17     5     5  1819   402
  44 1160.4366  729.7548    18     5     5  1736   357
  45 1302.7248  730.0198    16     5     4  1810   408
  46 1171.0960  730.5651    16     4     5  1691   339
  47 1313.8463  731.0024    15     4     4  1781   371
  48 1181.9383  731.4800    16     4     5  1699   374
  49 1324.9391  731.9551    16     4     4  1868   390
  50 1192.7579  732.3078    17     4     5  1672   393
  51 1336.0444  732.8815    17     4     5  1943   418
  52 1203.4239  733.1724    16     5     5  1615   317
  53 1347.1345  733.8059    17     4     5  1991   313
  54 1214.2101  734.0775    14     4     4  1552   344
  55 1358.4286  734.7644    19     5     5  2043   404
  56 1225.1154  735.0672    15     4     4  1621   400
  57 1369.7747  735.6138    18     5     5  2025   424
  58 1236.0419  736.0396    16     4     4  1671   333
  59 1380.9930  736.5411    16     4     5  2088   362
  60 1246.9798  736.9765    16     4     4  1692   389
  61 1392.2003  737.4197    16     4     5  1771   454
  62 1257.9262  737.9094    16     4     4  1694   365
  63 1403.5136  738.3663    11     4     4  1066   463
  64 1268.9322  738.8594    15     4     4  1657   325
  65 1138.8405  739.0123    12     4     4   926   458
  66 1279.9440  739.7914    16     4     5  1737   412
  67 1149.3758  740.0065    14     4     4  1320   428
  68 1290.9628  740.6932    16     4     5  1768   387
  69 1160.0088  740.9386    15     4     4  1662   329
  70 1301.9930  741.5908    16     4     5  1802   347
  71 1170.7969  741.9028    14     4     4  1569   311
  72 1313.0197  742.4980    16     4     5  1816   366
  73 1181.4083  742.8362    17     5     5  1668   326
  74 1324.0771  743.3775    16     4     5  1812   327
  75 1192.1045  743.7249    17     4     5  1735   302
  76 1335.2237  744.2407    17     5     5  1849   396
  77 1202.9677  744.6336    16     4     5  1713   319
  78 1346.3930  745.1872    17     5     5  1841   392
  79 1213.8657  745.5432    16     4     5  1656   380
  80 1357.7576  746.1066    17     5     5  1933   361
  81 1224.6726  746.4119    18     5     5  1717   394
  82 1368.9319  747.0741    15     4     4  1910   388
  83 1235.4627  747.2801    16     5     5  1605   305
  84 1380.1078  748.0248    16     4     4  2029   372
  85 1246.3162  748.1957    16     5     5  1638   370
  86 1391.4519  748.9684    16     5     4  1797   439
  87 1257.1939  749.1030    16     4     5  1669   298
  88 1402.8328  749.9036    13     4     4  1257   466
  89 1268.1793  750.0709    14     4     4  1595   303
  90 1138.5153  750.2423    11     3     4   876   452
  91 1149.0535  751.0550    14     4     4  1354   410
  92 1279.1787  751.0552    14     4     4  1615   354
  93 1290.1935  752.0344    14     4     4  1630   235
  94 1159.5932  752.0534    16     5     4  1680   328
  95 1301.2395  753.0053    15     5     4  1698   309
  96 1170.1753  753.0330    14     4     4  1593   216
  97 1180.9642  753.9744    16     4     4  1679   273
  98 1312.3363  753.9820    16     5     4  1771   395
  99 1191.7719  754.9343    14     4     4  1568   284
 100 1323.4644  754.9578    16     5     4  1783   269
 101 1334.6667  755.9102    17     5     5  1852   355
 102 1202.4473  755.9263    16     5     4  1635   270
 103 1345.8573  756.8412    16     4     5  1858   416
 104 1213.1667  756.8870    15     4     4  1626   236
 105 1356.9639  757.7466    16     4     5  1895   324
 106 1224.0175  757.8393    15     4     4  1637   243
 107 1368.0514  758.6564    17     4     5  2007   320
 108 1234.9475  758.7801    15     4     5  1646   343
 109 1379.2788  759.6006    18     5     5  2053   399
 110 1245.8975  759.6982    16     4     5  1688   349
 111 1390.7162  760.5220    17     5     5  1715   415
 112 1256.8376  760.6243    16     4     5  1653   258
 113 1137.9633  761.3533    13     4     4   950   432
 114 1401.8926  761.4148    14     4     4  1240   457
 115 1267.7943  761.5528    17     5     5  1703   358
 116 1148.5735  762.2831    13     4     4  1194   433
 117 1278.7351  762.4474    18     5     5  1755   331
 118 1159.0915  763.1580    15     4     5  1668   301
 119 1289.7288  763.3421    18     5     5  1774   233
 120 1169.8666  764.1146    15     4     4  1653   199
 121 1300.7423  764.2743    18     5     5  1804   364
 122 1180.4635  765.0824    16     5     4  1650   157
 123 1311.8095  765.2326    18     5     5  1850   407
 124 1191.1342  766.0674    14     4     4  1583   223
 125 1322.8670  766.1748    16     4     5  1781   293
 126 1201.9707  767.0431    15     4     4  1621   195
 127 1333.9414  767.1201    15     4     4  1774   346
 128 1212.7985  767.9914    14     4     4  1571   363
 129 1345.0014  768.1189    16     4     4  1847   350
 130 1223.5582  768.9897    16     5     4  1676   285
 131 1356.0912  769.0875    16     4     4  1869   286
 132 1234.2741  769.9745    14     4     4  1581   248
 133 1367.2800  770.0428    16     5     4  1909   337
 134 1245.1485  770.9527    15     4     4  1649   271
 135 1378.6123  771.0144    16     5     4  1984   367
 136 1256.0687  771.9112    15     4     4  1645   297
 137 1389.8348  771.9880    14     4     4  1614   348
 138 1137.5532  772.5000     9     3     3   732   445
 139 1267.0200  772.8836    15     4     4  1652   294
 140 1400.9770  772.9870    12     4     4  1099   462
 141 1148.1897  773.3392    15     4     5  1372   307
 142 1277.9868  773.8466    15     4     4  1656   202
 143 1158.7616  774.3322    17     4     5  1714   234
 144 1288.9779  774.8175    15     4     5  1679   208
 145 1169.2619  775.2485    15     5     5  1569   260
 146 1299.9801  775.7977    16     4     5  1754   290
 147 1180.0254  776.1925    15     4     5  1654   173
 148 1310.9914  776.7270    16     4     5  1791   276
 149 1190.7795  777.1678    16     4     5  1655   172
 150 1322.0211  777.6855    16     4     5  1819   246
 151 1201.3761  778.1282    15     5     4  1565   186
 152 1333.0601  778.6212    16     4     5  1823   340
 153 1212.1287  779.1046    15     4     4  1620   161
 154 1344.1264  779.6011    18     5     5  1909   253
 155 1223.0086  780.1112    15     4     4  1627   207
 156 1355.3022  780.5703    18     5     5  1896   257
 157 1233.8732  781.0772    15     4     4  1637   279
 158 1366.6436  781.5229    19     5     5  1953   369
 159 1244.7302  782.0407    14     4     4  1573   255
 160 1377.9272  782.4616    16     4     5  1919   322
 161 1255.5204  783.0335    16     5     4  1681   237
 162 1388.9764  783.3708    16     4     5  1690   391
 163 1137.3526  783.5192    10     4     3   812   447
 164 1266.3889  784.0253    16     5     4  1691   254
 165 1400.2685  784.4089    12     4     4  1006   459
 166 1147.6823  784.4874    13     4     5  1204   251
 167 1277.2653  785.0228    15     5     4  1649   136
 168 1158.2032  785.3995    16     4     5  1666   169
 169 1288.2238  786.0227    14     4     4  1605   262
 170 1168.9248  786.4346    16     4     5  1718   154
 171 1299.2177  787.0065    15     5     4  1678   229
 172 1179.5305  787.3906    17     5     5  1636    89
 173 1310.2212  788.0053    14     4     4  1636   102
 174 1190.1562  788.3153    15     4     5  1611    64
 175 1321.2784  788.9959    16     5     4  1770   224
 176 1200.9728  789.3069    16     4     5  1701   116
 177 1332.3948  789.9910    16     5     4  1798   336
 178 1211.7384  790.2922    16     4     5  1618   188
 179 1343.5403  790.9902    16     5     4  1818   218
 180 1222.3865  791.2631    16     5     5  1602   153
 181 1354.7217  791.9590    16     5     4  1824   226
 182 1233.1332  792.2173    15     4     5  1606   125
 183 1365.8573  792.9389    15     4     4  1805   351
 184 1244.0372  793.2201    16     4     5  1686   184
 185 1376.9968  793.9059    16     4     4  1889   323
 186 1254.9808  794.2099    17     4     5  1736   259
 187 1136.6639  794.5000    10     4     3   799   231
 188 1388.0998  794.9050    15     4     4  1582   397
 189 1265.8998  795.1884    16     4     5  1673   193
 190 1147.3732  795.5696    13     4     5  1210   190
 191 1399.4592  795.8087    12     3     4   992   451
 192 1276.8256  796.1896    16     4     5  1657   187
 193 1157.8811  796.5662    16     4     5  1721   139
 194 1287.7656  797.1616    17     5     5  1701   274
 195 1168.4250  797.4924    16     5     5  1587   137
 196 1298.7298  798.1621    17     5     5  1729   225
 197 1179.0574  798.4945    16     4     5  1715   143
 198 1309.7127  799.1222    17     5     5  1734   126
 199 1189.8083  799.5500    16     4     5  1640   111
 200 1320.7597  800.1494    17     5     5  1774   263
 201 1200.4036  800.4704    16     5     5  1578    83
 202 1331.8114  801.1525    17     5     5  1794   332
 203 1211.0868  801.4750    16     4     5  1681    94
 204 1342.8780  802.1453    16     4     5  1784   209
 205 1221.9381  802.5111    16     4     5  1697   149
 206 1353.9382  803.1479    15     4     4  1761   222
 207 1232.7845  803.5283    16     4     5  1612   180
 208 1365.0103  804.1647    14     4     4  1723   334
 209 1243.4709  804.4802    16     5     5  1557   206
 210 1376.1137  805.1137    16     4     5  1851   308
 211 1254.2024  805.4527    17     5     5  1653   215
 212 1136.5515  805.5000     9     3     3   741   414
 213 1387.2622  806.1024    15     5     4  1507   318
 214 1265.1320  806.4189    16     4     5  1626   118
 215 1146.8854  806.6057    15     4     5  1365   138
 216 1398.5829  807.2254    13     4     4  1036   446
 217 1276.0354  807.4856    16     4     5  1704   182
 218 1157.3964  807.5444    17     5     5  1661    37
 219 1287.0011  808.4935    16     4     5  1728   256
 220 1167.9936  808.5794    16     4     5  1744    87
 221 1297.9885  809.5210    16     4     5  1754   122
 222 1178.6523  809.6061    15     5     5  1551    45
 223 1308.9829  810.5104    16     4     5  1763   133
 224 1189.1667  810.5499    16     4     5  1661    18
 225 1319.9918  811.5357    16     4     5  1780   275
 226 1199.9415  811.6302    16     4     5  1706    85
 227 1264.9945  812.0028    16     4     4  1882   295
 228 1330.9911  812.5417    16     4     5  1806   163
 229 1210.6995  812.6631    16     5     5  1597    46
 230 1342.0034  813.5410    16     4     5  1825   148
 231 1221.2685  813.6404    18     5     5  1712    49
 232 1353.0335  814.5602    16     4     5  1814   277
 233 1232.0618  814.6596    16     4     5  1690   127
 234 1364.1031  815.5622    16     4     5  1780   356
 235 1242.9409  815.7182    16     4     5  1680   185
 236 1136.0235  816.5031    12     4     3   919   249
 237 1375.3262  816.5989    18     5     5  1861   268
 238 1253.8526  816.7347    15     4     5  1581   120
 239 1146.4944  817.5075    13     5     5  1185    74
 240 1386.5972  817.5792    15     5     5  1419   282
 241 1264.6190  817.7709    15     5     4  1481   171
 242 1269.3086  818.1191    10     4     4  1012   352
 243 1156.9690  818.5506    16     4     5  1768    23
 244 1397.7098  818.6390    12     4     4   967   450
 245 1275.4987  818.7513    16     5     5  1580   292
 246 1167.5681  819.5804    15     5     5  1558    66
 247 1286.2867  819.8075    17     5     5  1689   191
 248 1178.0908  820.5766    16     4     5  1714    92
 249 1297.1900  820.8067    17     5     5  1737    88
 250 1188.8421  821.6751    15     4     5  1624   115
 251 1308.1502  821.8278    16     4     5  1709   121
 252 1199.4073  822.6591    17     5     5  1648    12
 253 1319.1406  822.8444    16     4     5  1735   198
 254 1210.0588  823.7002    16     4     5  1684    19
 255 1330.1476  823.8565    16     4     5  1762   101
 256 1220.8897  824.7537    15     4     5  1625    82
 257 1341.1887  824.8954    15     4     4  1701   113
 258 1231.6230  825.7932    16     5     5  1605   189
 259 1352.2900  825.9125    15     5     4  1693   247
 260 1242.2522  826.8218    16     4     5  1611    75
 261 1363.4805  826.9395    16     5     4  1776   306
 262 1135.5495  827.4208    10     3     4   803   194
 263 1253.0553  827.8249    15     4     4  1618    58
 264 1374.7075  827.9479    16     5     4  1807   242
 265 1146.0942  828.3453    15     4     5  1403   158
 266 1263.9661  828.8498    14     4     4  1569   165
 267 1385.8045  828.9213    14     4     4  1462   299
 268 1156.5403  829.4743    16     5     5  1618    30
 269 1274.9037  829.8716    15     4     4  1622   176
 270 1396.9046  829.9784    13     4     4  1043   449
 271 1167.0728  830.4756    16     4     5  1741     6
 272 1285.8272  830.9182    14     4     4  1568   140
 273 1177.7407  831.5934    15     4     5  1585    43
 274 1296.7453  831.9473    15     5     4  1651   150
 275 1188.1946  832.5793    16     4     5  1658    61
 276 1307.6425  832.9529    16     5     4  1712   244
 277 1198.9444  833.6974    16     4     5  1727     3
 278 1318.5895  833.9728    16     5     4  1739   203
 279 1209.6460  834.7494    16     5     5  1622    10
 280 1329.5550  834.9876    16     5     4  1764   156
 281 1220.1845  835.7749    16     4     5  1662    44
 282 1340.5957  835.9868    16     5     4  1782   145
 283 1230.9754  836.8393    14     4     4  1596    54
 284 1351.6780  837.0010    16     5     4  1800   232
 285 1241.8290  837.8876    14     4     4  1554   105
 286 1362.8066  838.0188    14     4     4  1685   227
 287 1135.3106  838.2772    13     4     4  1009   192
 288 1252.5998  838.9062    16     5     4  1632    93
 289 1373.8917  839.0547    15     4     4  1738   240
 290 1145.6388  839.3172    12     4     4  1169    32
 291 1263.2779  839.9453    15     5     4  1610    15
 292 1384.9488  840.0962    15     4     4  1483   382
 293 1156.0861  840.2822    15     4     5  1714    63
 294 1274.1244  840.9540    15     4     4  1642    56
 295 1395.9810  841.0519    13     4     4  1045   460
 296 1166.6852  841.4044    18     5     5  1737    34
 297 1285.0558  841.9408    15     4     4  1637   107
 298 1177.1392  842.4120    16     4     5  1698    76
 299 1295.9784  842.9784    16     4     4  1701   110
 300 1187.8580  843.5640    16     4     5  1691    62
 301 1306.9176  844.0099    15     4     4  1660    67
 302 1198.3774  844.5805    16     5     5  1583    24
 303 1317.8898  845.0389    15     4     4  1689   151
 304 1209.0277  845.6752    16     4     5  1719     5
 305 1328.8894  846.0639    15     4     4  1713   166
 306 1219.8459  846.7795    15     4     5  1623    40
 307 1339.9010  847.0835    15     4     4  1720   168
 308 1230.4377  847.8399    16     5     4  1618   104
 309 1350.9261  848.1208    15     4     4  1731   183
 310 1241.0980  848.8742    15     4     4  1648    60
 311 1134.8811  849.0759    12     4     4   949   221
 312 1361.9749  849.1585    15     4     4  1725   278
 313 1251.9504  849.8751    14     4     4  1577    20
 314 1145.1745  850.1246    13     4     4  1332    77
 315 1373.0359  850.2126    16     4     5  1802   264
 316 1262.8375  850.9244    14     4     4  1586    42
 317 1155.6989  851.1559    15     4     4  1645     9
 318 1384.0433  851.2015    14     4     4  1427   383
 319 1273.6375  851.9645    16     5     4  1687   152
 320 1166.1354  852.1889    14     4     4  1616    25
 321 1395.2523  852.4226    11     4     4   873   448
 322 1284.3890  853.0044    16     5     4  1710   108
 323 1176.8116  853.3139    16     4     5  1676    16
 324 1295.2026  854.0359    14     4     4  1618   167
 325 1187.2133  854.3462    15     4     5  1608    53
 326 1306.1494  855.0682    15     4     4  1674   114
 327 1197.9366  855.5172    16     4     5  1730     4
 328 1317.1043  856.1107    15     4     4  1685   205
 329 1208.5694  856.6059    15     5     5  1543     1
 330 1328.0584  857.1530    15     4     4  1701   252
 331 1219.1134  857.7200    16     4     5  1682    31
 332 1339.0513  858.1797    15     4     5  1724   124
 333 1229.9251  858.8341    15     4     5  1651    38
 334 1350.0535  859.2449    15     4     5  1722   130
 335 1240.6983  859.8789    15     5     4  1592    35
 336 1134.4818  859.9273    12     3     4   930   160
 337 1361.0708  860.3248    16     4     5  1753   314
 338 1251.2728  860.9133    15     5     4  1604    22
 339 1144.9301  860.9639    14     4     4  1351    11
 340 1372.1325  861.4397    17     5     5  1778   321
 341 1262.0793  861.9342    15     4     4  1639    57
 342 1155.1776  862.0655    14     4     4  1646    27
 343 1383.2508  862.5784    16     5     5  1438   398
 344 1272.9478  862.9652    16     4     4  1662   142
 345 1165.7949  863.0702    15     4     4  1669    33
 346 1394.4530  863.6443    10     3     4   798   436
 347 1283.8475  863.9916    14     4     4  1595    98
 348 1176.1815  864.1481    13     4     4  1548    71
 349 1294.7144  865.0322    16     5     4  1700    90
 350 1186.8899  865.2163    15     4     4  1663    41
 351 1305.5511  866.0761    16     5     4  1680   117
 352 1197.3293  866.3159    15     5     5  1570    52
 353 1316.3786  867.1140    16     5     4  1673   217
 354 1208.0166  867.4377    16     4     5  1731     8
 355 1327.3258  868.1674    16     5     5  1690   310
 356 1218.7430  868.6130    16     5     5  1623    14
 357 1338.2630  869.2731    17     5     5  1736   287
 358 1229.2436  869.6795    17     5     5  1669   129
 359 1349.2666  870.3822    17     5     5  1724   220
 360 1134.1485  870.7515    12     4     4   930   211
 361 1239.9978  870.8163    14     4     4  1598    70
 362 1360.3223  871.5387    18     5     5  1778   196
 363 1144.4667  871.8062    13     4     4  1251    29
 364 1250.8567  871.8956    14     4     4  1572    65
 365 1371.4780  872.6991    18     5     5  1809   245
 366 1154.8805  872.9271    14     4     4  1646     0
 367 1261.5639  872.9472    16     5     4  1661    21
 368 1382.5928  873.8114    15     5     4  1418   353
 369 1272.2305  873.9881    14     4     4  1583   146
 370 1165.2254  874.0135    14     4     4  1625     7
 371 1393.5991  874.7828    12     4     4   943   455
 372 1175.8773  875.0133    15     4     4  1691    81
 373 1283.1162  875.0205    15     4     4  1628   210
 374 1293.9915  876.0806    15     4     4  1637   147
 375 1186.2378  876.0918    14     4     4  1604   119
 376 1304.9243  877.1020    15     4     4  1662    95
 377 1196.9680  877.1663    15     4     4  1673    36
 378 1315.8583  878.1652    15     4     4  1643   144
 379 1207.4608  878.2549    16     5     5  1616    48
 380 1326.8093  879.2595    17     5     5  1723   177
 381 1218.0844  879.3849    16     4     5  1695    26
 382 1337.7334  880.4082    18     5     5  1761   266
 383 1228.8493  880.5818    16     4     5  1656    47
 384 1133.5514  881.4966     9     3     3   742   384
 385 1348.7136  881.5775    16     5     5  1652   228
 386 1239.4734  881.6990    16     5     5  1589    51
 387 1144.0244  882.6042    14     4     4  1314    50
 388 1359.7559  882.7052    16     5     5  1687   131
 389 1250.0991  882.8007    15     4     4  1638   100
 390 1154.3821  883.7125    17     5     5  1664    13
 391 1370.8305  883.8305    17     5     5  1785   197
 392 1260.9442  883.8687    14     4     4  1587    55
 393 1164.8890  884.8653    14     4     4  1628     2
 394 1381.8338  884.8885    14     4     4  1413   360
 395 1271.7998  884.9412    14     4     4  1584    39
 396 1392.8274  885.8964    13     4     4  1041   440
 397 1175.2895  885.9267    14     4     4  1593    17
 398 1282.4824  885.9928    16     5     4  1709    96
 399 1185.9135  886.9527    15     4     4  1669    28
 400 1293.2106  887.0477    14     4     4  1602   250
 401 1196.3257  888.0505    15     5     4  1651   170
 402 1304.1097  888.1130    15     4     4  1639   214
 403 1207.0196  889.1109    14     4     4  1620   134
 404 1315.0430  889.1649    14     4     4  1619   181
 405 1217.6062  890.1850    15     5     4  1569    97
 406 1326.0027  890.3026    16     4     5  1737   159
 407 1228.1429  891.2958    15     4     5  1607   141
 408 1336.9741  891.4513    16     4     5  1745   123
 409 1133.4010  892.0324    11     3     4   843   471
 410 1238.9342  892.5179    16     4     5  1696   164
 411 1347.9622  892.6134    16     4     5  1752   289
 412 1143.5731  893.2668    12     4     4  1106   345
 413 1249.6606  893.6832    15     5     5  1547   155
 414 1358.9448  893.7692    15     4     5  1701   281
 415 1153.9935  894.2746    14     4     4  1543   106
 416 1260.2145  894.8220    16     4     5  1651   128
 417 1369.9518  894.8368    14     4     4  1665   283
 418 1164.3960  895.4836    15     5     5  1481    80
 419 1271.0167  895.8800    15     4     4  1650   109
 420 1380.9094  895.8951    14     4     4  1401   288
 421 1174.9049  896.7148    15     4     5  1639    79
 422 1281.8846  896.9355    14     4     4  1584    86
 423 1391.9286  897.0000    12     4     4   964   465
 424 1185.3376  897.8376    15     5     4  1612    72
 425 1292.7411  897.9900    15     5     4  1646   132
 426 1195.9234  898.8979    14     4     4  1640    68
 427 1303.4730  899.0472    16     5     4  1690   201
 428 1206.4278  900.0053    16     5     4  1742    84
 429 1314.2453  900.1163    15     5     4  1610   239
 430 1217.0272  901.0710    15     4     4  1687    59
 431 1325.1348  901.2258    15     4     5  1618   291
 432 1227.7280  902.1377    15     4     4  1636    69
 433 1336.0854  902.3980    16     4     5  1702   230
 434 1132.7066  902.5496     8     3     3   521   475
 435 1238.2052  903.2237    15     4     5  1615   241
 436 1347.0456  903.5924    16     4     5  1731   212
 437 1143.0942  903.9424    12     4     4   982   472
 438 1249.0126  904.4182    16     4     5  1754   174
 439 1358.0531  904.7755    15     4     5  1701   315
 440 1153.5193  905.0429    13     4     4  1221   179
 441 1259.8097  905.6385    15     4     5  1609    78
 442 1369.0675  905.8708    15     4     4  1721   316
 443 1164.0139  906.0447    14     4     4  1383   175
 444 1270.4103  906.8002    17     5     5  1686    73
 445 1380.0615  906.9567    15     4     4  1466   359
 446 1174.3305  907.2282    13     4     4  1305   267
 447 1281.1223  907.8938    15     4     4  1682   103
 448 1390.9700  908.0352    13     4     4  1033   474
 449 1184.9044  908.4276    16     4     5  1574   135
 450 1291.9934  908.9376    15     4     4  1664    99
 451 1195.3744  909.5842    13     4     5  1327   296
 452 1302.8866  910.0194    15     4     4  1676   238
 453 1205.9282  910.8175    14     4     4  1522   200
 454 1313.7522  911.0837    15     5     4  1658   261
 455 1216.5104  911.8714    16     5     4  1570    91
 456 1324.5543  912.1617    17     5     5  1716   219
 457 1227.0753  912.9869    15     4     4  1553   112
 458 1335.3986  913.3377    16     5     5  1638   312
 459 1237.8263  914.0241    14     4     4  1509   265
 460 1346.3071  914.5178    17     5     5  1695   280
 461 1248.2939  915.1209    15     5     4  1507   341
 462 1357.2594  915.7213    17     5     5  1731   272
 463 1259.0591  916.2377    15     4     5  1562   300
 464 1368.2649  916.8455    16     5     4  1706   338
 465 1269.8745  917.5090    16     4     5  1577   178
 466 1379.2192  917.9264    14     4     4  1366   420
 467 1280.6120  918.6909    15     5     5  1473   204
 468 1390.3162  918.9704    14     4     4  1021   473
 469 1291.2478  919.8346    14     4     4  1489   162
 470 1302.0788  920.9347    15     4     4  1562   213
 471 1312.9774  921.9887    15     4     4  1548   342
 472 1323.9295  923.0347    15     4     4  1558   330
 473 1334.8133  924.1841    15     4     4  1532   335
 474 1345.6646  925.4009    16     5     5  1456   386
 475 1356.6054  926.6038    15     5     5  1357   381
 476 1367.6054  927.7381    15     5     4  1338   304
 477 1378.5053  928.7533    13     4     4  1025   456
 478 1389.4865  929.7635    12     3     4   748   476
