467
   0 1964.0870  927.0652    11     7     2   596    -1
   1 1896.3500  927.2500    14    10     2   720    -1
   2 2003.6942  930.1095    34     8     6  2184    -1
   3 1928.3000  930.3000    12     9     2   620    -1
   4 1944.3000  931.0333     8     4     5   415   197
   5 1935.6250  931.1250     6     3     2   316    -1
   6 1960.7087  933.8304    17    12     3   965    -1
   7 1881.1559  951.2058    54     8     8  3944    -1
   8 1905.3438  953.5810    64     9     9  5421    -1
   9 1930.0091  956.0710    63    10     8  5283   173
  10 1954.8265  958.4365    63     9     9  5260    -1
  11 1979.7505  960.9243    62     9     8  5160   102
  12 2004.8082  963.3706    63     9     9  5090   160
  13 2029.9819  965.9254    64    10     8  5076    80
  14 2383.2255  967.4216    17     6     5   901   199
  15 2055.3547  968.4463    65     9     9  5094   148
  16 2080.8898  970.9943    62    10     8  4852   185
  17 2106.4451  973.6339    64     9     9  4858   183
  18 1877.6627  973.8044    58     9     8  4191   117
  19 2132.2092  976.0783    63    10     8  4701   194
  20 1901.8574  976.2370    60     9     9  5160   190
  21 2158.1040  978.7617    62    10     8  4537    93
  22 1926.4182  978.8952    60     9     8  5128   188
  23 2184.1592  981.2506    62     9     9  4435   196
  24 1951.1222  981.3134    63    10     9  5122    86
  25 2210.3536  983.8990    62     9     8  4343    -1
  26 1975.9508  983.9540    63    10     8  5040   170
  27 2000.9165  986.5124    62    10     9  4872   166
  28 2236.6917  986.5309    62     9     9  4232    -1
  29 2263.1095  989.0318    61     9     8  4105    52
  30 2026.0357  989.0594    63    10     8  4875   162
  31 2289.7444  991.7669    61     9     8  4028    75
  32 2051.2529  991.7785    62     9     9  4755    77
  33 2076.6957  994.1802    61     9     9  4629   178
  34 2316.5298  994.3488    59     9     9  3823    -1
  35 1874.2606  996.3433    54     8     8  3932   122
  36 2343.4148  996.9198    60     9     8  3810    -1
  37 2102.1635  996.9362    61     9     8  4524   184
  38 1898.3923  998.9641    60     9     8  5200   108
  39 2127.8672  999.5625    61     9     9  4409   195
  40 2370.4192  999.7247    59     9     8  3680    -1
  41 1922.8559 1001.5780    61     9     9  5115   100
  42 2153.6474 1002.1204    58     9     8  4196    66
  43 2397.6502 1002.2593    56     9     8  3419    40
  44 1947.5069 1004.0761    60     9     8  5024   105
  45 2179.5681 1004.8679    61     9     8  4254    74
  46 2424.9318 1005.1374    55     8     8  3285    -1
  47 1972.2029 1006.8182    60     9     8  4895    -1
  48 2205.6724 1007.3857    58     9     9  3967    -1
  49 2452.5240 1007.8799    55     9     8  3208    -1
  50 1997.0586 1009.3125    62    10     9  4876    -1
  51 2231.8685 1010.0816    58     9     8  3923    -1
  52 2480.1092 1010.4919    52     9     8  2971    -1
  53 2022.0687 1012.0231    62    10     8  4811   180
  54 2258.2047 1012.8539    58     9     8  3855    -1
  55 2047.2014 1014.7416    60     9     8  4631   182
  56 2284.7434 1015.4726    59     9     9  3788    82
  57 2072.5493 1017.2649    62     9     9  4661    -1
  58 2311.3548 1018.1395    60     9     8  3785    39
  59 1871.0195 1018.8447    56     9     8  4030    -1
  60 2097.9295 1020.0014    62    10     8  4546   104
  61 2338.0948 1020.8791    56     9     8  3528    -1
  62 1894.9440 1021.4382    59    10     9  5038   101
  63 2123.4740 1022.7587    60     9     8  4345   192
  64 2365.0649 1023.6330    55     9     8  3359    -1
  65 1919.3017 1024.0534    61     9     8  5128    85
  66 2149.1473 1025.3035    60     9     9  4242    -1
  67 2392.0923 1026.2841    55     9     8  3292    -1
  68 1943.8507 1026.8007    60     9     8  4959   109
  69 2175.0276 1028.0455    60    10     8  4177   189
  70 2419.3732 1029.0337    55     9     8  3239    -1
  71 1968.4763 1029.3692    62     9     9  4958   124
  72 2201.0128 1030.8288    60    10     8  4092    -1
  73 2446.8472 1031.7861    52     8     8  3009    -1
  74 1993.2234 1032.0582    62     9     8  4904   119
  75 2227.0589 1033.5282    58     9     9  3893    59
  76 2474.4660 1034.5185    53     9     7  2974    -1
  77 2018.1641 1034.8353    61     9     8  4747   120
  78 2253.3233 1036.1519    60     9     8  3945    -1
  79 2043.1688 1037.5019    60     9     9  4585   177
  80 2279.7291 1039.0253    58     9     8  3751    76
  81 2068.4090 1040.1732    61     9     8  4589   149
  82 1867.5589 1041.1008    55     9     8  3955    89
  83 2306.2348 1041.7781    56     9     8  3573    -1
  84 2093.7328 1042.9602    61     9     8  4519   164
  85 1891.5061 1043.8407    60     9     8  5131    64
  86 2332.9299 1044.4970    55     8     9  3420    -1
  87 2119.1642 1045.7436    59     9     8  4284   181
  88 1915.8145 1046.4798    59     9     9  4928   139
  89 2359.7949 1047.2212    55     9     8  3374    -1
  90 2144.7425 1048.3747    59     9     9  4179   176
  91 1940.1871 1049.1346    60     9     8  4943    92
  92 2386.7067 1050.0088    58     9     8  3466    -1
  93 2170.5000 1051.1081    60     9     8  4184    -1
  94 1964.7648 1051.9446    62     9     8  4958    96
  95 2413.8367 1052.8633    55     8     8  3240    -1
  96 2196.3561 1053.9390    58     9     8  3998   174
  97 1989.4209 1054.7189    58     9     8  4631   118
  98 2441.0882 1055.6151    52     8     8  2991    -1
  99 2222.2878 1056.7739    57     9     8  3854   186
 100 2014.2117 1057.3515    60     9     9  4630   121
 101 2468.7570 1058.4133    49     8     7  2773    -1
 102 2248.4989 1059.5239    58     9     9  3780    -1
 103 2039.1743 1060.1035    60     9     8  4609   153
 104 2274.8006 1062.2353    57     9     8  3685    -1
 105 2064.3001 1062.9161    58     9     8  4431   179
 106 1864.2779 1063.1344    52     8     8  3757    94
 107 2301.1314 1065.0747    57     9     8  3626    42
 108 2089.4881 1065.7565    61     9     8  4473    -1
 109 1888.1186 1065.9603    59     9     8  5016    44
 110 2327.7934 1067.9364    58     9     8  3592    -1
 111 2114.8745 1068.4985    59     9     9  4245   172
 112 1912.2785 1068.7652    58     9     8  4891    81
 113 2354.4237 1070.7565    56     9     8  3416    -1
 114 2140.3596 1071.2654    60     9     8  4232    -1
 115 1936.6276 1071.4656    60     9     9  4858   161
 116 2381.3052 1073.6011    54     9     8  3234    -1
 117 2165.9763 1074.0643    58    10     8  4059    -1
 118 1961.0580 1074.2033    59     9     8  4753   125
 119 2408.2550 1076.4382    53     9     7  3103    -1
 120 2191.7355 1076.9402    60     9     8  4070    -1
 121 1985.6761 1077.0449    60     9     8  4749   115
 122 2435.5842 1079.2526    51     9     8  2930    -1
 123 2217.5966 1079.7706    60     9     8  3983    -1
 124 2010.3670 1079.8484    58     9     8  4562   126
 125 2462.9404 1082.2339    51     8     8  2877    -1
 126 2243.7159 1082.5912    57     9     8  3716    -1
 127 2035.2174 1082.6659    58     9     8  4425    -1
 128 1861.1318 1085.1567    53     8     8  3818    73
 129 2269.8648 1085.4380    56     9     9  3606    -1
 130 2060.1968 1085.4937    59     9     9  4368   154
 131 1884.7769 1087.9792    58     9     8  4966    47
 132 2085.3480 1088.2727    60     9     8  4368    -1
 133 2296.1059 1088.2748    58     9     8  3646   114
 134 1908.8617 1090.8330    59     9     8  4899    49
 135 2322.6422 1091.1110    57     9     8  3539    -1
 136 2110.6306 1091.1333    58     9     8  4217   144
 137 1933.0362 1093.6125    55     9     8  4572   152
 138 2135.9714 1093.9971    57     9     8  4057    -1
 139 2349.2026 1094.0752    56     9     8  3412    -1
 140 1957.4153 1096.4337    60     9     9  4735   140
 141 2161.4808 1096.8580    59     9     8  4098    -1
 142 2375.9743 1096.9467    55     8     8  3294    -1
 143 1981.9055 1099.2519    59     9     8  4627   103
 144 2187.1271 1099.7473    55     9     8  3785    -1
 145 2402.8996 1099.8089    52     8     8  3063    -1
 146 2006.5357 1102.1225    60     9     8  4653    91
 147 2212.9720 1102.6151    56     9     8  3730    -1
 148 2429.9658 1102.7474    52     8     8  2980    -1
 149 2031.2639 1104.9909    58     9     8  4446   123
 150 2238.8943 1105.4988    56     9     8  3642    -1
 151 2457.2309 1105.6130    50     8     8  2801    -1
 152 1857.8330 1106.9641    54     9     8  3814   107
 153 2056.1555 1107.8897    58     9     8  4360   155
 154 2264.9498 1108.4085    54     9     8  3487    -1
 155 1881.3599 1109.8673    59     9     8  4992    43
 156 2081.1816 1110.7753    58     9     8  4266   143
 157 2291.0981 1111.3818    57     9     8  3569    -1
 158 1905.3826 1112.7135    57     9     8  4784    57
 159 2106.3366 1113.6665    56     9     8  4061   147
 160 2317.5195 1114.2353    56     9     8  3465    -1
 161 1929.5077 1115.5890    58     9     8  4709    60
 162 2131.6460 1116.5201    56     9     8  3944    -1
 163 2343.9916 1117.2349    53     8     8  3246    -1
 164 1953.7989 1118.4486    58     9     9  4633   145
 165 2157.0479 1119.4709    55     9     8  3814    -1
 166 2370.7135 1120.1173    53     9     8  3170    -1
 167 1978.1266 1121.3713    57     9     8  4489   146
 168 2182.6022 1122.3637    55     9     8  3748   163
 169 2397.4664 1123.0964    53     9     8  3096    -1
 170 2002.7139 1124.2369    57     9     8  4458   129
 171 2208.2684 1125.3057    58     9     8  3811    -1
 172 2424.3937 1126.1104    49     9     8  2817    -1
 173 2027.3489 1127.1702    58     9     8  4416    -1
 174 2234.0490 1128.2804    56     9     8  3647    -1
 175 1854.5426 1128.5520    51     9     8  3607    -1
 176 2451.6744 1129.0445    50     8     8  2781    65
 177 2052.1052 1130.0912    57     9     8  4286    -1
 178 2260.0436 1131.2513    54     8     8  3480    -1
 179 1878.0367 1131.5709    55     9     8  4669    25
 180 2077.0586 1133.0375    56     9     8  4132    -1
 181 2286.2013 1134.1828    56     9     8  3503    -1
 182 1901.9851 1134.4881    56     9     9  4645    38
 183 2102.1166 1136.0008    57     9     8  4102   150
 184 2312.3808 1137.1827    54     9     8  3346    -1
 185 1925.9997 1137.3986    56    10     8  4585   134
 186 2127.2933 1138.9269    58     9     8  4090    -1
 187 2338.8899 1140.2150    53     8     8  3222    -1
 188 1950.1257 1140.3440    56     9     8  4499    88
 189 2152.6104 1141.9161    60     9     8  4096    -1
 190 2365.3265 1143.2102    52     9     8  3090    -1
 191 1974.4719 1143.3119    58     9     8  4537   138
 192 2178.0447 1144.8910    55     9     8  3745    -1
 193 1998.8864 1146.2443    57     9     8  4395   131
 194 2392.0674 1146.2447    51     8     8  2973    -1
 195 2203.6970 1147.8496    56     9     8  3724    99
 196 2023.4662 1149.2295    58     9     8  4379   113
 197 2418.9530 1149.2624    51     8     8  2912    -1
 198 1851.2800 1150.2038    50     8     8  3550    63
 199 2229.3658 1150.8498    58     9     8  3772    -1
 200 2048.1197 1152.1996    58     9     8  4278   142
 201 2445.9693 1152.3917    48     8     8  2677    -1
 202 1874.7946 1153.1160    58     9     8  4869    20
 203 2255.2200 1153.8303    56     9     8  3575    -1
 204 2072.9658 1155.1871    55     8     8  4038   135
 205 1898.5692 1156.1069    59     9     8  4858    24
 206 2281.1483 1156.9195    54     9     8  3408    -1
 207 2097.9330 1158.1763    56     9     8  4017   137
 208 1922.5273 1159.0665    60     9     8  4834    36
 209 2307.3699 1159.9420    56     9     8  3438    -1
 210 2122.9523 1161.1972    53     8     8  3687    -1
 211 1946.6056 1162.0615    59     9     8  4683    67
 212 2333.7358 1162.9450    55     9     8  3314    -1
 213 2148.1548 1164.0915    55     9     8  3619    -1
 214 1970.8203 1165.0456    57     9     8  4483   136
 215 2360.0947 1166.0275    52     8     8  3091    -1
 216 2173.6913 1167.2103    56     9     8  3694   167
 217 1995.0691 1168.0561    57     9     8  4391    97
 218 2386.7816 1169.1165    50     8     8  2912    -1
 219 2199.0236 1170.2921    53     9     8  3540    -1
 220 2019.5928 1171.1152    57     9     8  4326   112
 221 1848.1370 1171.5637    51     8     7  3539    48
 222 2413.4086 1172.2611    49     9     8  2789    -1
 223 2224.7473 1173.3142    55     9     8  3579    -1
 224 2044.1537 1174.1463    58     9     8  4260    -1
 225 1871.4962 1174.5206    53     9     8  4497    18
 226 2145.9806 1175.1855    68    10     9  4586    -1
 227 2440.2406 1175.4173    46     8     7  2566    -1
 228 2250.4127 1176.4072    52     9     8  3322    -1
 229 2068.9362 1177.1828    56     9     8  4061    -1
 230 1895.1398 1177.5377    56     9     8  4602    31
 231 2276.2724 1179.4666    52     9     7  3259    -1
 232 2093.8064 1180.2559    56     9     8  3988    -1
 233 1919.0581 1180.5587    55     9     8  4472    84
 234 2302.3484 1182.4983    52     9     7  3187    -1
 235 2118.7677 1183.3030    55     9     8  3826    -1
 236 1943.0117 1183.6151    54     8     8  4324    71
 237 2328.6431 1185.5484    51     9     7  3067    -1
 238 2143.8741 1186.4494    51     9     7  3360    -1
 239 1967.1163 1186.6628    55     9     8  4298    83
 240 2155.2529 1187.6129    30     8     6  1925    -1
 241 2354.9111 1188.6585    51     8     8  3017    -1
 242 2169.1574 1189.4391    51     8     7  3338    -1
 243 1991.3687 1189.7013    57     9     8  4350    -1
 244 2381.3614 1191.7871    50     9     8  2904    -1
 245 2194.5386 1192.4825    52     9     7  3455    -1
 246 1845.0621 1192.6323    49     8     8  3425    79
 247 2015.7731 1192.7929    56     9     8  4217   111
 248 2408.1250 1195.0274    49     8     8  2778    -1
 249 2220.0485 1195.5089    51     8     7  3334    -1
 250 1868.1665 1195.7950    56     9     8  4668    12
 251 2040.2073 1195.8703    56     9     8  4153   128
 252 2434.8603 1198.2449    47     8     8  2597    -1
 253 2245.7746 1198.6127    53     9     8  3360    -1
 254 1891.8953 1198.8687    56     9     8  4601    30
 255 2064.9046 1198.9744    55     9     8  3998   133
 256 2271.4865 1201.7556    54     9     8  3365    -1
 257 1915.6536 1201.9539    59     9     8  4675    28
 258 2089.6690 1202.0904    58     9     8  4089    -1
 259 2297.3947 1204.9753    54     9     8  3308    -1
 260 1939.4927 1205.0611    58     9     8  4554    45
 261 2114.5640 1205.2162    57     9     8  3960    -1
 262 2323.5337 1208.1273    53     9     8  3184    -1
 263 1963.5210 1208.1753    58     9     8  4474    68
 264 2139.5564 1208.3530    55     9     8  3689    -1
 265 1987.7031 1211.3331    56     9     8  4262    -1
 266 2349.7753 1211.3348    51     9     8  3004    -1
 267 2164.7202 1211.4977    52     9     7  3472    -1
 268 1841.8580 1213.7165    51     9     8  3469    41
 269 2011.9540 1214.4234    55     9     8  4120   116
 270 2376.1148 1214.4643    48     8     7  2792    -1
 271 2189.9953 1214.5361    52     8     7  3458    -1
 272 1864.9711 1216.9216    53     8     8  4486     4
 273 2036.3584 1217.5000    53     9     7  3921   127
 274 2402.6743 1217.6086    45     8     7  2554    -1
 275 2215.4314 1217.6423    55     9     8  3523    -1
 276 1888.4994 1220.0667    58     9     8  4647     8
 277 2060.8825 1220.6218    55     9     8  3924   132
 278 2429.4569 1220.6531    44     8     7  2409    -1
 279 2240.9916 1220.8296    52     8     8  3316    -1
 280 1912.1353 1223.2307    55     9     8  4395    58
 281 2085.5663 1223.7498    57     9     8  3951    -1
 282 2266.7334 1224.0162    54     9     8  3347    -1
 283 1935.9872 1226.3460    55     9     8  4308    46
 284 2110.3168 1226.9533    56     9     8  3859    -1
 285 2292.5107 1227.3464    51     9     8  3110    -1
 286 1959.9212 1229.4939    53     9     7  4134    72
 287 2135.2477 1230.1509    55     9     8  3741    -1
 288 2318.4919 1230.4453    51     9     7  3044    -1
 289 1983.9642 1232.6013    54     8     8  4111    -1
 290 2160.2391 1233.3718    53     9     8  3547    -1
 291 2344.6542 1233.5584    49     9     7  2878    -1
 292 1838.6869 1234.6535    48     9     7  3299   141
 293 2008.0941 1235.7853    53     9     8  4010   110
 294 2185.4508 1236.4952    51     9     7  3384    -1
 295 2370.9596 1236.7396    46     8     8  2659    -1
 296 1861.8115 1237.8798    57     9     8  4638     9
 297 2032.4788 1238.9980    57     9     8  4125   157
 298 2210.8563 1239.6073    51     8     8  3305    -1
 299 2397.2107 1240.1821    45     8     8  2530    -1
 300 1885.1267 1241.1355    55     9     8  4451    10
 301 2056.9440 1242.2220    53     9     8  3801   130
 302 2236.2013 1242.8175    52     9     8  3293    -1
 303 2423.9641 1243.4091    46     8     7  2509    -1
 304 1908.8473 1244.3207    54     9     8  4295    23
 305 2081.4475 1245.4543    51     9     7  3578    -1
 306 2261.9126 1246.1068    50     8     8  3118    -1
 307 1932.4941 1247.4843    51     9     7  4076    50
 308 2106.1293 1248.5331    50     8     7  3498    -1
 309 2287.5498 1249.4373    50     9     7  3042    -1
 310 1956.3157 1250.5766    54     9     8  4149    56
 311 2131.0005 1251.7188    51     8     8  3505    -1
 312 2313.4978 1252.5194    50     9     7  2964    -1
 313 1980.2697 1253.8112    54     9     8  4098    87
 314 2155.9330 1254.9408    52     8     8  3496    -1
 315 1835.5351 1255.5045    48     8     7  3284    26
 316 2339.5332 1255.7916    49     9     8  2841    -1
 317 2004.3366 1257.1203    55     9     8  4072    95
 318 2181.0453 1258.3124    51     8     8  3355    -1
 319 1858.5469 1258.6778    55     9     8  4454     3
 320 2365.6478 1259.2170    47     8     8  2668    -1
 321 2028.5783 1260.4159    54     9     8  3913   168
 322 2206.2056 1261.4607    51     9     7  3287    -1
 323 1881.9577 1261.9729    53     8     8  4293    16
 324 2392.1069 1262.3702    46     8     7  2562    -1
 325 2052.9412 1263.5624    52     8     7  3722    -1
 326 2231.6975 1264.6501    51     9     8  3203    -1
 327 1905.3795 1265.3061    55     9     8  4302    15
 328 2418.4890 1265.5385    41     7     7  2232    -1
 329 2077.4447 1266.7289    56     9     8  3831    -1
 330 2257.0540 1268.0026    50     8     8  3083    -1
 331 1929.0217 1268.4566    52     8     7  4074    35
 332 2102.0242 1270.0848    52     8     8  3590    -1
 333 2282.8039 1271.3588    50     8     7  3010    -1
 334 1952.8227 1271.6175    52     9     8  4013    69
 335 2126.7851 1273.3739    51     9     7  3462    -1
 336 2308.5792 1274.5226    49     9     7  2892    -1
 337 1976.7084 1274.9123    54     9     8  4034    70
 338 1832.4608 1276.2824    47     8     7  3191    33
 339 2151.6357 1276.5488    50     9     7  3340    -1
 340 2334.4774 1277.7768    46     9     8  2654    -1
 341 2000.6986 1278.3006    55     9     8  4014    98
 342 1855.3455 1279.4759    51     9     7  4213     6
 343 2176.6177 1279.7549    52     9     8  3373    -1
 344 2360.5000 1281.3605    46     9     7  2594    -1
 345 2024.7928 1281.5177    50     9     7  3685   159
 346 1878.7025 1282.6627    55     9     8  4330     5
 347 2201.7657 1283.1729    52     9     8  3300    -1
 348 2386.6667 1284.5516    45     8     7  2502    -1
 349 2049.0144 1284.7306    51     8     8  3660    -1
 350 1902.0437 1286.0079    52     8     8  4110    21
 351 2226.9744 1286.4617    49     8     7  3076    -1
 352 2413.1763 1287.8757    41     8     7  2223    -1
 353 2073.3825 1288.1229    53     9     8  3671    -1
 354 1925.5977 1289.3805    54     9     8  4123    29
 355 2252.3642 1289.6743    49     9     7  2995    -1
 356 2097.9410 1291.3944    50     8     7  3466    -1
 357 1949.2418 1292.5289    52     9     7  3948    53
 358 2277.9467 1293.1557    49     8     8  2938    -1
 359 2122.5857 1294.5834    50     9     7  3375    -1
 360 1972.9945 1295.8224    50     8     8  3784    90
 361 2303.5815 1296.4976    45     8     7  2667    -1
 362 1829.4160 1296.6216    46     8     7  3098    14
 363 2147.2188 1297.9830    52     9     8  3393    -1
 364 1996.9575 1299.2655    51     8     8  3761   106
 365 2329.5292 1299.7449    45     9     7  2593    -1
 366 1852.1121 1300.0374    53     9     8  4243     1
 367 2172.1557 1301.3697    47     8     7  3079    -1
 368 2020.9913 1302.5391    52     8     7  3750   158
 369 2355.3567 1303.3020    44     9     7  2493    -1
 370 1875.3861 1303.3953    52     9     7  4119     7
 371 2197.2023 1304.6068    50     8     7  3165    -1
 372 2045.0415 1305.8198    51     8     8  3610    -1
 373 2381.4918 1306.5245    44     9     7  2445    -1
 374 1898.7752 1306.5999    51     9     7  4011    22
 375 2222.3501 1307.9923    52     9     8  3187    -1
 376 2069.3726 1309.2951    52     9     8  3581    -1
 377 2407.7965 1310.0058    40     8     7  2172    -1
 378 1922.1089 1310.0087    52     8     8  3978    27
 379 2247.7092 1311.4616    49     9     7  2971    -1
 380 2093.8617 1312.5186    50     9     7  3415    -1
 381 1945.7739 1313.4045    50     9     7  3778    54
 382 2273.0810 1314.7117    47     8     7  2813    -1
 383 2118.3391 1315.8047    52     9     8  3414    -1
 384 1969.4393 1316.6091    52     9     8  3819    78
 385 1826.4586 1317.1622    46     8     7  3049    19
 386 2298.7346 1318.2136    48     9     7  2805    -1
 387 2143.0339 1319.2950    49     8     7  3216    -1
 388 1993.1870 1320.0889    53     9     8  3781   151
 389 1849.0357 1320.4672    50     8     7  4025     0
 390 2324.5425 1321.5198    47     9     7  2703    -1
 391 2167.8513 1322.5845    47     8     7  3036    -1
 392 2017.2159 1323.4505    49     9     7  3541    -1
 393 1872.1107 1323.7776    50     8     8  3959     2
 394 2350.3303 1325.0307    43     8     8  2427    -1
 395 2192.8887 1326.0306    50     8     8  3120    -1
 396 2041.2254 1326.7123    51     9     8  3544    -1
 397 1895.3941 1327.2607    52     9     8  3950    11
 398 2376.3601 1328.4588    44     8     7  2443    -1
 399 2217.8748 1329.4755    48     8     7  2971    -1
 400 2065.4465 1330.2675    51     9     8  3466   193
 401 1918.8180 1330.5279    50     9     7  3827    37
 402 2402.5245 1331.7638    39     7     7  2113    -1
 403 2242.9676 1332.7868    47     8     8  2859    -1
 404 2089.8117 1333.5730    47     8     7  3213   171
 405 1942.2084 1333.9503    52     9     8  3797    51
 406 2268.3176 1336.3374    48     9     7  2855    -1
 407 2114.1753 1336.9639    50     9     8  3276    -1
 408 1823.3614 1337.1067    44     8     7  2734    55
 409 1965.8825 1337.4202    49     8     7  3603    61
 410 2293.8878 1339.6561    46     8     7  2710    -1
 411 2138.8273 1340.4095    49     8     7  3168    -1
 412 1845.9454 1340.4943    49     8     7  3687    13
 413 1989.6405 1340.6842    52     9     8  3675   165
 414 2319.5185 1343.1728    43     8     7  2474    -1
 415 2163.5385 1343.7323    47     9     7  3000    -1
 416 1868.9675 1344.0231    49     8     8  3620    17
 417 2013.4332 1344.2537    49     9     8  3453   175
 418 2345.3660 1346.5447    43     8     7  2441    -1
 419 2188.2668 1347.2997    48     9     7  3009    -1
 420 1892.0801 1347.4680    47     8     7  3536   187
 421 2037.4237 1347.5658    51     9     7  3507    -1
 422 2371.1491 1350.0877    43     8     7  2378    -1
 423 2213.2673 1350.6218    47     9     7  2900    -1
 424 1915.3242 1351.0020    53     9     8  3873    32
 425 2061.5644 1351.0333    53     9     8  3520   191
 426 2397.3171 1353.5183    40     7     7  2164    -1
 427 2238.3487 1354.2219    47     9     7  2839    -1
 428 1938.7972 1354.4502    49     9     7  3715    34
 429 2085.7864 1354.4761    49     9     7  3288    -1
 430 2263.7239 1357.6175    46     8     7  2751    -1
 431 2110.0480 1357.8840    48     8     8  3150    -1
 432 1962.2214 1357.8845    53     9     8  3802    62
 433 2289.0979 1361.1032    44     8     7  2578    -1
 434 1985.9095 1361.3866    49     8     7  3588   156
 435 2134.5943 1361.4114    49     9     7  3150    -1
 436 2314.6128 1364.5593    44     8     7  2537    -1
 437 2009.7054 1364.7416    50     9     7  3576   169
 438 2159.2093 1364.7717    48     8     7  3033    -1
 439 2340.2180 1368.0677    43     8     7  2416    -1
 440 2183.9338 1368.2897    48     8     7  3004    -1
 441 2033.5414 1368.3531    50     9     7  3514    -1
 442 2366.1432 1371.6502    43     8     7  2363    -1
 443 2057.5908 1371.6983    49     9     7  3408    -1
 444 2208.8255 1371.7297    46     8     7  2853    -1
 445 2392.0500 1375.0625    41     8     7  2210    -1
 446 2081.6957 1375.2808    51     9     7  3444    -1
 447 2233.8432 1375.3400    48     8     7  2875    -1
 448 2105.9583 1378.6655    48     8     7  3240    -1
 449 2258.9587 1378.8568    45     8     7  2662    -1
 450 2130.3138 1382.2584    48     9     7  3141    -1
 451 2284.3276 1382.3833    45     8     7  2627    -1
 452 1936.9132 1382.7156    23     7     5  1317    -1
 453 2154.8658 1385.6850    48     8     7  3119    -1
 454 2309.6847 1385.8503    43     8     7  2464    -1
 455 2179.5392 1389.2943    47     9     7  2987    -1
 456 2335.3462 1389.4808    43     8     7  2410    -1
 457 2204.2735 1392.7248    49     9     7  3046    -1
 458 2361.0300 1393.0250    40     8     6  2200    -1
 459 2229.1896 1396.3569    46     8     7  2838    -1
 460 2386.8677 1396.5774    42     8     7  2255    -1
 461 2254.2297 1399.8852    40     8     7  2418    -1
 462 2279.4568 1403.4952    45     9     7  2667    -1
 463 2304.9174 1406.9638    41     8     6  2395   198
 464 2330.3943 1410.3855    42     8     7  2327    -1
 465 2356.1466 1413.6293    37     8     6  1966    -1
 466 2382.1000 1416.7444    25     7     4  1295    -1
