490
   0 1339.7857  464.9071    55    19     4  2890    -1
   1 1333.8750  475.8007    43    23     6  2446    -1
   2 1332.1850  490.6191   301    25    27 17996    -1
   3 1317.4627  492.9831   114     5    33  6290    -1
   4 1293.3560  862.0747    20    13     2  2479   470
   5 1331.8009  864.8961    26     5     7  2696   417
   6 1229.0230  885.5629    50     8     9  6412   459
   7 1249.9948  887.7907    56     8     9  9237   142
   8 1271.2240  889.9048    56     8     8  9253   148
   9 1292.6573  891.9641    57     9     8  9493    -1
  10 1314.0752  894.0646    54     8     8  9487   138
  11 1335.7226  896.2478    59     9     9  9460   165
  12 1656.5534  896.8034    41     8     7  4110   448
  13 1357.3279  898.4720    59     9     9  9311    -1
  14 1379.1059  900.7619    59     8     9  9253   192
  15 1401.0505  902.9598    58     8     8  9076   213
  16 1423.0793  905.0944    56     8     8  8838    -1
  17 1228.0023  906.8936    54     8     8  7034    -1
  18 1716.3348  907.2934   492    86    31 32385   460
  19 1445.1999  907.3515    62     9     9  9014   252
  20 1248.9048  909.0293    54     8     8  9400    85
  21 1467.5178  909.7018    62     9     9  8889   272
  22 1270.0464  911.1677    54     8     8  9258    97
  23 1489.9323  911.9304    59     9     8  8626    -1
  24 1291.3301  913.4404    56     9     9  9027    -1
  25 1512.3274  914.0904    59     9     8  8638   306
  26 1312.8000  915.7614    55     8     9  9077   141
  27 1534.9755  916.4020    61     9     9  8549   329
  28 1334.1801  917.9649    56     8     8  8990   149
  29 1557.6851  918.7950    62     9     9  8513    -1
  30 1355.9351  920.1191    56     8     8  8881    -1
  31 1580.4457  920.9849    60     9     8  8382   362
  32 1377.6462  922.4337    58     9     9  8694   188
  33 1603.3120  923.2017    64     9     9  8349   384
  34 1399.4583  924.7763    58     9     9  8630   211
  35 1626.3344  925.6189    64     9     9  8177   469
  36 1421.3459  927.0101    58     9     8  8638   333
  37 1649.4871  927.9229    60     9     8  7878   392
  38 1226.9128  928.0963    50     8     8  6773    98
  39 1443.4523  929.2396    58     9     9  8396   246
  40 1672.7280  930.1337    62     9     9  7675   419
  41 1247.7744  930.2753    53     8     8  9067    46
  42 1465.6839  931.6443    62     9     9  8490   263
  43 1696.0626  932.6046    62     9     9  7325   408
  44 1268.8771  932.6253    56     8     9  9186    87
  45 1487.9540  933.9314    56     8     8  8117   291
  46 1290.0612  934.9056    53     8     8  9095   116
  47 1719.5726  935.0199    61     9     8  7126   434
  48 1510.2739  936.1386    59     9     8  8252   312
  49 1311.3925  937.1126    56     9     8  9041   111
  50 1743.2669  937.2226    62     9     8  6953   443
  51 1532.8793  938.5231    60     9     9  8151   326
  52 1332.8804  939.3969    57     8     9  8973   123
  53 1766.8436  939.6540    57     8     9  5181   464
  54 1555.4421  940.8957    60     9     8  8145   458
  55 1354.3759  941.7589    55     9     8  8656   167
  56 1578.1278  943.1272    59     9     8  7856   363
  57 1376.0285  944.0126    54     8     8  8685   176
  58 1600.9889  945.5532    61     9     9  7840   380
  59 1397.8758  946.3108    57     8     9  8589   200
  60 1623.9305  947.9140    60     9     8  7599    -1
  61 1419.7616  948.7491    56     9     9  8445   231
  62 1225.8615  949.1863    50     8     8  6619    63
  63 1646.9544  950.1584    60     9     8  7441   405
  64 1441.7645  951.0067    58     9     8  8521   236
  65 1246.6708  951.4611    54     8     9  8946    37
  66 1670.0853  952.6271    62     9     9  7450   412
  67 1463.8390  953.3268    59     9     9  8342   266
  68 1267.7112  953.8083    54     8     8  9086    43
  69 1693.3703  954.9643    60     9     8  7271   462
  70 1485.9844  955.8030    57     8     9  8186   290
  71 1288.8844  956.0723    53     8     8  9040    96
  72 1716.8324  957.2466    62     9     9  7122   427
  73 1508.2382  958.0566    58     9     8  8205   300
  74 1310.0829  958.3740    56     8     9  9000   104
  75 1740.3896  959.8048    64     9     9  7078   432
  76 1530.7904  960.4194    61     9     9  8140   324
  77 1331.4493  960.7794    56     9     8  8830   126
  78 1763.8763  962.0598    57     8     8  5133   428
  79 1553.2187  962.8846    60     9     8  8041   342
  80 1352.9562  963.0644    54     8     8  8791   168
  81 1575.9441  965.1354    58     9     8  7777   351
  82 1374.4991  965.4465    58     9     9  8604   171
  83 1598.6834  967.6282    62     9     9  7882   371
  84 1396.1138  967.8911    56     8     8  8574   183
  85 1621.4872  969.9889    60     9     8  7774   396
  86 1418.0054  970.1284    56     8     8  8499   465
  87 1224.8114  970.1562    50     8     8  6514    53
  88 1644.4326  972.3183    64     9     9  7697   399
  89 1245.5533  972.4567    55     9     9  8850    27
  90 1439.9278  972.6366    58     8     9  8426   222
  91 1266.5131  974.8416    55     9     8  8939    44
  92 1667.5248  974.8715    60     9     8  7398   406
  93 1461.9564  974.9733    54     8     8  8140   244
  94 1690.7211  977.1257    61     9     8  7252   445
  95 1287.6123  977.1865    56     9     8  8915    79
  96 1484.0456  977.3112    58     8     9  8201   273
  97 1308.7827  979.5824    53     8     9  8717    92
  98 1714.0470  979.6742    62    10     9  7118   424
  99 1506.2385  979.8454    59     9     8  8181   293
 100 1330.0283  981.9678    53     8     8  8847   105
 101 1737.5546  982.0362    60     9     8  6941   429
 102 1528.6854  982.1355    59     9     8  8091   314
 103 1351.4268  984.3335    55     9     8  8545   162
 104 1760.9425  984.5044    57     9     9  5112   452
 105 1551.0564  984.6551    59     9     9  7921   349
 106 1372.9548  986.8233    54     8     8  8599   154
 107 1573.6949  987.0198    60     9     8  7977   338
 108 1394.6019  989.1622    56     9     8  8501   186
 109 1596.2483  989.4842    62     9     9  7843   365
 110 1223.8040  990.9832    50     8     8  6428    22
 111 1416.2450  991.6108    57     9     9  8348   232
 112 1619.0549  991.9492    60     9     8  7590   387
 113 1244.4602  993.3343    52     9     8  8676    15
 114 1438.0691  994.0263    55     8     8  8310   223
 115 1641.9656  994.3153    59     9     9  7374   393
 116 1265.3075  995.7470    53     8     8  8724    36
 117 1460.0539  996.4382    56     8     9  8142   241
 118 1664.9641  996.8798    60     9     8  7258   404
 119 1286.3217  998.1234    53     8     8  8807    81
 120 1482.0645  998.9469    57     8     8  8129   270
 121 1688.0338  999.2158    61     9     9  7177   397
 122 1307.4480 1000.5794    55     9     9  8610    82
 123 1504.2369 1001.2874    58     9     9  8027   284
 124 1711.3081 1001.8443    62     9     8  7134   418
 125 1328.7233 1003.0096    54     8     8  8679   102
 126 1526.5789 1003.8404    58     9     8  8030   295
 127 1734.7356 1004.1728    60     9     8  6863   425
 128 1349.9840 1005.4334    56     8     9  8624   155
 129 1548.9650 1006.2015    56     8     8  7731   332
 130 1758.0207 1006.8091    57     9     8  5124   451
 131 1371.3767 1007.9012    56     9     8  8526   163
 132 1571.3921 1008.8046    59     9     8  7816   327
 133 1392.9627 1010.3227    56     8     9  8428   180
 134 1593.9915 1011.1597    56     8     8  7504   346
 135 1222.7668 1011.5110    49     8     8  6175    39
 136 1414.6591 1012.8494    57     9     8  8439   224
 137 1616.7002 1013.8075    59     9     8  7535   385
 138 1243.3694 1014.0463    53     8     8  8775    12
 139 1436.3187 1015.2945    57     9     8  8227   219
 140 1639.4591 1016.1706    60     9     8  7453   381
 141 1264.1862 1016.5396    53     8     9  8615    28
 142 1458.1541 1017.8365    58     9     8  8214   230
 143 1662.3630 1018.7927    60     9     8  7270   398
 144 1285.0875 1018.9626    53     8     8  8873    71
 145 1480.1454 1020.2123    55     9     8  7989   243
 146 1685.3958 1021.1773    59     9     8  7105   441
 147 1306.1385 1021.4373    53     8     9  8553    78
 148 1502.2378 1022.8150    58     9     8  8023   271
 149 1708.6140 1023.8280    60     9     8  7000   416
 150 1327.2398 1023.9140    54     8     8  8592   110
 151 1524.4659 1025.2540    58     9     8  7884   287
 152 1731.9141 1026.2102    59     9     8  6732   426
 153 1348.5302 1026.4061    55     9     9  8341   153
 154 1546.8472 1027.8478    57     9     8  7761   316
 155 1755.1095 1028.8470    57     9     8  5147   453
 156 1369.9289 1028.9439    54     8     8  8534   136
 157 1569.1234 1030.2419    58     9     9  7635   330
 158 1391.3181 1031.4155    54     9     9  8153   169
 159 1221.7693 1032.2206    47     8     8  6115    19
 160 1591.7241 1032.8803    58     9     8  7622   334
 161 1412.9512 1033.9544    54     8     8  8305   206
 162 1242.2831 1034.6652    51     8     8  8452     3
 163 1614.2371 1035.3435    59     9     9  7397   383
 164 1434.6431 1036.4691    56     9     9  8006   209
 165 1262.9860 1037.1507    54     8     8  8864    35
 166 1636.9946 1037.9454    57     8     8  7167   375
 167 1456.3547 1038.9789    58     9     8  8179   227
 168 1283.9034 1039.6525    53     8     8  8656    62
 169 1659.8595 1040.4746    60     9     9  7173   395
 170 1478.2696 1041.4853    58     9     9  7925   264
 171 1304.8440 1042.1782    50     8     8  8454    67
 172 1682.8129 1043.0188    58     9     8  7019   431
 173 1500.2159 1044.0511    57     9     8  7985   269
 174 1325.9359 1044.7103    53     8     8  8536    95
 175 1705.9031 1045.6605    60     9     9  6863   414
 176 1522.4124 1046.6217    58     9     9  7739   283
 177 1347.0440 1047.2179    54     8     8  8514   132
 178 1729.0940 1048.1227    59     9     8  6684   422
 179 1544.6847 1049.1374    58     9     8  7740   323
 180 1368.3094 1049.7730    55     9     8  8259   140
 181 1752.2721 1050.7716    57     9     8  5092   449
 182 1566.9512 1051.7932    56     8     8  7472   311
 183 1389.7968 1052.3204    53     8     8  8051   156
 184 1220.7402 1052.4793    47     8     7  5931    29
 185 1589.3374 1054.2820    57     9     8  7383   345
 186 1411.1630 1054.9066    54     8     8  8118   204
 187 1241.1968 1055.1057    54     8     8  8736     7
 188 1611.9343 1056.9115    55     9     8  7173   370
 189 1432.8879 1057.4660    56     8     9  8008   194
 190 1261.8856 1057.6399    52     8     8  8541    31
 191 1634.5439 1059.4811    61     9     9  7238   373
 192 1454.6112 1060.0311    57     9     8  8077   212
 193 1282.6851 1060.2382    53     8     8  8430    49
 194 1657.2402 1062.0667    59     9     8  7176   391
 195 1476.3785 1062.6072    58     9     9  7865   240
 196 1303.5309 1062.7565    52     9     8  8293    61
 197 1680.1338 1064.7274    59     9     8  6929   435
 198 1498.2482 1065.1623    57     9     8  7846   259
 199 1324.5649 1065.3702    54     9     8  8216    99
 200 1703.1605 1067.2592    60     9     8  6820   411
 201 1520.3185 1067.7937    56     9     8  7631   277
 202 1345.6754 1067.9392    54     9     8  8317   131
 203 1726.3030 1069.9559    60     9     8  6766   415
 204 1542.4843 1070.3744    57     9     9  7490   310
 205 1366.8561 1070.5241    53     8     9  8076   129
 206 1749.4268 1072.5407    54     9     8  4764    -1
 207 1219.7396 1072.8592    48     8     8  5944    21
 208 1564.8156 1072.9853    57     9     8  7536   307
 209 1388.1097 1073.0939    54     8     8  8275   159
 210 1240.1259 1075.4857    52     8     8  8400     1
 211 1587.0459 1075.6689    55     8     8  7172   320
 212 1409.6164 1075.6990    54     9     8  7931   202
 213 1260.7223 1078.0803    51     8     8  8430    20
 214 1609.5202 1078.2506    57     9     8  7201   368
 215 1431.0981 1078.3228    53     8     8  7848   190
 216 1281.4068 1080.6163    50     8     8  8088    51
 217 1632.0485 1080.9250    59     9     8  7178   360
 218 1452.8462 1080.9461    54     8     8  7708   221
 219 1302.2504 1083.2727    54     8     8  8398    56
 220 1474.5196 1083.4996    54     9     9  7240   254
 221 1654.8085 1083.5591    59     9     9  6979   386
 222 1323.1622 1085.8304    50     8     8  8175    90
 223 1677.5815 1086.1582    60     9     8  7023   430
 224 1496.3176 1086.1946    58     9     8  7559   255
 225 1344.1913 1088.5103    53     8     9  8070   120
 226 1518.2525 1088.8343    56     9     8  7547   265
 227 1700.5216 1088.8685    60     9     8  6891   401
 228 1365.3198 1091.1168    54     9     8  8117   130
 229 1540.3646 1091.4545    55     9     9  7255   299
 230 1723.5848 1091.5164    62     9     9  6638   420
 231 1218.7506 1093.0539    47     8     8  5905    14
 232 1386.5944 1093.7454    52     9     8  7864   158
 233 1473.6417 1093.9871    70     9     8  9737   172
 234 1562.5577 1094.1391    59     9     8  7492   297
 235 1746.6562 1094.1687    55     9     8  4863   450
 236 1239.0989 1095.6214    51     8     8  8314     6
 237 1407.9480 1096.4040    54     8     8  7856   189
 238 1584.8693 1096.8382    55     9     8  7185   325
 239 1259.6206 1098.3253    51     8     8  8148    11
 240 1429.3591 1099.0647    56     9     8  7939   193
 241 1607.1442 1099.4661    58     9     9  7090   355
 242 1280.2317 1100.8719    51     8     8  8272    52
 243 1450.9600 1101.7257    53     8     8  7546   207
 244 1629.7259 1102.1394    58     9     8  7093   352
 245 1300.9945 1103.5522    51     8     8  8125    57
 246 1472.6209 1104.4460    51     9     8  6918   468
 247 1652.2155 1104.8659    58     9     8  6939   374
 248 1482.1987 1105.6236    38     8     7  4950   340
 249 1321.8232 1106.2586    50     8     8  8038    69
 250 1494.3914 1107.0523    56     9     8  7341   256
 251 1674.9875 1107.5524    56     8     9  6597   433
 252 1342.8130 1108.9288    54     8     8  8243   114
 253 1516.2455 1109.7366    57     9     8  7466   251
 254 1697.8841 1110.2114    59     9     8  6689   403
 255 1363.8755 1111.5681    52     8     8  7916   118
 256 1538.2414 1112.4057    55     9     9  7224   278
 257 1720.8532 1112.9556    57     9     8  6432   413
 258 1217.7595 1113.0886    47     8     8  5838    18
 259 1384.9991 1114.2871    53     8     8  7934   143
 260 1560.2855 1115.1193    58     9     8  7376   302
 261 1238.0364 1115.6755    52     8     8  8342     0
 262 1743.7249 1115.7070    52     8     8  4610   472
 263 1406.2295 1116.9407    53     8     8  7789   198
 264 1582.5813 1117.8224    58     9     8  7264   304
 265 1258.4901 1118.4413    50     8     8  7969     5
 266 1427.7162 1119.6290    53     9     8  7627   177
 267 1604.8773 1120.5879    56     9     9  6906   357
 268 1279.0070 1121.0870    52     8     8  8353    45
 269 1449.1263 1122.3724    52     8     8  7492   201
 270 1627.1974 1123.2781    57     9     8  6901   348
 271 1299.6856 1123.7295    51     8     8  8019    50
 272 1470.8575 1125.0539    53     8     8  7436   226
 273 1649.8464 1126.0036    57     9     8  6845   366
 274 1320.4841 1126.4916    50     9     8  7715    77
 275 1492.4605 1127.7442    55     9     8  7307   234
 276 1672.4079 1128.7401    58     9     8  6702   372
 277 1341.3791 1129.2199    51     8     8  7844   107
 278 1514.2455 1130.4855    54     9     9  7180   258
 279 1695.1643 1131.4786    59     9     9  6543   390
 280 1362.3147 1131.8849    53     8     8  7851   119
 281 1216.7433 1132.9101    45     8     8  5588    80
 282 1536.1253 1133.2261    55     9     8  7244   281
 283 1718.0704 1134.2358    57     9     8  6302   410
 284 1383.4422 1134.6147    53     9     8  7671   139
 285 1236.9527 1135.5931    51     8     8  8145     8
 286 1558.1087 1135.9862    56     9     8  7183   296
 287 1740.8593 1137.0212    52     8     8  4626   467
 288 1404.7013 1137.4065    51     8     8  7394   166
 289 1257.3565 1138.4324    50     8     8  7901    13
 290 1580.2734 1138.7177    56     9     8  6975   309
 291 1425.9419 1140.1144    52     8     8  7551   173
 292 1277.8110 1141.1459    50     8     8  8057    34
 293 1602.5310 1141.5022    56     9     9  6804   339
 294 1447.3373 1142.8211    55     9     8  7483   197
 295 1298.4086 1143.7971    50     8     8  7784    48
 296 1624.9113 1144.2523    57     9     8  6803   335
 297 1468.9273 1145.6051    52     8     8  7281   210
 298 1319.1486 1146.5819    49     8     8  7723    74
 299 1647.2274 1147.0500    57     9     8  6779   358
 300 1490.5538 1148.3866    54     9     8  7216   235
 301 1339.9425 1149.3822    51     8     8  7789    91
 302 1669.9043 1149.8193    55     9     8  6480   423
 303 1512.1862 1151.1405    55     9     8  7320   238
 304 1360.8823 1152.1442    51     8     8  7792   106
 305 1692.5846 1152.6027    56     9     8  6324   388
 306 1215.7491 1152.6149    44     7     7  5343    93
 307 1534.0610 1153.9041    53     8     8  7067   276
 308 1381.9482 1154.8722    54     8     8  7858   127
 309 1715.3532 1155.4109    55     9     8  6082   409
 310 1235.8523 1155.4498    47     8     7  7792     9
 311 1556.0007 1156.6908    55     8     8  6968   288
 312 1403.0311 1157.6255    53     8     8  7487   157
 313 1737.9897 1158.2707    52     8     8  4493   474
 314 1256.2321 1158.2811    51     8     8  7932    10
 315 1578.0511 1159.4685    55     8     9  6784   298
 316 1424.2267 1160.4638    52     8     8  7207   175
 317 1276.6194 1161.0273    51     8     8  7868    30
 318 1600.1564 1162.2995    54     9     8  6690   319
 319 1445.6556 1163.2599    55     9     8  7299   195
 320 1297.1934 1163.7332    50     8     8  7817    55
 321 1622.4535 1165.1119    58     9     8  6814   344
 322 1467.0443 1165.9900    53     8     8  7366   220
 323 1317.8217 1166.5089    51     8     8  7719    75
 324 1644.8973 1167.9185    55     9     8  6561   356
 325 1488.6539 1168.7660    55     9     8  7220    -1
 326 1338.5976 1169.4070    49     8     8  7409    88
 327 1667.2986 1170.7302    56     9     8  6410   421
 328 1510.2436 1171.5879    54     9     8  6991   245
 329 1359.4255 1172.2096    52     9     8  7556   113
 330 1214.7636 1172.3965    44     8     7  5455    76
 331 1689.9373 1173.5886    55     9     8  6180   389
 332 1532.0348 1174.4339    54     8     8  6892   267
 333 1380.3298 1174.9745    52     8     8  7470   128
 334 1234.7950 1175.1965    50     8     8  7917     2
 335 1712.6701 1176.4477    59     9     8  6236   402
 336 1553.9334 1177.2667    54     8     8  6828   249
 337 1401.3668 1177.7712    53     9     8  7274   152
 338 1255.1025 1177.9221    50     8     8  7861    26
 339 1735.2811 1179.3734    54     9     8  4541    -1
 340 1575.9157 1180.0907    53     8     8  6713   292
 341 1422.5872 1180.6034    52     9     8  7096   174
 342 1275.4230 1180.7132    49     8     8  7552    38
 343 1597.9580 1182.9453    54     8     8  6691   328
 344 1443.8796 1183.4658    51     8     8  6989   179
 345 1295.9416 1183.5319    50     8     8  7665    58
 346 1620.0563 1185.7962    55     8     8  6548   317
 347 1465.1865 1186.3126    52     8     8  7088   196
 348 1316.5167 1186.4662    47     9     7  7256    65
 349 1642.4050 1188.6292    56     9     8  6421   343
 350 1486.7803 1189.1539    52     8     8  6946   214
 351 1337.1631 1189.3314    52     8     8  7583    83
 352 1664.8443 1191.5531    56     9     9  6268   463
 353 1213.7934 1191.7672    44     8     8  5216   108
 354 1508.2291 1191.9387    54     9     8  6974    -1
 355 1357.9290 1192.1594    51     8     8  7538   100
 356 1687.3115 1194.4092    55     9     8  6130   376
 357 1233.7369 1194.6269    50     8     8  7662    17
 358 1529.9892 1194.7996    53     8     8  6875   262
 359 1378.8365 1195.0047    52     8     8  7456   125
 360 1710.0096 1197.2965    55     8     8  5974   400
 361 1253.9851 1197.5336    48     8     7  7611    23
 362 1551.8061 1197.6714    53     9     8  6717   260
 363 1399.8251 1197.7915    53     8     8  7329   150
 364 1732.6219 1200.2380    52     9     8  4405   444
 365 1274.3127 1200.4795    48     8     7  7418    33
 366 1573.6825 1200.5565    54     9     8  6591   280
 367 1420.9346 1200.6357    52     8     8  7160   164
 368 1294.6681 1203.3249    48     8     8  7404    42
 369 1595.6700 1203.4814    52     9     8  6359   308
 370 1442.0804 1203.5482    51     8     8  6930   178
 371 1315.1858 1206.1898    52     8     8  7574    59
 372 1617.7859 1206.3983    56     9     8  6438   331
 373 1463.3932 1206.4585    52     9     8  6861   199
 374 1335.7658 1209.0874    51     8     8  7453    86
 375 1639.9990 1209.2820    54     8     8  6273   321
 376 1484.8386 1209.3403    52     8     8  6809   217
 377 1212.8352 1211.3147    44     8     7  5270    64
 378 1356.4643 1211.8985    50     9     8  7152   121
 379 1662.2284 1212.2210    56     9     8  6305   475
 380 1506.2803 1212.2374    55     9     8  6905   229
 381 1232.7005 1214.1915    49     8     8  7588     4
 382 1377.2769 1214.7525    50     8     8  7121   137
 383 1684.8075 1215.1037    56     9     8  6189   378
 384 1527.9382 1215.1091    52     8     8  6721   250
 385 1252.8521 1217.0473    50     8     8  7603    16
 386 1398.2076 1217.6774    49     8     8  6971   146
 387 1549.6872 1218.0061    54     9     8  6626   279
 388 1707.2275 1218.0432    57     9     8  6127   367
 389 1273.1425 1219.8922    50     8     8  7569    41
 390 1419.2102 1220.6075    49     8     8  6832   160
 391 1571.4263 1220.8868    55     9     8  6561   274
 392 1729.8102 1220.9435    52     8     8  4431   439
 393 1293.4209 1222.7836    48     8     8  7252    47
 394 1440.3232 1223.5386    50     9     7  6748   182
 395 1593.3265 1223.7991    54     9     8  6354   305
 396 1313.8579 1225.7026    52     8     8  7436    84
 397 1461.6337 1226.4491    51     9     8  6717   191
 398 1615.3740 1226.7317    55     9     8  6241   347
 399 1334.3788 1228.6329    48     8     8  7012   103
 400 1482.9293 1229.4150    50     8     8  6653   215
 401 1637.5656 1229.6516    56     9     8  6217   336
 402 1211.8816 1230.5591    44     8     7  5127    72
 403 1355.0557 1231.5676    49     8     8  7113   117
 404 1504.3390 1232.3289    53     9     8  6676   233
 405 1659.8524 1232.6556    53     9     8  6050   354
 406 1231.6607 1233.4514    45     8     7  7186    25
 407 1375.7845 1234.4956    49     8     7  6945   124
 408 1525.9098 1235.2638    53     8     8  6613   239
 409 1682.1309 1235.6009    56     9     8  6021   466
 410 1251.7215 1236.4172    46     8     7  7203    24
 411 1396.6262 1237.4737    48     8     7  6735   135
 412 1547.5546 1238.2110    54     9     8  6489   257
 413 1704.7060 1238.5909    55     9     8  5876   394
 414 1271.9061 1239.3852    48     8     8  7313    40
 415 1417.6080 1240.4459    47     8     7  6563   145
 416 1569.2196 1241.1589    55     9     8  6506   286
 417 1727.0073 1241.5379    48     8     7  4115   438
 418 1292.2358 1242.3571    50     8     8  7224    32
 419 1438.6741 1243.3938    49     8     8  6585   170
 420 1591.0601 1244.1128    54     8     8  6326   301
 421 1312.5735 1245.2959    47     8     8  6921    73
 422 1459.8207 1246.3615    48     8     8  6501   184
 423 1613.0550 1247.0626    54     8     8  6118   322
 424 1332.9880 1248.2604    50     8     8  7133    89
 425 1481.0204 1249.3319    52     8     8  6699   205
 426 1210.8085 1249.5163    40     7     7  4447   134
 427 1635.1076 1250.0991    54     8     8  6077   350
 428 1353.5985 1251.2300    48     8     8  6807   109
 429 1502.4116 1252.2864    51     9     8  6441   225
 430 1230.5819 1252.4502    43     7     7  6226    70
 431 1657.2713 1253.0692    56     9     8  6110   353
 432 1374.2846 1254.1888    51     8     8  6901   115
 433 1523.8755 1255.2656    51     8     8  6398   237
 434 1250.5976 1255.4558    45     8     7  6370    60
 435 1679.6682 1256.0742    56     9     8  5999   364
 436 1395.0023 1257.1592    51     8     8  6896   133
 437 1545.4388 1258.2519    54     9     8  6376   248
 438 1270.7010 1258.4945    46     8     7  6659    68
 439 1702.0119 1259.0745    53     8     8  5752   473
 440 1415.9024 1260.1557    51     8     8  6799   147
 441 1567.0668 1261.2578    53     8     8  6350   268
 442 1290.9186 1261.5385    48     8     7  7156    54
 443 1724.2856 1262.1203    51     9     8  4159   436
 444 1436.8940 1263.1358    51     8     8  6712   161
 445 1588.8963 1264.2653    52     8     8  6090   285
 446 1311.2536 1264.5763    46     8     7  7020    66
 447 1457.9703 1266.1029    51     8     8  6645   181
 448 1610.8387 1267.2878    51     8     8  5854   303
 449 1331.6004 1267.5398    48     8     7  6950    94
 450 1479.1539 1269.0590    53     8     8  6605   203
 451 1632.8224 1270.3101    51     8     8  5788   315
 452 1352.1403 1270.5811    48     8     8  7023   101
 453 1500.4608 1272.0879    53     9     8  6397   216
 454 1654.9224 1273.3282    54     8     8  5901   337
 455 1372.7061 1273.5665    50     8     8  6954   112
 456 1521.8678 1275.1417    51     8     8  6332   228
 457 1677.0586 1276.3602    52     8     8  5704   369
 458 1393.3929 1276.6071    49     8     8  6764   122
 459 1543.3331 1278.1323    53     9     8  6256   253
 460 1699.3796 1279.4099    55     9     8  5715   379
 461 1414.2126 1279.6164    47     8     8  6620   144
 462 1564.9321 1281.2049    52     8     8  6206   261
 463 1721.6825 1282.4317    47     8     7  3961   440
 464 1435.1595 1282.6329    48     8     8  6620   151
 465 1586.6845 1284.2569    53     9     8  6048   275
 466 1456.1621 1285.6418    50     8     8  6634   185
 467 1608.4766 1287.3159    53     9     8  5985   289
 468 1477.2340 1288.6810    48     8     8  6427   187
 469 1630.3781 1290.3626    55     9     8  5982   318
 470 1311.1541 1291.3722    29     6     6  2913   442
 471 1498.4788 1291.7312    51     9     8  6464   208
 472 1652.4110 1293.4328    52     9     7  5724   341
 473 1519.8627 1294.7858    53     8     8  6579   218
 474 1674.5554 1296.4843    52     9     7  5597   361
 475 1541.2066 1297.8571    51     8     8  6347   242
 476 1696.8211 1299.5272    51     9     7  5418   382
 477 1562.7919 1300.9915    52     8     8  6327   247
 478 1270.4701 1301.6791    20     3     8  1134   476
 479 1718.8810 1302.5624    46     8     7  3854   437
 480 1584.3770 1304.0252    53     9     8  6138   282
 481 1606.0874 1307.1794    53     8     8  6147   294
 482 1627.9707 1310.2636    52     8     8  5878   313
 483 1649.9169 1313.3123    51     8     8  5491   359
 484 1671.9554 1316.3586    49     8     7  5039   377
 485 1694.1170 1319.4442    48     8     7  4729   407
 486 1716.1887 1322.5139    44     8     7  3276   446
 487 1613.0570 1335.8449    29     7     6  2459   447
 488 1639.8050 1337.5365    64     7    21  4541    -1
 489 1672.3692 1339.3866   251    55    12 15011    -1
