486
   0  237.0846  761.3323    19     4     5  1624   384
   1  518.8548  774.3387     6     4     2   331    -1
   2  167.1018  781.3186    23     5     6  1602    -1
   3  182.8599  783.0140    33     6     6  3006    -1
   4  198.6907  784.4798    39     7     7  3733    -1
   5  480.0699  784.6891    25     6     6  3117   370
   6  214.6821  786.0585    36     7     7  3782   364
   7  230.7503  787.6548    41     7     7  4395   335
   8  246.8196  789.2224    41     7     7  4575   323
   9  263.0208  790.8665    41     8     7  4740   315
  10  279.3264  792.4876    42     7     7  5090   304
  11  295.6654  794.1554    43     7     8  5264   294
  12  312.1150  795.7878    44     8     7  5491   271
  13  328.6413  797.4530    43     7     7  5766   253
  14  345.3171  799.1368    45     7     8  5978   233
  15  169.3886  800.0919    26     5     6  1991    -1
  16  362.0064  800.7220    47     8     8  6355   211
  17  185.0854  801.7682    34     6     7  3374    -1
  18  378.8047  802.4412    47     8     7  6616   194
  19  200.8731  803.3316    38     7     7  3889    -1
  20  395.6908  804.1306    47     8     8  6762   170
  21  216.8049  805.0002    37     7     7  3939   361
  22  412.6360  805.7129    45     7     8  6919   160
  23  232.8258  806.6815    41     7     7  4315   327
  24  429.6729  807.4707    45     8     7  7165   148
  25  248.9243  808.3075    40     7     7  4416   322
  26  446.7814  809.1690    47     8     8  7432   141
  27  265.0813  810.0208    42     8     8  4629   306
  28  463.9748  810.7873    48     8     8  7747   113
  29  281.3368  811.6864    39     7     7  4750   345
  30  481.2269  812.5273    47     8     7  7953   116
  31  297.6400  813.3809    41     7     7  5072   279
  32  498.5648  814.3014    46     7     8  7718   120
  33  314.0635  815.0803    42     8     8  5181   266
  34  516.0052  815.9377    47     8     8  7689    91
  35  330.5479  816.7381    42     7     7  5464   242
  36  533.5630  817.6533    43     7     7  7420    80
  37  347.1792  818.4647    43     8     7  5778   220
  38  171.7025  818.8994    26     5     6  2016    -1
  39  551.2597  819.4854    44     8     7  7560    98
  40  363.8157  820.1978    43     8     8  5932   205
  41  187.3298  820.5728    39     7     7  3666   420
  42  568.8987  821.1287    40     7     8  5579   127
  43  380.5844  821.8123    44     7     8  6122   189
  44  203.0378  822.1677    37     7     7  3845   416
  45  397.4217  823.5432    42     7     7  6378   167
  46  218.9645  823.9622    37     7     7  3977   351
  47  414.3731  825.3686    42     7     7  6560   158
  48  234.9618  825.6701    40     7     7  4304   425
  49  431.3222  827.0356    46     7     8  6930   139
  50  250.9951  827.3165    41     8     7  4508   317
  51  448.3652  828.7024    45     7     8  7152   124
  52  267.1110  829.0448    39     8     7  4518   430
  53  465.5062  830.4854    43     7     7  7344   111
  54  283.3284  830.7788    40     7     7  4798   422
  55  482.7007  832.2567    47     8     8  7796    87
  56  299.5885  832.4971    41     7     7  5145    -1
  57  499.9767  833.8938    47     8     8  7901    74
  58  315.9692  834.2169    42     8     7  5265   331
  59  517.3828  835.6074    43     7     7  7671    76
  60  332.4296  835.9704    44     7     8  5525   236
  61  534.8977  837.4371    46     8     7  8171    56
  62  173.9589  837.6147    27     6     7  1995   427
  63  348.9472  837.7186    44     8     7  5805   213
  64  189.5633  839.1895    38     7     7  3639   337
  65  552.5098  839.2258    47     7     8  8294    44
  66  365.5887  839.4676    42     7     7  6022   192
  67  570.0365  840.8819    40     7     8  5894    82
  68  205.2386  840.9940    36     7     6  3812   334
  69  382.3500  841.2658    42     7     7  6126   184
  70  221.1222  842.7794    37     7     7  3994   426
  71  399.1013  842.9638    45     8     8  6454   157
  72  237.0530  844.4667    39     7     7  4290   296
  73  415.9357  844.6803    46     8     7  6803   143
  74  253.0616  846.1857    40     8     7  4475   314
  75  432.8837  846.4717    46     8     7  7109   121
  76  269.1346  847.9944    40     7     8  4581   307
  77  449.9092  848.2926    44     8     7  7185   112
  78  285.2969  849.7559    40     7     7  4821   300
  79  466.9957  850.0305    46     8     8  7501    93
  80  301.5276  851.5133    41     7     7  5130   287
  81  484.1625  851.7765    43     8     8  7368    95
  82  317.8422  853.2785    41     7     7  5247   278
  83  501.4114  853.5300    41     7     7  7513    67
  84  334.2818  855.0895    41     7     8  5387   269
  85  518.7505  855.3579    42     7     7  7545    55
  86  176.2730  856.0957    26     5     6  2005   442
  87  350.7426  856.8280    43     7     8  5732   244
  88  536.2430  857.1805    48     8     8  8244    39
  89  191.8200  857.9654    34     7     6  3406   336
  90  367.3844  858.6125    42     7     7  5985   237
  91  553.7468  858.9064    47     8     8  8295    38
  92  207.4232  859.6991    39     7     7  3994   346
  93  384.0333  860.4181    46     8     7  6427   216
  94  571.2670  860.6442    40     7     7  5953    89
  95  223.2172  861.4201    39     7     7  4128   308
  96  400.7567  862.2388    42     7     7  6365   223
  97  239.1084  863.1480    38     7     7  4221   291
  98  417.5946  864.0384    46     7     8  6763   204
  99  255.0955  865.0135    36     7     6  4240   320
 100  434.4618  865.7877    45     7     8  6987   199
 101  271.1352  866.8487    40     7     7  4607   256
 102  451.4566  867.5894    42     7     7  7187   198
 103  287.2700  868.6347    39     7     7  4785   303
 104  468.4939  869.4678    42     7     7  7531   183
 105  303.4525  870.4040    41     7     7  5143   298
 106  485.5926  871.2924    42     7     7  7389   171
 107  319.7227  872.2279    41     7     7  5251   286
 108  502.8055  873.0776    43     7     8  7394   165
 109  336.1037  874.0657    41     8     8  5368   275
 110  178.4912  874.6243    25     5     6  1934   372
 111  520.0755  874.8525    43     8     8  7373   181
 112  352.5495  875.8431    42     7     7  5679   272
 113  194.0035  876.3793    34     6     7  3398   343
 114  537.5171  876.6523    44     7     8  8032   348
 115  369.1192  877.7074    44     8     7  6071   268
 116  209.5667  878.1178    38     7     7  3925   404
 117  555.0039  878.5375    46     8     7  8359   325
 118  385.6943  879.5238    42     7     7  6223   255
 119  225.3522  880.0019    36     7     6  3952   403
 120  572.5218  880.4039    41     7     7  6047   439
 121  402.4390  881.3945    42     7     7  6459   252
 122  241.2057  881.8934    37     7     7  4130   419
 123  419.2220  883.2391    43     8     7  6643   243
 124  257.1177  883.7174    38     7     7  4356   413
 125  436.0423  885.0709    45     8     8  6930   229
 126  273.1162  885.5121    41     8     7  4692   435
 127  452.9485  886.8862    45     8     8  7211   224
 128  289.1870  887.3200    41     7     7  4884    -1
 129  469.9383  888.7295    46     8     7  7620   246
 130  305.3415  889.1802    41     7     7  5046   206
 131  486.9830  890.5866    42     8     7  7102   354
 132  321.5866  891.0608    42     7     7  5240    -1
 133  504.1894  892.4639    40     7     7  7129   373
 134  337.9038  892.9217    41     8     7  5401   169
 135  180.6890  892.9562    26     5     6  2030   378
 136  521.4659  894.3663    41     7     7  7564    -1
 137  354.3410  894.7805    42     7     7  5722   151
 138  196.2092  894.8777    33     7     6  3342   357
 139  538.8063  896.2437    44     8     8  7989    -1
 140  370.8120  896.6466    43     8     7  6032   132
 141  211.7547  896.7111    37     7     7  3868   274
 142  556.2536  898.0959    46     8     8  8145   367
 143  227.4428  898.5059    40     7     7  4203   429
 144  387.4327  898.5140    41     7     7  6196   122
 145  573.7102  899.9314    40     7     8  5806   436
 146  243.2529  900.3179    40     7     7  4339   421
 147  404.0782  900.3788    45     8     7  6581   103
 148  259.1273  902.1799    38     7     7  4374   418
 149  420.7631  902.2727    43     7     7  6695   101
 150  275.0821  904.0821    38     7     7  4499    -1
 151  437.6028  904.2025    44     7     8  6966    84
 152  291.1189  906.0033    36     7     6  4542    -1
 153  454.4632  906.0662    45     7     8  7245    72
 154  307.2398  907.9338    39     7     7  4875   401
 155  471.4152  907.9374    45     7     8  7476    62
 156  323.4415  909.7948    40     7     7  5182    -1
 157  488.4153  909.8125    40     7     7  7017    60
 158  182.8916  911.1517    26     6     6  1992   347
 159  339.7108  911.6942    42     7     7  5529    -1
 160  505.5433  911.7141    41     7     7  7067    59
 161  198.3533  913.0413    33     7     6  3368   288
 162  356.1030  913.5872    44     8     7  5835    -1
 163  522.7864  913.6306    39     7     7  7174    48
 164  213.8528  915.0020    36     7     6  3824   261
 165  372.5442  915.4599    41     7     7  5966   138
 166  540.1126  915.5469    45     8     7  8030    31
 167  229.5432  916.9356    36     7     6  3974   250
 168  389.1000  917.3752    45     8     7  6320   115
 169  557.4824  917.4784    41     7     7  7973    26
 170  245.3156  918.8653    39     7     7  4255   230
 171  405.6693  919.3092    43     7     7  6432   100
 172  574.8868  919.4186    39     7     7  5880    96
 173  261.1413  920.7564    40     7     7  4445   400
 174  422.3937  921.2540    42     7     7  6588    77
 175  277.0417  922.6287    39     8     7  4553   185
 176  439.1462  923.1692    44     8     7  6880    63
 177  293.0397  924.5435    42     8     7  4881   395
 178  455.9554  925.0955    44     8     8  7112    53
 179  309.1082  926.4513    41     8     7  5026   437
 180  472.8457  927.0215    45     8     8  7402    36
 181  325.2786  928.3751    42     7     7  5303   397
 182  489.8167  928.9480    40     7     8  6888    34
 183  185.1439  929.4036    24     6     6  1843    -1
 184  341.5082  930.3106    41     7     7  5471   432
 185  506.9223  930.9108    37     7     7  6607    37
 186  200.5101  931.2043    37     7     7  3541   284
 187  357.8076  932.2257    42     8     7  5695    -1
 188  524.0879  932.8518    38     7     7  6945    24
 189  215.9515  933.1547    36     6     7  3778   262
 190  374.2475  934.1704    43     8     7  5909   434
 191  541.3597  934.7615    43     7     7  7829    16
 192  231.6062  935.0753    36     7     7  3957   247
 193  390.7259  936.1159    41     7     7  5963    -1
 194  558.6762  936.6946    42     7     7  7918     9
 195  247.3145  937.0386    37     7     6  4141   225
 196  407.3100  938.1221    42     7     7  6247   399
 197  576.0255  938.6671    38     7     7  5725    57
 198  263.1188  939.0092    36     7     6  4245   203
 199  423.9275  940.0642    43     8     8  6501   398
 200  278.9769  940.9909    37     8     6  4425   182
 201  440.6554  942.0348    44     7     8  6807    61
 202  294.9324  942.9746    36     7     6  4531   162
 203  457.4347  944.0093    44     7     8  7054    52
 204  310.9624  944.9686    37     8     6  4733   152
 205  474.3046  945.9886    44     7     8  7329    29
 206  327.0797  946.9475    41     8     7  5129   389
 207  187.3111  947.4570    23     5     6  1801   340
 208  491.1900  947.9989    42     8     8  7071    22
 209  343.2949  948.9078    41     7     7  5321   392
 210  202.6725  949.3340    37     7     7  3525   285
 211  508.3037  949.9910    42     7     8  7226    19
 212  359.5490  950.8494    40     7     7  5346   391
 213  218.0313  951.3041    36     6     7  3765   267
 214  525.3854  951.9257    45     7     8  7810     7
 215  375.9156  952.7915    40     8     7  5424    -1
 216  233.6596  953.2527    39     7     7  4105   240
 217  542.5968  953.9036    46     7     8  7972     3
 218  392.3865  954.8119    42     7     7  5861    -1
 219  249.3214  955.2269    38     7     7  4207   218
 220  559.8835  955.8954    44     8     8  7885     1
 221  408.8810  956.8161    42     8     7  6181   440
 222  265.0736  957.2242    40     8     7  4418   195
 223  577.1726  957.8993    39     7     7  5569    35
 224  425.4993  958.7915    42     7     7  6454   369
 225  280.8998  959.2102    40     7     7  4564   173
 226  442.1692  960.8089    43     8     7  6757   365
 227  296.8076  961.2168    41     7     7  4794   161
 228  376.7731  962.0966    51     8     8  6930   110
 229  458.8717  962.8116    43     8     7  6960   363
 230  312.7774  963.2390    41     7     7  4970   146
 231  475.7103  964.8117    43     8     7  7194   410
 232  328.8516  965.2410    41     7     7  5139   126
 233  189.4771  965.3970    25     5     6  1949   350
 234  492.6111  966.8202    44     7     8  7413   390
 235  345.0434  967.2599    42     8     7  5394   102
 236  204.8090  967.3279    36     7     7  3444   295
 237  509.5987  968.8456    44     7     8  7568    -1
 238  361.2799  969.2796    42     7     7  5466    90
 239  220.1046  969.3357    36     7     7  3760   265
 240  526.6703  970.8745    44     7     8  7714    13
 241  235.6989  971.3385    39     7     7  4092   251
 242  377.5935  971.3494    43     8     7  5583    71
 243  384.9381  972.3161    27     7     6  3443    -1
 244  543.8462  972.9312    45     8     8  7830     4
 245  394.0578  973.3176    40     8     7  5700   341
 246  251.3167  973.3690    40     7     7  4297   228
 247  561.1004  974.9684    47     8     8  7986     2
 248  410.4919  975.3836    41     7     7  6225   376
 249  267.0359  975.4112    38     8     7  4298   212
 250  578.3451  977.0007    36     7     7  5369    46
 251  427.0522  977.3970    45     8     7  6627   368
 252  282.8432  977.4460    39     7     7  4523   186
 253  443.6444  979.4634    41     7     7  6696    83
 254  298.7028  979.4820    40     7     7  4771   179
 255  460.3885  981.5156    42     7     7  6987   412
 256  314.6288  981.5420    41     7     7  5001   159
 257  191.6106  983.2021    25     5     6  1955   356
 258  477.1640  983.5722    45     8     7  7375   411
 259  330.6527  983.5989    41     7     7  5154   135
 260  206.8877  985.1911    33     6     7  3311   310
 261  493.9830  985.6284    46     8     7  7602    28
 262  346.7655  985.6592    42     7     7  5354   117
 263  222.1577  987.2310    37     7     7  3828   289
 264  510.9176  987.6990    46     8     7  7697   408
 265  362.9780  987.7384    41     8     7  5385    92
 266  237.7251  989.2856    39     7     7  4082   263
 267  527.9530  989.7457    44     8     7  7756   409
 268  379.3076  989.7797    41     7     7  5615    85
 269  253.2898  991.3489    39     7     7  4233   241
 270  545.0832  991.7920    45     8     8  7905     5
 271  395.6366  991.8312    40     7     7  5741    66
 272  268.9756  993.4579    36     7     7  4176   232
 273  562.2818  993.8887    43     7     8  7764   388
 274  412.0820  993.9024    42     8     7  6059    41
 275  284.7455  995.5512    40     7     7  4599   208
 276  428.5807  995.9203    41     7     7  6228    32
 277  579.4788  995.9842    35     7     6  5240   396
 278  300.5431  997.6476    41     7     7  4814   188
 279  445.1619  998.0247    42     8     8  6489    21
 280  316.4693  999.7457    40     7     7  4898   164
 281  461.8029 1000.0950    43     8     7  6775    17
 282  193.7092 1001.0174    25     5     6  1967   359
 283  332.4508 1001.8191    38     7     7  4908   163
 284  478.5380 1002.2080    44     7     7  7098   386
 285  208.9651 1003.0284    33     6     6  3325   316
 286  348.4997 1003.8954    39     7     7  5068   140
 287  495.3760 1004.3075    42     7     7  7269    -1
 288  224.2313 1005.0693    35     7     6  3756   305
 289  364.6639 1005.9521    38     7     6  5220   130
 290  512.2855 1006.3962    43     8     7  7544   387
 291  239.7138 1007.1185    35     7     6  3873   283
 292  380.9086 1007.9954    40     8     7  5512   201
 293  529.2715 1008.4986    44     8     7  7772   407
 294  255.2628 1009.2181    37     7     7  4127   277
 295  397.2449 1010.1021    39     7     7  5697   375
 296  546.3442 1010.5854    43     7     7  7844     8
 297  270.9030 1011.3677    37     7     7  4215   248
 298  413.6131 1012.2088    42     7     7  6087    65
 299  563.4809 1012.6924    41     7     7  7559    -1
 300  286.6127 1013.5104    41     7     7  4642   226
 301  430.1086 1014.3116    43     8     7  6386    40
 302  580.6245 1014.8952    36     7     7  5254   393
 303  302.3958 1015.6540    39     7     7  4657   214
 304  446.6169 1016.4503    41     7     7  6557    99
 305  318.2848 1017.7979    40     7     7  4830   190
 306  195.8445 1018.5655    23     5     6  1806   366
 307  463.2801 1018.5956    44     8     7  6907    18
 308  334.2126 1019.9211    38     7     7  4816   175
 309  479.9245 1020.7374    43     8     7  7015    12
 310  211.0450 1020.7783    31     6     6  3185   326
 311  350.1754 1021.9850    37     7     6  4943   166
 312  496.6923 1022.8380    41     7     7  7062    49
 313  226.2479 1022.8915    34     7     6  3687   309
 314  366.3008 1024.0475    40     7     7  5313   136
 315  241.7008 1024.9703    35     7     6  3891   297
 316  513.5556 1024.9773    44     7     8  7329     0
 317  382.5424 1026.1672    39     7     7  5463   125
 318  257.2323 1027.0402    36     7     6  4075   281
 319  530.4976 1027.1553    42     7     7  7421    11
 320  398.7936 1028.3078    41     7     7  5797   106
 321  272.7978 1029.1455    37     7     7  4217   259
 322  547.5324 1029.3039    43     7     7  7698    20
 323  415.2154 1030.4859    43     8     7  6113    73
 324  288.4668 1031.2959    39     7     7  4513   239
 325  564.6183 1031.4441    41     7     7  7707    -1
 326  431.6010 1032.6571    41     7     7  6246    64
 327  304.2174 1033.5323    39     7     7  4615   219
 328  581.7791 1033.5748    38     7     7  5619    -1
 329  448.1197 1034.8307    43     8     7  6465    43
 330  320.0354 1035.7201    40     8     7  4753   202
 331  197.9366 1036.1873    26     6     6  1978   374
 332  464.6755 1036.9537    41     7     7  6478    33
 333  335.9373 1037.8960    37     7     7  4731   196
 334  213.0796 1038.2648    31     6     6  3170   339
 335  481.3232 1039.1314    42     7     7  6807    25
 336  351.9385 1039.9824    37     8     6  4897   172
 337  228.2526 1040.4463    37     7     7  3786   318
 338  498.0422 1041.2656    43     8     7  7167    -1
 339  368.0048 1042.0618    39     8     7  5163   154
 340  243.7195 1042.6790    37     7     7  3950   301
 341  514.8387 1043.4632    45     8     7  7441     6
 342  384.1842 1044.2466    41     8     7  5530   131
 343  259.1673 1044.8457    33     7     6  3880   293
 344  531.7345 1045.6553    42     7     7  7469    10
 345  400.4223 1046.4641    41     7     7  5780   431
 346  274.6955 1046.9660    37     7     6  4264   270
 347  548.7438 1047.8319    42     8     7  7497    27
 348  416.7067 1048.6753    41     7     7  5930   109
 349  290.3376 1049.0691    37     7     6  4375   254
 350  565.7854 1050.0254    42     7     8  7465    -1
 351  433.1236 1050.8799    43     8     7  6188    79
 352  306.0085 1051.2596    39     8     7  4542   235
 353  582.8560 1052.1749    38     7     7  5434    -1
 354  449.5614 1053.0212    42     7     7  6269   155
 355  321.8147 1053.5109    38     7     7  4642   222
 356  200.0062 1053.5435    22     6     5  1744   379
 357  466.1032 1055.1910    42     8     7  6566    51
 358  337.6685 1055.7707    39     7     7  4846   200
 359  215.1103 1055.8067    31     6     6  3200   355
 360  482.6630 1057.4182    41     7     7  6830    42
 361  353.6358 1057.9436    38     7     6  4934   191
 362  230.2989 1057.9921    35     7     6  3784   333
 363  499.4110 1059.6491    43     7     7  7080    94
 364  369.6425 1060.0379    38     7     6  5092   176
 365  245.6282 1060.0983    35     7     6  3911   328
 366  516.1563 1061.8769    43     8     7  7189    14
 367  385.7635 1062.2060    41     7     7  5451   150
 368  261.0415 1062.3405    36     7     7  4007   313
 369  533.0016 1064.0674    44     8     8  7385    15
 370  401.9782 1064.4782    40     8     7  5536   137
 371  276.5948 1064.6356    39     7     7  4324   290
 372  549.9339 1066.2675    43     8     7  7603    50
 373  418.2908 1066.7427    41     7     7  5812   129
 374  292.1762 1066.8716    37     7     6  4342   280
 375  566.9391 1068.5211    45     8     7  7788    -1
 376  434.6050 1068.9413    40     7     7  5904   104
 377  307.8212 1069.0017    36     7     6  4431   260
 378  583.9731 1070.7738    37     6     7  5367    -1
 379  202.0956 1070.9482    26     6     6  1985   380
 380  451.0067 1071.1015    43     8     7  6281    78
 381  323.5520 1071.1653    38     7     7  4649   238
 382  217.1353 1073.1414    33     6     6  3309   360
 383  467.4818 1073.3541    41     7     7  6492    70
 384  339.3844 1073.4656    41     7     7  4930   221
 385  232.2326 1075.3720    36     7     7  3737   344
 386  484.0635 1075.6514    43     8     7  6746    54
 387  355.3359 1075.7809    38     7     7  4905   210
 388  247.6232 1077.7111    37     7     7  3953   441
 389  500.7038 1077.8750    41     7     7  6741   415
 390  371.3174 1077.9701    37     7     6  4994   207
 391  262.9717 1079.8923    35     7     6  3978   330
 392  387.3827 1080.1045    39     7     7  5265   180
 393  517.4122 1080.1237    41     7     7  6961    30
 394  278.4402 1082.0581    35     7     6  4126   319
 395  534.2676 1082.3567    43     8     7  7349    23
 396  403.5322 1082.3718    41     7     7  5591    -1
 397  293.9798 1084.3430    36     7     7  4201   302
 398  551.1491 1084.6532    45     8     7  7636    68
 399  419.7552 1084.6901    40     7     7  5699   144
 400  309.6221 1086.6723    40     7     7  4589   282
 401  568.0919 1086.8978    43     8     7  7414    -1
 402  436.0824 1086.9448    40     8     7  5853   118
 403  204.1697 1088.3455    23     6     6  1810   381
 404  325.3334 1088.9327    37     7     6  4533   264
 405  585.0189 1089.0933    34     6     7  5113    -1
 406  452.4439 1089.1459    40     7     7  6044   424
 407  219.1581 1090.4627    31     6     7  3106   371
 408  341.0710 1091.0807    37     8     6  4645   249
 409  468.8634 1091.4146    44     8     7  6509    86
 410  234.2026 1092.7596    33     7     6  3580   358
 411  356.9570 1093.3723    39     8     7  4856   227
 412  485.4382 1093.7417    43     7     7  6668    69
 413  249.5165 1094.9953    34     7     6  3818   349
 414  372.9166 1095.7274    40     8     7  5070   215
 415  502.0136 1095.9959    42     8     8  6716   245
 416  264.8656 1097.2414    34     7     7  3850   338
 417  388.9657 1097.9664    37     8     6  5105   197
 418  518.6581 1098.2429    43     7     7  7019    47
 419  280.2758 1099.5899    36     7     7  4048   329
 420  405.0806 1100.1378    40     8     7  5393   174
 421  535.4901 1100.5668    41     7     7  7197    45
 422  295.7926 1101.8865    35     7     6  4156   324
 423  421.2704 1102.4922    41     7     7  5657   153
 424  552.3386 1102.8813    41     7     7  7237   108
 425  311.3662 1104.0712    36     7     6  4342   312
 426  437.5450 1104.8254    39     7     7  5751   145
 427  569.2347 1105.1573    41     8     7  7293   353
 428  206.0847 1105.3691    18     4     5  1343   383
 429  327.0125 1106.4066    36     7     7  4370   299
 430  453.8453 1107.0350    39     8     7  5920   133
 431  586.1002 1107.4502    36     7     7  5254    -1
 432  221.1016 1107.5000    29     6     6  2557   377
 433  342.7743 1108.8020    38     7     7  4652   273
 434  470.2832 1109.3501    41     7     7  6294   105
 435  236.1641 1109.8409    30     6     6  2908   443
 436  358.6052 1111.0062    37     7     6  4740   257
 437  486.7423 1111.7282    40     7     7  6408    97
 438  251.3817 1112.1408    33     7     6  3273   362
 439  374.5140 1113.2424    39     7     7  5013   231
 440  503.3195 1114.0058    39     7     7  6487   394
 441  266.7281 1114.5541    35     7     7  3600   352
 442  390.5452 1115.6683    40     7     7  5209   217
 443  519.9476 1116.2871    43     8     7  6969    58
 444  282.1070 1116.9010    35     7     6  3997   342
 445  406.6206 1117.9537    37     7     6  5167   193
 446  536.6807 1118.6678    40     7     7  7035    75
 447  297.5453 1119.1307    36     7     6  4207   332
 448  422.7170 1120.1736    40     7     7  5502   177
 449  553.4711 1120.9667    41     7     7  7030    -1
 450  313.0941 1121.5518    37     7     7  4321   321
 451  438.9687 1122.5771    41     8     7  5758   168
 452  570.3486 1123.3036    40     7     7  7225    -1
 453  328.7048 1123.9078    36     7     6  4490   311
 454  455.2942 1124.9495    40     7     7  5882   147
 455  587.2000 1125.6928    35     7     7  5013   417
 456  344.4088 1126.1136    38     7     7  4752   292
 457  471.6045 1127.1818    41     7     7  6164   123
 458  360.2238 1128.5130    39     7     7  4872   276
 459  488.0657 1129.5775    43     8     7  6382   107
 460  239.3584 1130.0057   258    50    15 15908   382
 461  376.1130 1130.9211    38     8     6  4985   258
 462  504.6128 1131.9426    39     7     7  6390    -1
 463  392.0752 1133.1166    38     8     7  5113   234
 464  521.2145 1134.2513    41     8     7  6758    81
 465  408.1204 1135.5220    41     8     7  5411   209
 466  537.8581 1136.6595    41     8     7  6959    88
 467  424.2343 1137.9334    40     7     7  5560   187
 468  554.6254 1139.0102    41     7     7  6970   149
 469  440.3863 1140.1777    40     7     7  5792   178
 470  284.5473 1140.6140    15     5     5  1215   445
 471  571.4266 1141.3382    41     7     7  7297   402
 472  256.8158 1141.9737     6     5     2   319   448
 473  456.6442 1142.6267    40     7     7  6000   156
 474  588.2437 1143.7975    34     7     7  4782   406
 475  472.9754 1144.9808    39     8     6  6056   142
 476  489.3967 1147.2614    40     7     7  6145   134
 477  257.7917 1148.7917    12     7     5   624    -1
 478  270.9178 1149.0296    27    12     6  1654   444
 479  505.8450 1149.7506    41     8     7  6444   119
 480  522.4068 1152.0467    39     7     7  6347   114
 481  539.0653 1154.4485    40     8     7  6311   128
 482  555.7539 1156.8609    37     7     7  5931   405
 483  572.5059 1159.1278    37     7     7  5767   446
 484  589.3118 1161.6631    29     6     6  3565    -1
 485  513.9859 1175.0860    16     4     4  1759   385
