170
   0    4.8571  727.1429     9     7     2   464   192
   1   16.8333  728.4167     7     6     2   362    -1
   2   14.1015  738.9962    10     3     4   633   135
   3   63.8058  747.7188   356    56    17 21273    -1
   4    2.6947  763.7978    21     4     6  1651   171
   5   17.3295  765.1551    33     7     6  2688    57
   6   32.7362  766.8409    29     6     6  2462    74
   7   47.9995  768.3258    33     6     7  2683   152
   8   63.4856  769.9913    29     6     6  2490    66
   9   79.0000  771.5419    33     6     7  2700    69
  10   94.5156  773.1041    28     5     6  2231    70
  11    5.0567  782.1752    29     6     6  2235    86
  12   20.0533  783.8137    31     6     6  2535    58
  13   35.2482  785.2780    31     6     7  2658    59
  14   50.5942  786.9501    33     7     6  2892   156
  15   66.0057  788.5267    34     6     7  3009    27
  16   81.4340  790.0287    33     7     6  3044    24
  17   96.8785  791.7565    30     6     6  2541    67
  18    7.6472  800.6586    29     6     6  2333    80
  19   22.7047  802.2062    31     6     6  2561    84
  20   37.9210  803.8578    30     6     6  2671    54
  21   53.1254  805.4515    33     6     7  2886    60
  22   68.4898  807.0239    33     7     6  3028    31
  23   83.9460  808.7460    34     6     7  3090    21
  24   99.3066  810.2302    29     6     6  2510    43
  25   10.1983  818.8966    32     6     6  2611    65
  26   25.2956  820.5720    31     6     7  2592    79
  27   40.4264  822.1575    33     7     6  2818    52
  28   55.6878  823.8975    33     7     6  2933    36
  29   70.9870  825.5350    34     6     7  3043    25
  30   86.3097  827.0758    34     7     6  3124    12
  31  101.7293  828.8398    29     6     6  2527    41
  32   12.7349  837.0824    32     6     6  2613    40
  33   27.8697  838.8055    30     6     6  2590   149
  34   42.9526  840.4913    33     6     7  2801    46
  35   58.1344  842.1170    33     6     6  2919    23
  36   73.4211  843.8821    34     7     6  3095    20
  37   88.8107  845.5932    34     7     7  3116    10
  38  104.0924  847.1437    30     6     6  2572    50
  39    1.8050  853.8850     9     2     5   650   128
  40   15.2924  855.1820    30     6     6  2478    38
  41   30.3646  856.9170    31     7     6  2658   147
  42  128.0000  857.0357    19     2    16   978   177
  43   45.4574  858.6903    31     7     6  2701    44
  44   60.6425  860.3195    34     7     7  2963    18
  45   75.8657  862.0731    32     6     6  3022    22
  46   91.1745  863.8683    32     6     6  3050     6
  47  106.4981  865.6092    30     7     7  2553    55
  48    3.2694  871.5427    22     5     5  1733   105
  49   17.9465  873.2275    30     6     6  2454    81
  50  130.0484  873.6290    18     2    16   931   189
  51   32.9332  874.9484    30     6     6  2615    71
  52   47.9979  876.7498    31     6     6  2751   151
  53   63.0705  878.4577    33     6     7  2926    17
  54   78.2613  880.1733    34     7     6  3099     5
  55   93.5762  881.9946    33     7     6  3132    33
  56  108.8426  883.7955    30     6     6  2583   180
  57    5.7164  889.3963    28     6     6  2181   131
  58  132.1087  890.1522    16     2    15   823   190
  59   20.4531  891.1061    30     6     6  2480    35
  60   35.4232  892.8639    30     6     6  2646    83
  61   50.4429  894.7059    32     7     6  2790   123
  62   65.5306  896.4647    37     7     7  3125    11
  63   80.7200  898.2391    33     7     6  3068    13
  64   95.9277  900.0493    32     6     6  3080    62
  65  111.1561  901.8867    31     6     6  2649    97
  66    8.2043  907.1188    29     6     6  2363    51
  67   23.0134  908.9044    30     6     6  2509    37
  68   37.9136  910.7321    30     6     6  2629   145
  69   52.9159  912.5787    32     6     7  2795     7
  70   67.9718  914.3573    33     6     7  2960     4
  71   83.0670  916.1920    31     6     6  2982    16
  72   98.2681  918.0235    33     7     6  3159    68
  73  113.4882  919.8829    30     6     6  2602   103
  74   10.6661  924.7208    28     6     6  2333    42
  75   25.4785  926.5952    28     7     6  2377   134
  76   40.3472  928.4741    31     7     7  2630    72
  77   55.2997  930.3046    31     7     6  2758     9
  78   70.3302  932.1405    33     7     6  2999     3
  79   85.4543  934.0191    34     7     6  3189    15
  80  100.6152  935.9437    33     7     6  3160    78
  81  115.7479  937.7730    29     6     6  2527   107
  82   13.1656  942.3514    30     6     6  2415    56
  83   28.0029  944.2437    30     6     6  2526    30
  84   42.8415  946.1103    32     6     6  2742    76
  85   57.7602  947.9980    31     6     6  2799     1
  86   72.7531  949.8881    32     7     6  2963     8
  87   87.8605  951.8055    32     7     6  3037    29
  88  102.9431  953.7147    31     6     6  3008    91
  89  117.9936  955.5619    30     6     6  2517   115
  90    2.0818  958.2382    14     3     6   975   129
  91   15.6614  959.7664    28     6     6  2286    49
  92   30.4653  961.6792    31     7     6  2560    32
  93   45.2592  963.6168    30     6     6  2613    89
  94   60.1342  965.5740    30     6     6  2703     2
  95   75.0957  967.5053    33     6     7  2966    14
  96   90.1232  969.4141    33     6     7  3070    28
  97  105.1865  971.3131    31     6     6  2995    98
  98  120.3065  973.2769    29     6     6  2499   116
  99    3.7322  975.3905    22     5     5  1703   120
 100   18.1975  977.2454    29     6     6  2326    61
 101   32.9232  979.1420    31     6     6  2592    47
 102   47.7028  981.0944    31     6     6  2694    93
 103   62.5433  983.0480    32     7     6  2870    19
 104   77.4475  984.9712    33     7     6  3040    26
 105   92.4642  986.9507    33     7     6  3132    45
 106  107.5243  988.9281    33     7     6  3173   158
 107  122.5561  990.8523    28     6     6  2487   124
 108    6.1461  992.5042    26     6     5  2012   168
 109   20.6470  994.5024    25     6     5  2087   117
 110   35.3328  996.4737    27     6     5  2337    77
 111   50.0810  998.4552    29     6     6  2543   100
 112   64.9050 1000.4535    30     6     6  2705    34
 113   79.8271 1002.4341    31     6     6  2840    39
 114   94.7929 1004.4195    33     7     7  3053    53
 115  109.8038 1006.4093    33     7     7  3105    92
 116  124.7456 1008.4400    28     6     6  2434   130
 117    8.5391 1009.5794    25     5     6  2018   174
 118   23.0842 1011.5790    29     6     6  2311    96
 119   37.7551 1013.6347    29     6     6  2430    85
 120   52.4379 1015.6409    29     7     6  2529   106
 121   67.2324 1017.6669    31     6     6  2772    48
 122   82.1074 1019.7110    31     6     6  2872    64
 123   97.0491 1021.7505    32     6     6  3037    73
 124  112.0330 1023.7809    31     6     6  3049    -1
 125  126.9785 1025.7925    29     6     6  2520    -1
 126   10.9225 1026.6549    28     6     6  2181   178
 127   25.5253 1028.6749    28     7     6  2269   126
 128   40.1026 1030.7528    30     6     6  2489    95
 129   54.8725 1032.8526    29     6     6  2556   110
 130   69.6118 1034.8768    33     7     6  2884    63
 131   84.3865 1036.9384    33     7     6  2998    75
 132   99.3072 1039.0024    32     7     6  3063    88
 133  114.2728 1041.0754    33     7     6  3155   104
 134  129.1856 1043.1572    29     6     6  2509    -1
 135   13.3681 1043.6077    27     6     6  2093   183
 136   27.9019 1045.7114    30     6     6  2361   108
 137   42.5186 1047.8095    29     7     6  2416   102
 138   57.1535 1049.8906    31     6     6  2638   111
 139   71.9291 1051.9880    30     6     6  2670   121
 140   86.7301 1054.1216    32     7     6  2908    90
 141  101.6035 1056.1993    34     7     6  3130    87
 142  116.5186 1058.2789    33     7     6  3102    82
 143    2.1889 1058.7926    14     3     5   970   185
 144  131.4112 1060.4103    26     6     6  2314    -1
 145   15.7507 1060.5378    24     6     5  1914   186
 146   30.3457 1062.6244    28     6     6  2236   125
 147   44.8870 1064.7356    29     6     6  2388   109
 148   59.5358 1066.8514    31     7     6  2583   118
 149   74.1987 1069.0166    31     6     6  2725    94
 150   88.9945 1071.1360    31     6     6  2822    99
 151  103.8505 1073.2857    31     6     6  2931   101
 152    4.0257 1075.3824    24     6     5  1744    -1
 153  118.6864 1075.3889    31     7     6  2945    -1
 154   18.2493 1077.4209    25     6     5  1996    -1
 155  133.5116 1077.4779    23     5     5  2099    -1
 156   32.6539 1079.5336    25     6     5  2114   133
 157   47.2432 1081.5283    26     6     5  2219   114
 158   61.8308 1083.7262    29     6     6  2502   127
 159  156.0714 1084.2143     6     2     5   307    -1
 160   76.4330 1085.8181    30     6     6  2575   122
 161   91.1614 1088.0237    29     6     6  2525   112
 162  105.9837 1090.1606    29     6     6  2490   113
 163  120.8277 1092.3165    26     6     6  2243   119
 164  135.6667 1094.3457    22     5     5  1664    -1
 165   70.2600 1107.6200     7     3     3   425   191
 166  102.5000 1108.0282    58    21     7  3574   132
 167   91.6462 1110.2692    20     7     4  1130    -1
 168  126.4948 1112.1069    75    18     7  4330     0
 169   50.7218 1115.0855   113    55     9  5925    -1
