458
   0 1948.4044  857.6029    16     5     5   936    -1
   1 1850.4559  876.4427    32     6     6  1827    -1
   2 1869.7567  877.8245    39     7     7  2776    -1
   3 1889.5768  879.6028    39     7     7  2796   395
   4 1909.5684  881.2991    40     7     7  2906    -1
   5 1929.5656  883.0713    38     7     6  2861    -1
   6 1949.5860  884.9371    39     7     7  2927    -1
   7 1969.7367  886.7152    40     7     7  2976    -1
   8 1990.0480  888.5219    43     8     7  3108   159
   9 2010.4311  890.3906    41     7     7  2964   397
  10 2030.7731  892.1443    39     7     7  2785   147
  11 2051.4202  894.0093    38     7     6  2652   229
  12 1847.7629  894.4386    36     7     7  2207    -1
  13 2071.8588  896.0042    38     7     6  2608   139
  14 1867.0793  896.2005    39     8     7  2965   207
  15 2092.5267  897.8997    39     7     7  2623   107
  16 1886.8092  898.0524    36     7     6  2754    81
  17 2113.3523  899.7392    39     7     7  2573   369
  18 1906.6674  900.0032    38     7     6  2850    -1
  19 2134.2043  901.5444    39     7     7  2535    -1
  20 1926.5720  901.8621    40     7     7  2903   112
  21 2155.1557  903.4048    39     8     7  2496   242
  22 1946.6056  903.6843    41     7     7  2940   197
  23 2176.0773  905.2278    39     8     7  2435   145
  24 1966.6942  905.5146    40     7     7  2891   224
  25 2197.2000  907.1022    37     7     6  2300   141
  26 1986.9075  907.3665    41     8     7  2904   151
  27 2218.3630  909.0091    37     7     6  2288    93
  28 2007.2330  909.2382    39     7     7  2714   203
  29 2239.6688  911.0091    36     7     6  2185   160
  30 2027.5823  911.1200    36     7     6  2529   378
  31 2260.9585  913.0050    33     6     6  1951   138
  32 2047.9711  913.0061    37     8     6  2508    -1
  33 1845.2409  913.0363    33     7     6  2036   153
  34 1864.3423  914.8808    38     7     7  2940    71
  35 2068.5093  914.9798    38     7     6  2544   377
  36 2282.5156  915.0312    33     7     6  1842   148
  37 1884.0963  916.7905    40     8     7  2981    87
  38 2089.1120  916.9568    36     8     6  2367   106
  39 2303.9082  917.5000    30     6     6  1598   209
  40 1903.8107  918.6183    40     7     7  2972   143
  41 2109.8652  918.8652    36     7     6  2312   257
  42 2325.7576  919.7121    26     6     5  1366   191
  43 1923.6996  920.4682    40     7     7  2942   125
  44 2130.5755  920.7347    36     7     7  2290   117
  45 1943.6624  922.3398    39     7     7  2849   375
  46 2151.4364  922.6425    38     7     7  2356   195
  47 1963.7238  924.1690    37     7     7  2708   396
  48 2172.3588  924.5424    38     7     7  2325   208
  49 1983.8498  926.0723    37     7     7  2659   213
  50 2193.4575  926.3800    36     7     7  2200   221
  51 2004.0223  928.0237    37     8     6  2589    -1
  52 2214.5418  928.3022    37     7     7  2209   118
  53 2024.3090  930.0070    37     7     6  2562    -1
  54 2235.8230  930.1584    35     7     6  2072   126
  55 1842.4233  931.3545    35     7     7  2128   120
  56 2044.7715  931.9827    37     7     6  2513   188
  57 2257.0521  932.1255    31     6     6  1809   294
  58 1861.6305  933.2258    39     7     7  3015   105
  59 2065.1310  933.9465    35     7     6  2357    -1
  60 2278.3009  934.0796    34     7     6  1926   289
  61 1881.3448  935.1149    39     7     7  2942    88
  62 2085.7459  935.9087    36     7     6  2353    -1
  63 2299.9632  935.9947    32     6     6  1790   312
  64 1900.9978  937.0302    38     8     6  2828   121
  65 2106.3807  937.8229    37     7     7  2395    -1
  66 2321.6410  937.9295    33     7     6  1806   262
  67 1920.8484  939.0317    36     7     6  2684   149
  68 2127.0066  939.8297    35     7     7  2208   248
  69 1940.7790  941.0006    37     7     6  2703   123
  70 2147.7653  941.7723    38     7     7  2326   200
  71 1960.7491  942.9745    37     7     6  2693   387
  72 2168.6522  943.6763    36     7     7  2214   234
  73 1980.7870  944.9412    36     7     6  2591   407
  74 2189.7732  945.5902    36     7     7  2188    95
  75 2000.9041  946.9137    37     8     6  2580   388
  76 2210.7776  947.5595    36     7     7  2153   280
  77 2021.1333  948.8957    36     7     6  2490   243
  78 2231.9032  949.5000    36     7     7  2115   300
  79 1839.8781  949.8408    34     7     6  2102    79
  80 2041.4713  950.7900    37     7     7  2512   376
  81 2253.0830  951.3782    35     7     7  2021   278
  82 1858.9451  951.6973    39     8     7  2979    54
  83 2061.8509  952.7964    38     7     7  2487   274
  84 2274.2696  953.3609    35     7     7  1980   144
  85 1878.5390  953.5888    39     7     7  2975    50
  86 2082.3631  954.7513    37     7     7  2427   255
  87 2295.8587  955.3152    32     6     7  1784   206
  88 1898.3020  955.5633    40     7     7  2980   133
  89 2102.8944  956.7133    37     7     7  2347   261
  90 2317.3367  957.2483    31     7     6  1697   325
  91 1917.9906  957.4856    40     8     7  2905   119
  92 2123.5147  958.7042    36     7     7  2275   373
  93 1937.7642  959.4342    40     7     7  2882   124
  94 2144.2621  960.6594    38     7     7  2333   304
  95 1957.6924  961.4128    39     7     7  2787   189
  96 2165.0038  962.6552    35     7     7  2143   216
  97 1977.6895  963.3595    39     7     7  2747   172
  98 2185.9258  964.6291    34     6     7  2064    99
  99 1997.7882  965.3471    39     7     7  2689   236
 100 2206.9729  966.6596    34     6     7  2032   109
 101 2017.9827  967.3295    38     8     7  2592   277
 102 1837.2646  968.0139    32     6     6  1995    94
 103 2227.9675  968.5877    34     6     7  2008   292
 104 2038.2613  969.3144    38     7     7  2541   285
 105 1856.2987  969.9017    37     7     6  2893    49
 106 2249.0176  970.6529    33     7     7  1905   298
 107 2058.5611  971.3135    37     7     7  2456   284
 108 1875.8268  971.9502    35     7     6  2714    60
 109 2270.3750  972.6620    32     7     6  1816   187
 110 2078.9320  973.3045    37     8     7  2387   266
 111 1895.4216  973.8804    38     7     6  2870   108
 112 2291.8846  974.6953    29     6     6  1619   137
 113 2099.4461  975.3124    36     7     7  2301   319
 114 1915.1429  975.9442    36     7     6  2696    -1
 115 2313.1000  976.6310    30     6     6  1645   296
 116 2120.0011  977.3697    37     8     7  2295   336
 117 1934.8859  977.9459    36     7     6  2650   104
 118 2140.6628  979.3860    38     7     7  2330   179
 119 1954.7994  979.9258    36     7     6  2615   170
 120 2161.4391  981.4569    37     7     7  2244   338
 121 1974.7442  981.9039    36     7     6  2570   193
 122 2182.1934  983.4857    36     7     7  2149   400
 123 1994.7265  983.9284    38     7     6  2633   253
 124 2203.0884  985.5096    35     7     7  2061   358
 125 2014.8468  985.9474    35     7     6  2416   180
 126 1834.5103  986.0564    34     7     6  2090    73
 127 2224.0471  987.5580    34     7     7  1976   385
 128 2035.0000  987.9853    34     7     6  2314   276
 129 1853.6686  988.0085    38     7     6  2956    35
 130 2245.1116  989.6694    33     7     6  1892   227
 131 2055.1847  989.9949    35     7     6  2340   401
 132 1873.0731  989.9990    35     7     6  2708    59
 133 2266.4320  991.6845    32     7     6  1806   316
 134 2075.6306  991.9739    36     7     6  2336   321
 135 1892.6899  992.0425    37     7     6  2803    96
 136 2287.8296  993.8464    31     7     6  1729   167
 137 2096.0021  994.0230    33     7     6  2128   371
 138 1912.2856  994.0547    38     7     6  2805   184
 139 2309.0290  995.7609    29     6     6  1588    -1
 140 1931.9917  996.0344    37     8     6  2694   103
 141 2116.5240  996.0895    36     7     6  2258   340
 142 1951.8098  998.0730    36     7     6  2636   171
 143 2137.1384  998.1035    34     7     6  2101   362
 144 2157.8861 1000.1059    34     7     6  2073   239
 145 1971.6688 1000.1294    36     7     6  2588   249
 146 1991.6346 1002.2047    37     7     7  2578   190
 147 2178.5682 1002.2074    35     7     6  2102   114
 148 1832.2033 1003.9859    34     7     6  2091    -1
 149 2199.3882 1004.2252    34     7     7  2013   283
 150 2011.6701 1004.2441    37     7     7  2526   260
 151 1850.9826 1006.0045    37     8     6  2853    45
 152 2220.3419 1006.3015    35     7     7  2022   219
 153 2031.7715 1006.3374    38     7     7  2515    -1
 154 1870.4110 1008.0750    38     7     6  2900    39
 155 2051.9855 1008.4022    36     7     7  2352   297
 156 2241.3248 1008.4615    34     7     7  1934   102
 157 1889.8815 1010.0453    35     7     6  2678    74
 158 2072.2368 1010.5351    37     7     7  2363    -1
 159 2262.5192 1010.6971    32     7     6  1808   169
 160 1909.4922 1012.1818    38     7     7  2802    85
 161 2092.6237 1012.7306    35     7     7  2227   394
 162 2283.7914 1012.7343    31     7     6  1725   231
 163 1929.1243 1014.1968    39     8     7  2791   100
 164 2304.9552 1014.7759    31     6     6  1695    -1
 165 2113.0012 1014.8225    33     6     6  2081    -1
 166 1948.8242 1016.2672    38     7     7  2699   201
 167 2133.6512 1016.8317    34     7     6  2110   252
 168 1968.6337 1018.4332    38     7     7  2678    -1
 169 2154.1280 1018.9459    35     7     6  2129   380
 170 1988.5693 1020.6193    36     7     7  2521   174
 171 2174.9164 1020.9370    33     7     6  1991   346
 172 1829.3107 1022.0467    32     6     6  1975    62
 173 2008.5244 1022.7424    35     7     7  2406   254
 174 2195.7848 1023.0146    35     7     6  2059   186
 175 1848.3404 1024.0077    38     7     6  2934    24
 176 2028.6193 1024.8170    34     7     6  2312   372
 177 2216.4495 1025.1029    34     7     6  1977   356
 178 1867.7637 1026.0548    36     7     6  2786    34
 179 2048.7253 1026.8993    35     7     6  2296   237
 180 2237.4292 1027.1833    33     7     6  1890    63
 181 1887.1387 1028.0702    35     7     6  2655    82
 182 2068.9395 1028.9415    34     7     6  2196   318
 183 2258.6014 1029.2971    31     7     6  1757   357
 184 1906.6641 1030.1896    37     7     7  2752    80
 185 2089.2018 1031.0351    35     7     6  2206   309
 186 2279.7171 1031.6371    31     7     6  1725   182
 187 1926.2676 1032.3052    38     7     7  2752    98
 188 2109.5935 1033.1236    36     7     6  2249   310
 189 2300.8649 1033.7703    29     6     6  1598   306
 190 1945.9159 1034.5244    37     7     7  2629   134
 191 2130.0489 1035.1491    33     7     6  2049   269
 192 1965.6243 1036.7019    37     7     7  2598   164
 193 2150.6826 1037.4046    34     7     7  2067   202
 194 1985.5143 1038.8047    35     7     6  2449   210
 195 2171.1834 1039.6066    33     7     7  1969   409
 196 1827.0119 1039.8607    33     7     6  2027   110
 197 2005.4091 1040.9030    36     7     6  2460   220
 198 2191.8973 1041.7945    30     6     6  1792   353
 199 1845.7767 1041.9074    35     7     6  2744    21
 200 2025.3416 1043.0213    36     7     6  2387   240
 201 2212.7491 1043.8701    32     7     6  1881   307
 202 1865.0168 1043.9958    35     8     6  2702    26
 203 2045.4139 1045.0861    35     7     6  2238   335
 204 2233.7358 1045.9024    33     7     6  1896    75
 205 1884.4176 1046.0818    38     7     6  2835    43
 206 2065.6395 1047.1170    34     7     6  2123    -1
 207 2254.6043 1048.0450    33     7     6  1861   341
 208 1903.8705 1048.1023    35     7     6  2630    69
 209 2085.9203 1049.3177    33     7     7  2045   322
 210 2275.8214 1050.2245    32     7     6  1796   392
 211 1923.4079 1050.2828    36     7     7  2647    89
 212 2106.1158 1051.5931    34     7     7  2119   334
 213 2296.8691 1052.4732    29     6     6  1599   161
 214 1943.0207 1052.4960    35     7     7  2499   156
 215 2126.6037 1053.8037    34     7     6  2105   323
 216 1962.7022 1054.7701    36     7     7  2522   183
 217 2146.9590 1055.9044    32     6     6  1966   390
 218 2063.9957 1056.2445    44     8     7  2787   225
 219 1982.4666 1056.8488    36     7     6  2488   136
 220 1824.3976 1057.2982    30     6     6  1832   386
 221 2167.7105 1057.9152    35     7     6  2092   328
 222 2002.2512 1058.9961    36     7     6  2443   273
 223 1843.1932 1059.6433    38     7     7  2891    14
 224 2188.2249 1060.1375    32     7     6  1909   389
 225 2022.1783 1061.1174    35     7     6  2325   275
 226 1862.4276 1061.8092    36     7     6  2767    23
 227 2209.0229 1062.3053    30     6     6  1762   403
 228 2042.1632 1063.1550    34     7     6  2184   393
 229 1881.7840 1063.9144    35     7     6  2655    31
 230 2229.8826 1064.5783    29     6     6  1680   354
 231 2062.1718 1065.5594    31     7     6  1937   374
 232 1901.0557 1066.0213    34     7     6  2544    53
 233 2071.3672 1066.4041    21     6     5  1321   235
 234 2250.8333 1066.8108    30     6     6  1722    -1
 235 2082.5650 1067.7175    34     7     6  2100   410
 236 1920.5403 1068.1923    35     7     6  2569    68
 237 2271.8436 1068.8641    30     6     6  1695   384
 238 2102.7644 1069.8747    33     7     6  2085   314
 239 1940.1233 1070.3875    37     7     7  2588   122
 240 2292.9118 1071.0033    31     6     6  1703   281
 241 2123.0351 1072.0424    33     7     6  2063    -1
 242 1959.7034 1072.7006    37     7     7  2553   154
 243 2143.4704 1074.1425    35     7     6  2122    -1
 244 1979.4547 1074.8518    36     7     6  2485   152
 245 1821.8647 1075.0380    30     7     6  1829    84
 246 2163.9984 1076.3131    31     6     6  1871   343
 247 1999.1878 1077.0420    35     7     6  2381   205
 248 1840.6016 1077.1622    36     7     6  2774    13
 249 2184.6486 1078.6757    32     7     6  1896   382
 250 2019.0812 1079.0899    34     7     6  2273   246
 251 1859.7161 1079.3654    37     7     7  2771    18
 252 2205.1886 1080.8700    34     7     6  1973    -1
 253 2039.0050 1081.2893    34     7     6  2203   272
 254 1879.0042 1081.7062    38     8     7  2739   113
 255 2225.9387 1083.0059    32     6     6  1853   348
 256 2059.0588 1083.6863    33     7     7  2101   301
 257 1898.3215 1083.8664    36     7     6  2657    47
 258 2246.9562 1085.1221    31     6     6  1767   250
 259 2079.0718 1085.8508    34     7     6  2139   288
 260 1917.8233 1085.9819    35     7     6  2551    56
 261 2267.8787 1087.4586    29     6     6  1619   222
 262 2099.3565 1088.0394    35     7     6  2182   308
 263 1937.1975 1088.1390    34     7     6  2434   142
 264 2288.8759 1089.6560    28     6     6  1541   411
 265 2119.6229 1090.1757    35     7     6  2157    -1
 266 1956.7621 1090.4327    36     7     7  2483   127
 267 2139.9538 1092.3815    31     6     6  1896   367
 268 1819.3269 1092.6307    29     6     6  1733    48
 269 1976.4574 1092.7540    35     7     6  2431   131
 270 2160.4623 1094.7000    34     7     6  2045   130
 271 1838.0318 1094.9090    35     8     6  2662     7
 272 1996.1058 1094.9507    35     7     6  2369   168
 273 2180.8864 1096.8701    31     6     6  1858   339
 274 1857.0945 1097.0204    34     7     6  2605    16
 275 2016.0275 1097.0542    33     7     6  2213   211
 276 2201.5543 1099.0652    34     7     6  1976   256
 277 1876.2829 1099.1282    36     7     6  2666    30
 278 2035.8845 1099.2553    33     7     6  2165   232
 279 2222.1450 1101.3182    30     7     6  1731   355
 280 1895.5727 1101.4094    36     7     7  2639    37
 281 2055.7992 1101.6611    35     7     6  2228   259
 282 2242.9874 1103.6005    30     6     6  1699   361
 283 1914.9388 1103.7846    35     7     6  2502    51
 284 2075.8384 1103.8731    33     7     6  2111   268
 285 2263.8646 1105.8702    31     6     6  1731    -1
 286 1934.3346 1105.9619    36     7     6  2562    90
 287 2095.9808 1106.0305    33     7     6  2093   270
 288 2285.0245 1108.0734    31     6     6  1693   223
 289 1953.9077 1108.0994    35     7     6  2454   135
 290 2116.1429 1108.2117    33     7     6  2042   365
 291 1816.8953 1110.0316    31     7     6  1851    40
 292 1973.4534 1110.4068    35     7     7  2415   181
 293 2136.4730 1110.5730    34     7     7  2070   333
 294 1835.4558 1112.1677    36     7     6  2751    12
 295 1993.0677 1112.7987    34     7     6  2306   175
 296 2156.8717 1112.8599    32     7     6  1939   404
 297 1854.5264 1114.4581    37     7     7  2758     6
 298 2012.8838 1114.9454    34     7     6  2268   192
 299 2177.2083 1115.1154    32     7     6  1912    -1
 300 1873.6825 1116.8053    35     7     6  2605    27
 301 2032.7340 1117.1226    36     7     6  2330   204
 302 2197.9710 1117.3417    31     6     6  1809   344
 303 1892.9081 1118.9816    34     7     6  2516    36
 304 2052.6417 1119.4771    34     7     7  2180   241
 305 2218.6447 1119.6974    31     7     6  1778   349
 306 1912.1227 1121.1478    35     7     6  2508    55
 307 2072.6404 1121.8234    34     7     6  2170   238
 308 2239.1453 1121.9433    32     7     6  1803   383
 309 1931.5292 1123.5928    35     7     7  2504    91
 310 2092.6804 1123.9589    36     7     6  2238   279
 311 2260.0618 1124.2135    30     6     6  1678    -1
 312 1950.9543 1125.9086    32     6     6  2300    97
 313 2112.8537 1126.2201    33     7     6  2043   287
 314 2281.0188 1126.4850    28     6     5  1533   315
 315 1814.4329 1127.2491    29     6     6  1733    66
 316 1970.4367 1128.1069    35     7     6  2414   115
 317 2132.9319 1128.6101    30     6     6  1845    -1
 318 1832.9299 1129.5977    35     7     7  2620     5
 319 1990.0758 1130.2871    34     7     7  2287   178
 320 2153.3108 1130.9144    35     7     6  2083   320
 321 1851.9383 1131.9233    34     7     6  2567    10
 322 2009.8125 1132.7923    34     7     6  2244   163
 323 2173.7500 1133.1250    33     7     6  1946   368
 324 1871.0061 1134.0659    32     6     6  2420    32
 325 2029.5460 1134.9693    34     7     6  2222   212
 326 2194.1166 1135.4644    29     7     5  1703    -1
 327 1890.1396 1136.3790    36     7     7  2552    38
 328 2049.3537 1137.2012    33     7     6  2142   230
 329 2214.8138 1137.7929    32     7     6  1839   342
 330 1909.3527 1138.7868    35     7     6  2517    44
 331 2069.2562 1139.5895    34     7     6  2147   247
 332 2235.4366 1140.0707    32     7     6  1805   332
 333 1928.7136 1141.0146    35     7     6  2471    83
 334 2089.2166 1141.9215    35     7     6  2177   258
 335 2256.0610 1142.4329    27     6     5  1514   416
 336 1948.0387 1143.3003    34     7     6  2346   101
 337 2109.2913 1144.1165    32     7     6  2012    -1
 338 1812.1364 1144.5255    29     7     5  1725    19
 339 2276.9676 1144.7878    29     6     6  1589   399
 340 1967.5379 1145.7348    34     7     6  2360    78
 341 2129.5112 1146.4832    33     7     7  2007   330
 342 1830.3873 1146.8293    35     7     6  2664     0
 343 1987.0500 1148.0177    34     7     6  2320   150
 344 2149.7820 1148.8459    33     7     6  1994   302
 345 1849.2683 1149.0917    35     7     6  2622     9
 346 2006.7018 1150.3037    35     7     6  2295   146
 347 2170.0852 1151.1045    32     7     6  1911   329
 348 1868.3662 1151.4455    34     7     7  2507    57
 349 2026.3736 1152.6935    35     7     6  2272   185
 350 2190.6429 1153.5476    31     7     6  1802   311
 351 1887.4627 1153.8221    35     7     6  2554    15
 352 2046.0842 1154.9990    33     7     6  2143   228
 353 2210.9892 1155.9286    31     6     6  1781   263
 354 1906.6451 1156.1135    36     7     6  2558    33
 355 2066.0157 1157.2018    30     6     6  1946   267
 356 2231.7500 1158.1276    30     7     6  1696    -1
 357 1925.8857 1158.4970    35     7     7  2419    86
 358 2085.9390 1159.6951    31     6     6  1960   233
 359 2252.2669 1160.5123    29     7     5  1613    -1
 360 1945.1509 1160.9024    34     7     6  2376    72
 361 1809.4250 1161.5875    29     6     6  1690    28
 362 2105.9829 1161.9902    32     6     6  2010   291
 363 2273.1176 1162.8897    29     6     6  1586   408
 364 1964.6088 1163.1299    35     7     6  2412    77
 365 1827.9518 1163.9787    34     7     6  2592     1
 366 2126.0504 1164.3012    29     6     6  1797   317
 367 1984.0879 1165.5409    34     7     7  2263   165
 368 1846.8142 1166.2543    34     7     6  2518     3
 369 2146.2329 1166.6863    32     7     6  1922   299
 370 2003.7259 1167.8905    34     7     6  2271   157
 371 1865.7895 1168.7707    34     7     6  2498    11
 372 2166.5479 1168.9966    31     7     6  1842    -1
 373 2023.2276 1170.1876    33     7     6  2175   158
 374 1884.8303 1171.0161    34     7     6  2475    20
 375 2186.9593 1171.4593    29     6     5  1696    -1
 376 2042.9644 1172.6289    31     6     6  2000   324
 377 1903.9224 1173.3635    35     7     7  2446    65
 378 2207.4056 1173.8476    30     7     6  1733   405
 379 2062.8319 1174.9246    34     7     6  2164   218
 380 1923.0359 1175.8649    33     7     6  2346   116
 381 2227.9870 1176.1321    29     6     6  1643   313
 382 2082.6751 1177.3273    34     7     6  2117   198
 383 1942.2949 1178.1345    34     7     6  2373    61
 384 2248.6069 1178.5377    28     7     5  1559   352
 385 1807.2937 1178.6468    28     6     6  1652     4
 386 2102.6856 1179.6830    34     7     6  2088   244
 387 1961.7622 1180.6189    34     7     7  2314   111
 388 2269.2407 1180.9074    27     6     6  1485    -1
 389 1825.3665 1181.0155    35     7     6  2619     2
 390 2122.6667 1182.0198    32     7     6  1954   264
 391 1981.0576 1182.9942    33     7     6  2249   155
 392 1844.1937 1183.3861    34     7     7  2490     8
 393 2142.8894 1184.5330    30     7     5  1803    -1
 394 2000.6052 1185.2915    34     7     6  2242   128
 395 1863.0506 1185.8848    33     7     6  2440    22
 396 2162.9669 1186.8066    30     6     6  1787   293
 397 2020.1354 1187.7627    33     7     6  2141   176
 398 1882.0522 1188.1431    33     7     6  2387    17
 399 2183.2318 1189.2471    31     7     6  1811   331
 400 2039.9025 1190.0597    33     7     6  2127   226
 401 1901.1111 1190.6389    32     7     6  2284    41
 402 2203.8657 1191.5787    29     7     6  1666    -1
 403 2059.6336 1192.4977    32     7     6  2034   214
 404 1920.2624 1193.0205    34     7     6  2407    76
 405 2224.1480 1194.0357    30     6     6  1696   413
 406 1805.3293 1194.7927    15     5     5   791    -1
 407 2079.4343 1194.9136    32     7     6  2011   245
 408 1939.4877 1195.4245    34     7     7  2349    67
 409 2244.8885 1196.5318    27     6     5  1507   359
 410 2099.1933 1197.2813    32     7     6  1975   265
 411 1822.9702 1197.7767    32     6     6  2153    58
 412 1958.8424 1197.8439    34     7     6  2328    92
 413 2265.3923 1198.9077    28     7     6  1530    -1
 414 2119.2088 1199.6618    31     7     6  1890   286
 415 1978.0887 1200.2216    32     7     6  2164   166
 416 1841.7843 1200.2602    32     7     6  2117    25
 417 2139.3176 1202.1069    32     7     6  1918   290
 418 1997.6611 1202.6963    34     7     6  2240   129
 419 1860.5292 1202.8193    34     7     6  2317    29
 420 2159.5144 1204.5144    31     7     5  1828   305
 421 2017.0661 1205.0934    32     6     6  2114   173
 422 1879.4420 1205.1902    34     7     6  2407    46
 423 2179.8396 1206.9038    30     6     6  1765   337
 424 2036.7528 1207.5358    31     7     5  1997   199
 425 1898.4028 1207.7304    34     7     6  2451    42
 426 2200.0701 1209.4439    27     6     5  1564   345
 427 2056.3311 1209.9795    32     7     6  2038   196
 428 1917.4806 1210.1044    34     7     6  2423    52
 429 2220.4740 1211.8333    30     7     6  1692   350
 430 2076.1101 1212.3152    30     7     6  1895   215
 431 1936.7020 1212.6025    33     7     6  2333    64
 432 2241.0329 1214.2246    29     6     6  1617    -1
 433 2095.9622 1214.7622    30     6     6  1870   271
 434 1955.9066 1215.0097    34     7     6  2369    70
 435 2261.7812 1216.5391    27     6     5  1478    -1
 436 2115.9189 1217.1578    30     6     6  1839   303
 437 1975.1446 1217.4251    32     7     7  2174   132
 438 2135.9100 1219.6067    28     6     6  1700   391
 439 1994.5723 1219.9182    32     7     6  2181   140
 440 2155.9818 1222.1095    31     6     6  1824   295
 441 2014.0068 1222.3317    32     7     6  2111   162
 442 2176.0487 1224.4558    28     7     5  1626   347
 443 2033.5810 1224.7945    33     7     6  2156   177
 444 2196.4806 1227.0000    30     7     6  1706    -1
 445 2053.0711 1227.2282    32     7     6  2071   194
 446 2216.8742 1229.4632    27     6     5  1513   351
 447 2072.8794 1229.6780    30     7     6  1927   217
 448 2237.1601 1231.9052    28     6     6  1553   360
 449 2092.6429 1232.0666    34     7     6  2113   370
 450 2257.8500 1234.3750    26     6     5  1420    -1
 451 2112.6105 1234.5939    31     7     6  1912   251
 452 2132.4128 1237.0756    32     7     6  1944   282
 453 2152.3705 1239.4640    29     7     5  1728   327
 454 2172.6004 1241.9981    30     7     6  1769   326
 455 2192.8000 1244.4167    27     6     5  1530    -1
 456 2212.9578 1246.5964    25     6     6  1333    -1
 457 2233.8077 1247.8846     9     5     2   463   417
