498
   0 1407.0508  503.4148    98    17    16  5205    -1
   1 1374.1984  782.1825    15     4     6   813    -1
   2 1317.5999  825.6462    35     7     7  2701   237
   3 1334.9704  827.1595    34     6     7  3709   160
   4 1697.0263  827.2895     5     2     4   269    -1
   5 1352.5534  828.9065    38     7     7  4146   161
   6 1370.1355  830.5623    39     7     7  4359   187
   7 1387.9277  832.1477    37     7     7  4277   180
   8 1668.4077  832.6473    19     6     5  1405   476
   9 1405.7346  833.9474    38     7     7  4372   176
  10 1697.4960  835.5120    19     9     4  1199    -1
  11 1423.5299  835.6111    39     7     7  4488   193
  12 1441.4851  837.3876    39     7     7  4440   195
  13 1459.5008  839.0901    39     7     7  4387   214
  14 1477.5748  840.8221    41     7     7  4444   240
  15 1718.5991  842.3191   111    38    10  6125   455
  16 1495.7434  842.5690    41     7     7  4412   269
  17 1316.4107  843.1267    33     7     6  2893   182
  18 1514.0036  844.2596    39     8     7  4180   280
  19 1333.8574  844.9178    36     7     7  4265    52
  20 1532.3053  846.0497    39     7     7  4164   306
  21 1351.2718  846.5991    37     7     7  4291    73
  22 1550.7330  847.8261    39     7     7  4109   327
  23 1368.9391  848.2397    36     6     7  4132   113
  24 1569.2422  849.5710    41     7     7  4234   332
  25 1386.5988  850.0364    38     7     6  4238   137
  26 1587.7017  851.3283    40     7     7  4137   346
  27 1404.2518  851.8110    38     7     7  4209   157
  28 1606.3586  853.0700    40     7     7  4051   359
  29 1422.0995  853.5394    39     7     7  4262   184
  30 1625.0424  854.8564    40     8     7  3936   376
  31 1440.0106  855.2033    36     6     7  4021   211
  32 1643.7461  856.6065    41     7     7  4041   407
  33 1458.0000  857.0000    32     6     6  3680   210
  34 1662.5960  858.4102    40     7     7  3948   428
  35 1475.9912  858.8909    37     7     7  3963   229
  36 1681.5078  860.1693    41     7     7  3840   442
  37 1494.1509  860.6123    39     7     7  4113   246
  38 1315.2764  860.8915    30     6     6  2721   117
  39 1700.4731  862.0157    39     7     7  3509   451
  40 1512.3472  862.3718    39     7     7  4103   268
  41 1332.6131  862.5039    37     7     7  4432    44
  42 1719.5600  863.8586    41     7     7  3433   456
  43 1530.6082  864.1457    40     7     7  4080   286
  44 1350.0352  864.1653    35     6     7  4134    54
  45 1738.7552  865.6693    41     7     7  3355   465
  46 1548.9413  865.9704    38     7     7  3790   310
  47 1367.6842  866.0193    36     7     6  4161    84
  48 1757.7269  867.3414    36     6     7  2254   475
  49 1567.3596  867.7098    40     7     7  4016   334
  50 1385.1991  867.8312    37     7     7  4160   121
  51 1585.8201  869.5203    41     7     7  4021   363
  52 1402.9399  869.5760    38     6     7  4230   127
  53 1420.7018  871.3137    39     7     7  4269   147
  54 1604.4095  871.3283    40     7     7  3934   378
  55 1623.0350  873.0757    40     8     7  3744   390
  56 1438.5365  873.1133    39     7     7  4249   162
  57 1456.4481  874.9445    39     7     7  4204   200
  58 1641.7452  874.9595    39     7     7  3728   402
  59 1769.0769  876.5000    15     3    12   776    -1
  60 1474.4612  876.7016    41     7     7  4292   217
  61 1660.4683  876.7215    41     7     7  3847   427
  62 1314.1623  878.1290    33     6     6  2879   123
  63 1492.5085  878.5205    37     7     7  4089   245
  64 1679.3983  878.5384    40     7     7  3770   436
  65 1331.3779  880.0266    37     7     6  4290    34
  66 1698.3213  880.3266    41     7     7  3757   440
  67 1510.6279  880.3372    39     7     7  4100   266
  68 1348.9238  881.9145    36     7     7  4174    53
  69 1528.8880  882.0802    38     7     7  3882   283
  70 1717.3540  882.1086    40     7     7  3630   445
  71 1366.3226  883.6272    37     7     7  4263    60
  72 1736.4818  883.9708    38     7     6  3493   454
  73 1547.1321  883.9959    36     7     6  3738   312
  74 1383.9295  885.3581    39     7     7  4283    82
  75 1565.5114  885.7933    41     7     7  4065   320
  76 1755.4034  885.7975    37     7     7  2502   472
  77 1401.5813  887.2108    39     7     7  4298   105
  78 1583.9536  887.6481    40     8     7  3938   353
  79 1419.1752  889.0211    36     7     6  4078   133
  80 1602.4837  889.4593    38     7     7  3864   382
  81 1437.0153  890.9588    37     7     7  4012   166
  82 1621.0267  891.2256    39     8     7  3765   396
  83 1766.9828  891.8103    18     2    15   929    -1
  84 1454.9557  892.7706    37     7     7  4060   170
  85 1639.6961  893.0783    38     7     7  3695   401
  86 1472.8814  894.5271    39     7     7  4163   197
  87 1658.3907  894.9683    39     7     7  3716   417
  88 1313.1841  895.7979    32     6     7  2765   136
  89 1490.9114  896.2983    38     7     7  4022   236
  90 1677.2115  896.8387    39     7     7  3624   432
  91 1330.2410  897.4752    38     7     7  4359    14
  92 1508.9889  898.1177    37     7     7  3877   254
  93 1696.1001  898.6549    41     8     7  3728   439
  94 1347.6669  899.2632    37     7     7  4228    23
  95 1527.0875  900.0214    36     7     6  3766   272
  96 1715.0709  900.4788    43     8     7  3800   444
  97 1365.0104  901.0247    34     6     7  4006    68
  98 1545.3788  901.9197    39     7     7  3980   318
  99 1734.1684  902.2922    41     8     7  3624   453
 100 1382.6590  902.9633    37     7     6  4164    71
 101 1563.6916  903.7716    38     7     7  3888   308
 102 1753.0195  904.0976    35     7     6  2416   470
 103 1400.1436  904.8706    37     7     7  4114    98
 104 1582.0770  905.6389    39     7     7  3879   333
 105 1417.8841  906.7104    38     7     7  4186   126
 106 1600.5178  907.4750    37     7     7  3813   365
 107 1435.5941  908.4911    37     7     7  4219   153
 108 1619.0436  909.2756    39     8     7  3764   383
 109 1453.4394  910.3600    39     7     7  4243   167
 110 1637.6309  911.1833    39     7     7  3753   400
 111 1471.2777  912.1820    38     7     7  4095   204
 112 1656.2526  913.0227    38     7     6  3618   416
 113 1312.1000  913.0490    32     6     6  2835   100
 114 1764.0333  913.8333    17     2    15   880    -1
 115 1489.2075  914.0542    37     7     7  3970   231
 116 1329.0695  914.9210    34     6     7  4011     0
 117 1675.0353  914.9811    37     8     6  3436   422
 118 1507.2541  915.9757    36     7     6  3858   261
 119 1346.3827  916.7252    36     7     7  4162     5
 120 1693.8525  916.8946    39     7     7  3567   434
 121 1525.4127  917.8650    39     7     7  4013   249
 122 1363.8402  918.5439    37     7     7  4172    29
 123 1712.7438  918.7506    39     7     7  3570   438
 124 1543.6196  919.7431    39     7     7  3974   273
 125 1381.2678  920.3717    39     7     7  4289    57
 126 1731.7585  920.6167    40     7     7  3594   450
 127 1561.8456  921.6480    40     7     7  3959   313
 128 1398.8788  922.1847    38     7     7  4149   101
 129 1750.6556  922.4637    36     7     7  2462   473
 130 1580.2197  923.4969    41     7     7  3987   330
 131 1416.4447  924.1379    38     7     7  4198   135
 132 1598.5517  925.4002    39     7     7  3884   348
 133 1434.0499  926.0136    35     7     6  3956   143
 134 1617.0526  927.2260    39     8     7  3738   368
 135 1451.9802  927.9918    34     7     6  3847   165
 136 1635.5968  929.1758    40     7     7  3798   388
 137 1761.9516  929.7903    19     2    15   981    -1
 138 1469.8236  929.9037    36     7     7  3960   178
 139 1310.9970  930.1480    30     6     6  2659    70
 140 1654.1601  931.0354    37     7     7  3518   414
 141 1487.6798  931.7788    39     7     7  4102   218
 142 1327.9905  932.0203    32     6     6  3918    11
 143 1672.8829  933.0116    36     7     6  3393   424
 144 1505.6179  933.6538    39     7     7  4096   227
 145 1345.1069  933.9602    35     7     6  4014    21
 146 1691.6679  934.9544    38     7     6  3544   418
 147 1523.6682  935.5467    40     7     7  4075   260
 148 1362.6141  935.8977    37     7     7  4128    19
 149 1710.5136  936.8823    39     7     7  3569   435
 150 1541.8266  937.4300    40     7     7  3987   284
 151 1380.0042  937.8616    35     6     7  3987    46
 152 1729.4873  938.7945    41     7     7  3629   449
 153 1560.0360  939.2941    38     7     7  3818   307
 154 1397.4791  939.6907    37     7     7  4194    86
 155 1748.2626  940.7003    35     7     7  2424   469
 156 1578.3273  941.2533    39     7     7  3867   340
 157 1415.0459  941.6223    36     6     7  4033   110
 158 1596.6717  943.1830    39     7     7  3808   358
 159 1432.7067  943.4705    38     7     7  4174   141
 160 1615.0584  945.0520    38     7     7  3621   373
 161 1450.4264  945.4094    37     7     7  4147   188
 162 1633.5538  947.0631    38     7     6  3683   372
 163 1309.9728  947.1561    31     6     6  2690   103
 164 1468.1702  947.2898    39     7     7  4115   202
 165 1652.0953  949.0113    36     7     6  3431   394
 166 1326.9004  949.1444    36     7     7  4058     7
 167 1486.0362  949.1678    37     7     7  3933   213
 168 1670.8027  950.9847    36     7     6  3432   404
 169 1759.0357  951.0357    17     2    15   878    -1
 170 1343.9857  951.0393    34     6     7  3979    36
 171 1503.9990  951.0847    36     6     7  3808   253
 172 1689.4643  952.9313    38     7     6  3551   415
 173 1521.9987  953.0143    34     6     6  3619   264
 174 1361.2261  953.0368    35     7     6  4017    40
 175 1708.2743  954.8999    38     7     7  3473   426
 176 1378.7867  955.0116    36     7     6  4036    47
 177 1540.0535  955.0154    35     7     6  3638   274
 178 1727.2268  956.8906    38     7     7  3408   446
 179 1396.0386  956.9741    34     7     6  3917   102
 180 1558.1578  957.0184    36     7     6  3679   287
 181 1745.8486  958.8817    34     7     6  2334   467
 182 1413.7219  958.9241    36     7     6  4040    94
 183 1576.4540  958.9894    38     7     6  3792   339
 184 1431.1761  960.9046    36     7     7  3980   145
 185 1594.8044  960.9811    36     7     6  3623   328
 186 1448.9636  962.9079    36     7     7  3972   139
 187 1613.0580  962.9830    35     7     6  3458   356
 188 1308.8012  964.2452    33     7     7  2749    93
 189 1466.6687  964.8174    38     7     7  4093   172
 190 1631.5521  964.9131    38     7     6  3667   369
 191 1325.7373  966.2307    35     7     7  4030    16
 192 1756.9667  966.5333    19     2    15   980    -1
 193 1484.4633  966.7426    37     7     7  4002   198
 194 1650.0270  966.9730    37     8     6  3459   384
 195 1342.8758  968.1642    36     7     7  3998    22
 196 1502.3463  968.7194    38     7     7  3969   222
 197 1668.6443  968.8723    39     7     7  3599   393
 198 1360.0160  970.0887    34     6     7  3944    33
 199 1520.3034  970.6945    39     7     7  3929   225
 200 1687.2826  970.8607    37     7     7  3455   411
 201 1377.3652  972.1150    37     7     7  4097    67
 202 1538.3535  972.6408    38     7     7  3825   258
 203 1706.0510  972.9084    39     8     7  3478   431
 204 1394.8877  974.0763    35     7     6  3945    72
 205 1556.4293  974.6270    37     7     7  3803   297
 206 1724.8973  974.8638    39     8     7  3440   448
 207 1412.1740  976.0586    35     7     6  3986   104
 208 1574.5674  976.6024    38     7     7  3814   314
 209 1743.5939  976.8479    35     7     6  2368   468
 210 1429.8989  978.0502    35     7     6  3911   134
 211 1592.8135  978.6243    40     7     7  3834   323
 212 1447.3943  980.0731    37     7     6  4045   149
 213 1611.1289  980.6348    39     7     7  3731   360
 214 1307.6033  981.2094    31     7     6  2634   131
 215 1465.0249  982.0141    34     7     6  3830   174
 216 1629.5145  982.5946    37     7     7  3637   349
 217 1324.5651  983.2164    36     7     7  4057     9
 218 1482.9536  984.0124    34     7     6  3757   190
 219 1754.5667  984.5000     9     2     8   465    -1
 220 1647.9639  984.6497    38     8     7  3577   370
 221 1341.6954  985.1919    35     7     7  3986    15
 222 1500.7579  986.0456    36     7     6  3750   205
 223 1666.5101  986.6021    37     7     7  3535   410
 224 1358.8959  987.1430    36     7     7  3957    43
 225 1518.6809  988.0189    36     7     6  3652   248
 226 1685.1469  988.6525    40     7     7  3600   419
 227 1376.0498  989.1409    34     6     7  3908    81
 228 1536.5882  990.0530    38     7     6  3759   277
 229 1703.7893  990.6655    40     7     7  3583   423
 230 1393.4624  991.1999    37     7     7  4086    74
 231 1554.6573  992.0611    38     7     6  3807   289
 232 1722.5772  992.6537    39     7     7  3492   441
 233 1410.9201  993.1474    35     6     7  3897   114
 234 1572.8077  994.0448    36     7     6  3630   298
 235 1741.2264  994.7219    35     7     7  2408   464
 236 1428.3471  995.2136    37     7     7  4074   138
 237 1590.9557  996.0049    35     7     6  3501   325
 238 1517.6930  996.8812    44     7     7  4527   191
 239 1445.9572  997.1841    36     6     7  3924   159
 240 1609.1388  998.0596    36     7     7  3544   337
 241 1306.4744  998.0928    31     7     6  2606    77
 242 1463.5845  999.2598    36     7     7  3977   171
 243 1323.3581 1000.0969    36     7     6  3998    18
 244 1627.5138 1000.1462    39     7     7  3691   374
 245 1752.4535 1000.2907    26     3    23  1343    -1
 246 1481.2521 1001.2772    39     7     7  4064   207
 247 1645.9132 1002.0777    38     7     7  3553   386
 248 1340.4408 1002.1150    37     7     7  4045    28
 249 1499.0312 1003.2643    37     7     7  3772   221
 250 1357.6654 1004.1519    34     7     7  3883    35
 251 1664.4039 1004.2165    37     7     7  3515   381
 252 1516.8840 1005.3795    36     7     7  3568   257
 253 1374.8947 1006.1294    36     7     7  3913    61
 254 1682.9423 1006.1794    39     8     7  3519   406
 255 1524.8195 1006.3584    25     7     6  2408   392
 256 1534.8562 1007.3620    36     7     7  3605   279
 257 1392.0662 1008.1627    36     7     7  3976    87
 258 1701.5942 1008.2927    39     7     7  3542   425
 259 1552.8374 1009.4288    38     7     7  3782   265
 260 1409.5081 1010.2427    36     7     7  4035   109
 261 1720.4035 1010.3389    39     7     7  3514   437
 262 1570.8866 1011.5077    38     7     7  3729   290
 263 1426.9558 1012.2468    36     6     7  3937   125
 264 1738.9163 1012.3537    34     7     7  2315   463
 265 1589.0486 1013.6056    37     7     7  3631   311
 266 1444.4560 1014.3627    37     7     7  4078   132
 267 1305.3576 1014.9293    30     6     6  2546   116
 268 1607.2464 1015.6810    39     7     7  3701   329
 269 1462.0311 1016.3988    37     6     7  3906   155
 270 1322.1582 1016.9389    35     7     6  3912    20
 271 1625.5126 1017.7285    39     7     7  3692   357
 272 1479.7061 1018.4990    38     7     7  3982   208
 273 1339.1614 1018.9801    35     7     6  3912    30
 274 1643.8688 1019.8682    37     7     7  3496   343
 275 1497.4314 1020.5799    37     7     7  3877   212
 276 1356.3016 1021.0217    35     7     6  3912    42
 277 1662.2954 1021.8739    38     7     7  3537   371
 278 1749.5488 1022.4512    26     3    22  1341    -1
 279 1515.2407 1022.6951    36     7     7  3686   230
 280 1373.6101 1023.1013    34     7     6  3862    50
 281 1680.8300 1023.9469    35     7     6  3341   397
 282 1533.0985 1024.7927    37     7     7  3678   251
 283 1390.8772 1025.0916    35     7     6  3863    79
 284 1699.4055 1025.9698    38     7     6  3488   405
 285 1551.0623 1026.8804    38     7     7  3714   244
 286 1408.0486 1027.1509    34     6     7  3831   120
 287 1718.0717 1028.0051    35     7     6  3221   443
 288 1569.0479 1028.9555    36     7     6  3574   281
 289 1425.5353 1029.2801    36     7     7  3983   122
 290 1736.7192 1029.9752    34     7     6  2325   466
 291 1587.1037 1030.9633    35     7     6  3496   302
 292 1442.9794 1031.3563    36     6     7  3867   140
 293 1304.2626 1031.7532    30     6     6  2511    37
 294 1605.2358 1032.9986    36     7     6  3545   304
 295 1460.5177 1033.4897    37     7     7  3992   151
 296 1321.1336 1033.7991    34     6     7  3796     2
 297 1623.5278 1035.0669    38     7     6  3627   344
 298 1478.1099 1035.6410    36     7     7  3751   177
 299 1338.0808 1035.8721    33     6     7  3749     4
 300 1641.8645 1037.0642    35     7     6  3377   379
 301 1495.8614 1037.7624    36     7     7  3759   168
 302 1355.0875 1037.9096    32     6     6  3714    24
 303 1660.2212 1039.1811    38     7     7  3521   391
 304 1513.5797 1039.8036    37     7     7  3846   203
 305 1372.1656 1039.9124    34     7     6  3805    55
 306 1678.6478 1041.3239    37     7     7  3474   380
 307 1531.3490 1041.8696    37     7     6  3771   256
 308 1389.4759 1042.0201    36     7     6  3917    76
 309 1697.2662 1043.4962    39     7     7  3520   389
 310 1549.2155 1043.9607    36     7     6  3656   262
 311 1406.8389 1044.0871    34     7     6  3795    78
 312 1715.8240 1045.6794    39     7     7  3444   429
 313 1567.1783 1046.0300    35     7     6  3584   278
 314 1424.0256 1046.1149    34     6     7  3793   119
 315 1734.2764 1047.7764    34     7     6  2344   460
 316 1585.2304 1048.0930    36     7     6  3584   285
 317 1303.2331 1048.1979    32     6     6  2593    91
 318 1441.5394 1048.2835    36     7     7  3906   148
 319 1319.9817 1050.1915    35     6     7  3828    32
 320 1603.4039 1050.2218    37     7     7  3629   319
 321 1458.9913 1050.4120    35     6     7  3704    -1
 322 1336.9204 1052.3481    34     6     7  3760    25
 323 1621.5442 1052.3599    37     7     7  3591   336
 324 1476.5642 1052.6020    37     7     7  3890   156
 325 1353.9611 1054.5418    34     6     7  3732    27
 326 1639.7905 1054.5493    39     7     7  3592   342
 327 1494.1891 1054.7686    36     7     7  3717   201
 328 1371.0348 1056.7484    34     6     7  3757    39
 329 1658.1520 1056.7505    38     7     7  3489   361
 330 1511.9571 1056.9202    34     7     6  3599   154
 331 1676.5749 1058.8224    37     7     7  3466   387
 332 1388.0973 1058.8680    32     6     6  3646    66
 333 1529.7665 1058.9451    36     7     6  3721   224
 334 1405.3255 1060.9135    35     7     6  3825    97
 335 1695.0228 1060.9953    35     8     6  3244   399
 336 1547.5358 1061.0335    38     7     6  3797   238
 337 1713.6552 1063.0325    38     7     6  3421   420
 338 1422.7822 1063.0533    35     7     6  3805    99
 339 1565.4338 1063.1333    36     7     6  3657   243
 340 1302.2416 1064.7705    30     6     6  2487   115
 341 1439.9968 1065.0699    33     6     6  3689   158
 342 1731.9109 1065.1023    32     7     6  2206   462
 343 1583.4246 1065.2536    36     7     7  3618   301
 344 1318.9846 1066.9283    33     6     6  3728     1
 345 1457.5158 1067.2595    36     7     7  3825   144
 346 1601.4904 1067.4449    37     7     7  3629   293
 347 1335.8454 1069.0420    34     7     6  3750     3
 348 1475.0129 1069.4531    36     6     7  3697   179
 349 1619.5745 1069.6635    38     7     7  3619   288
 350 1352.8038 1071.1130    33     7     6  3704    41
 351 1492.5944 1071.6484    37     7     7  3831   192
 352 1637.8227 1071.8816    36     7     7  3430   341
 353 1369.8309 1073.1701    34     7     7  3716    49
 354 1742.6923 1073.7363   111    12    82  5732    -1
 355 1510.2289 1073.8469    36     7     7  3685   185
 356 1656.0591 1073.9877    34     7     6  3283   345
 357 1386.8959 1075.3785    34     6     7  3708    69
 358 1528.0029 1075.9800    33     6     6  3527   234
 359 1674.4258 1076.0727    38     7     6  3503   347
 360 1404.0382 1077.6678    34     6     7  3679    96
 361 1545.8710 1078.0381    35     7     6  3599   241
 362 1692.8610 1078.1457    38     7     7  3393   408
 363 1421.2180 1079.8436    33     7     6  3664    83
 364 1563.6518 1080.1612    37     7     7  3668   252
 365 1711.4219 1080.3990    38     7     7  3424   430
 366 1301.0963 1081.1398    31     6     6  2516    80
 367 1438.6502 1081.9719    36     7     6  3830   106
 368 1581.5571 1082.3452    37     7     7  3672   282
 369 1729.7373 1082.7234    32     6     7  2173   403
 370 1317.9048 1083.1782    30     6     6  3486    17
 371 1455.9772 1084.0357    32     6     6  3616   196
 372 1599.5618 1084.6077    37     7     7  3614   309
 373 1334.6720 1085.4280    35     7     7  3750     6
 374 1473.4744 1086.2113    36     7     7  3792   152
 375 1617.6503 1086.8154    37     7     7  3540   300
 376 1351.4995 1087.7312    35     7     7  3770    13
 377 1491.0005 1088.4011    35     6     7  3600   189
 378 1635.8658 1088.9528    35     7     6  3393   326
 379 1368.4558 1089.8746    34     7     6  3734    48
 380 1508.6119 1090.6585    37     7     7  3780   239
 381 1654.0188 1091.0240    34     7     6  3265   350
 382 1385.6034 1092.0399    33     7     6  3643    56
 383 1526.2350 1092.8561    34     7     6  3545   220
 384 1672.3208 1093.2144    37     7     7  3429   364
 385 1402.7701 1094.1331    33     7     6  3664    75
 386 1544.0057 1094.9905    32     6     6  3449   235
 387 1690.6804 1095.5185    38     7     7  3413   377
 388 1419.9038 1096.3339    35     6     7  3689    -1
 389 1561.8853 1097.0667    35     7     6  3520   315
 390 1300.1525 1097.4609    28     6     6  2269   128
 391 1709.1900 1097.8052    38     7     7  3345   413
 392 1437.1269 1098.6589    35     7     7  3701   108
 393 1579.7272 1099.2809    36     7     7  3530   270
 394 1316.7729 1099.7084    33     7     7  3574     8
 395 1727.5412 1099.8688    33     7     6  2233   458
 396 1454.4686 1100.8468    35     7     6  3754   124
 397 1597.6674 1101.5994    38     7     7  3620   276
 398 1333.3679 1101.9034    34     7     6  3661    10
 399 1471.9748 1103.0131    32     6     6  3582   118
 400 1615.7338 1103.8468    36     7     6  3464   322
 401 1350.2495 1104.0081    35     7     6  3718    58
 402 1489.3941 1105.1240    36     7     6  3736   183
 403 1633.8793 1105.9920    35     7     6  3366   305
 404 1367.1684 1106.1928    35     7     7  3716    59
 405 1506.9737 1107.3146    35     6     7  3578   209
 406 1651.9911 1108.0615    33     6     6  3171   352
 407 1384.1832 1108.5307    34     7     7  3657    62
 408 1524.5928 1109.6474    37     7     7  3736   169
 409 1670.2646 1110.3630    38     7     7  3404   447
 410 1401.2689 1110.8142    33     7     6  3623    89
 411 1542.2549 1111.8506    34     7     6  3491   216
 412 1688.5669 1112.7142    36     7     7  3280   367
 413 1418.4889 1112.9668    35     7     6  3736    88
 414 1299.1297 1113.6977    29     6     6  2325    65
 415 1560.0008 1113.9874    33     7     6  3429   259
 416 1706.9698 1114.9597    34     7     6  3090   409
 417 1435.7987 1115.1242    33     7     6  3595   130
 418 1315.6044 1115.9797    33     7     6  3518    12
 419 1577.9056 1116.1238    35     7     6  3414   255
 420 1725.1874 1117.0346    33     7     6  2213    -1
 421 1452.9846 1117.3271    34     6     7  3580   163
 422 1332.2168 1118.0799    34     7     6  3614    31
 423 1595.7816 1118.4603    36     7     7  3437   271
 424 1470.3449 1119.6898    36     7     7  3728   142
 425 1349.0464 1120.3945    33     6     7  3526    45
 426 1613.8014 1120.8187    37     7     7  3466   294
 427 1487.9112 1121.9143    34     7     6  3597   175
 428 1366.0401 1122.7347    33     6     7  3546    51
 429 1631.8748 1122.9629    35     7     6  3340   291
 430 1505.2826 1124.0280    35     7     6  3608   186
 431 1383.0189 1124.9399    32     6     6  3587    63
 432 1649.9662 1125.0699    33     7     6  3145   331
 433 1522.9232 1126.1606    35     7     7  3494   233
 434 1399.9512 1127.1031    32     6     6  3588    95
 435 1668.1632 1127.4088    38     7     7  3325   355
 436 1540.5507 1128.5795    37     7     7  3624   228
 437 1417.0436 1129.3585    34     6     7  3580   199
 438 1298.0296 1129.7180    26     6     6  1823   226
 439 1686.4429 1129.7584    35     7     7  3186   366
 440 1558.2301 1130.8495    34     7     6  3408   250
 441 1434.2001 1131.7384    35     7     7  3667   112
 442 1314.4750 1131.9488    30     7     6  2779   107
 443 1704.8372 1131.9551    35     7     6  3132   412
 444 1576.0009 1133.0133    32     6     6  3287   275
 445 1451.5047 1133.9420    35     7     6  3673   150
 446 1722.8403 1134.1295    31     6     6  2079   461
 447 1331.0635 1134.3039    31     6     6  2968    92
 448 1593.9234 1135.1710    36     7     7  3347   295
 449 1468.9125 1136.1139    32     6     6  3452   219
 450 1348.0043 1136.6456    31     6     6  3164    38
 451 1611.8697 1137.6117    35     7     7  3254   292
 452 1486.1601 1138.3778    35     7     7  3518   181
 453 1364.8420 1138.9724    34     7     6  3618    26
 454 1629.9011 1139.8997    35     7     6  3266   316
 455 1503.7559 1140.7311    37     7     7  3620   173
 456 1381.7508 1141.1453    33     7     6  3612    90
 457 1647.9459 1142.0338    34     7     6  3178   335
 458 1521.1555 1142.9310    34     7     6  3433   263
 459 1398.7239 1143.4754    35     7     7  3702    64
 460 1666.0656 1144.2966    36     7     7  3172   354
 461 1538.8816 1145.1214    34     7     6  3372   242
 462 1415.7802 1145.8516    35     7     6  3738    85
 463 1684.3001 1146.7432    36     7     7  3161   385
 464 1556.4887 1147.4518    37     7     7  3531   232
 465 1432.9013 1148.0650    33     7     6  3636   111
 466 1702.6361 1148.9327    36     7     6  3145   398
 467 1574.1740 1149.8316    34     7     6  3283   317
 468 1449.9865 1150.2573    33     6     7  3537   129
 469 1720.7194 1151.1245    31     6     6  2056   459
 470 1592.0057 1152.0126    32     6     6  3182   299
 471 1467.2310 1152.6699    35     7     7  3616   164
 472 1609.9384 1154.1882    34     7     7  3137   303
 473 1484.6959 1154.9566    36     7     6  3653   146
 474 1627.9065 1156.7103    35     7     7  3162   351
 475 1501.9992 1157.0928    33     6     6  3445   206
 476 1645.9637 1158.9492    33     7     6  3097   321
 477 1519.5476 1159.4422    36     7     7  3566   194
 478 1663.9889 1161.1050    33     6     6  3002   362
 479 1537.0793 1161.8442    32     6     6  3259   215
 480 1682.1849 1163.5355    37     7     7  3145    -1
 481 1381.4263 1163.7684    14     5     4   890   477
 482 1554.7729 1164.0513    35     7     6  3428   223
 483 1700.3924 1165.8616    35     7     6  3061   395
 484 1572.3836 1166.3318    35     7     7  3391   247
 485 1718.5152 1168.0217    32     7     6  2060   457
 486 1590.1288 1168.7727    34     7     7  3222   267
 487 1608.0029 1170.9508    32     6     6  3133   296
 488 1625.9140 1173.1776    33     7     6  3080   324
 489 1643.8980 1175.6613    34     7     7  3014   338
 490 1661.9707 1177.9236    32     6     6  2830   375
 491 1680.0191 1180.0979    31     6     6  2490   433
 492 1698.1651 1182.5060    31     7     6  2377   452
 493 1716.0103 1184.5361    29     7     6  1644   471
 494 1631.5072 1197.0884    16     5     4  1077   474
 495 1672.5387 1198.2062    75    27     7  4138   421
 496 1653.4773 1198.7576    17     4     8   982    -1
 497 1652.8750 1206.6250     5     2     3   258    -1
