485
   0  458.1364  717.0455     5     2     3   272   453
   1  480.6314  726.0620    12     3     4   874   400
   2  449.1347  726.8916   146    34     8  8855   268
   3  690.7000  743.2933     5     3     2   400   450
   4  418.3398  743.3011    16     4     5   981    -1
   5  432.0984  744.5614    21     5     5  1685    -1
   6  445.8706  745.6898    25     6     6  2251    -1
   7  690.3963  745.8734     7     4     2   591    -1
   8  459.7973  746.9847    27     6     6  2561   378
   9  473.7592  748.2965    28     6     6  2781   369
  10  487.7441  749.5297    29     6     7  2966   356
  11  501.8076  750.8210    29     6     6  3098   346
  12  737.4555  751.1359   472    62    22 32312   406
  13  515.9304  752.0868    30     6     6  3252   340
  14  530.1129  753.3893    32     6     7  3362   328
  15  544.3718  754.7246    31     7     6  3398   320
  16  558.6847  756.0203    31     6     6  3570   306
  17  573.0351  757.2685    32     6     7  3665   293
  18  587.4929  758.6500    32     7     7  3700   255
  19  419.6707  759.3024    20     5     5  1410    -1
  20  601.9893  759.9435    32     6     6  3846   254
  21  433.3447  760.4733    24     6     5  2211    -1
  22  616.5307  761.1938    32     7     6  3912   230
  23  447.0272  761.6959    28     6     6  2707    -1
  24  631.1689  762.5757    34     6     7  4092   211
  25  460.9128  763.0193    28     6     6  2827   377
  26  645.8212  763.9186    33     6     6  4187   210
  27  474.8310  764.3438    29     6     6  2897   363
  28  660.5200  765.1243    33     7     6  4245   182
  29  488.8131  765.6327    30     6     6  3030   353
  30  675.3039  766.4977    35     7     7  4366   170
  31  502.8924  766.9589    29     6     6  3104   339
  32  690.1356  767.8880    31     6     6  4256   172
  33  516.9469  768.2736    30     6     6  3187   326
  34  705.0006  769.1330    32     6     6  4235   144
  35  531.1268  769.6213    30     6     6  3239   318
  36  719.9644  770.4737    34     6     7  4243   154
  37  545.3243  770.9499    31     6     6  3468   301
  38  735.0326  771.9148    30     6     6  4012   143
  39  559.6019  772.2822    30     7     6  3433   289
  40  750.0911  773.1608    33     6     6  4020   119
  41  573.9565  773.6465    32     6     7  3600   275
  42  765.3135  774.4252    26     5     6  2544   198
  43  588.3760  774.9695    31     6     6  3727   262
  44  420.9619  775.1437    20     5     6  1407   397
  45  602.8309  776.2267    30     6     6  3670   250
  46  434.5124  776.4273    24     5     6  2246   449
  47  448.2140  777.6285    29     6     6  2789   435
  48  617.3678  777.6559    31     6     7  3789   224
  49  631.9297  778.9803    33     6     6  4061   214
  50  462.0643  778.9993    28     6     6  2862   376
  51  646.5524  780.2751    33     7     7  4073   193
  52  475.9607  780.3630    29     6     6  2939   357
  53  489.9016  781.6680    30     6     6  3101   350
  54  661.2681  781.7101    32     6     7  4123   176
  55  675.9805  783.0071    33     6     6  4318   157
  56  503.9287  783.0251    29     6     6  3160   349
  57  690.7663  784.2960    33     6     7  4410   134
  58  517.9739  784.3722    31     6     6  3272   329
  59  705.6340  785.7436    36     7     7  4710   121
  60  532.1165  785.7654    30     6     6  3346   314
  61  720.5156  786.9985    32     7     6  4613    97
  62  546.2730  787.1089    31     6     6  3506   323
  63  735.5340  788.3906    33     7     7  4565   102
  64  560.5444  788.4699    33     7     7  3611   277
  65  750.5531  789.8008    32     7     6  4482    92
  66  574.8484  789.8357    31     6     6  3677   252
  67  422.1095  790.6619    18     4     5  1320   394
  68  765.6194  791.0388    28     6     6  3126   133
  69  589.2291  791.1799    31     6     6  3743   312
  70  435.7133  792.2708    27     6     6  2419   380
  71  603.6639  792.5660    30     6     7  3697   233
  72  449.3902  793.5200    26     6     5  2648   386
  73  618.1629  793.9517    31     6     6  3932   225
  74  463.1992  794.8728    30     6     6  2986   355
  75  632.6892  795.2685    31     6     7  3960   273
  76  477.0917  796.3043    30     6     6  3043   429
  77  647.3073  796.7211    31     6     7  4056   189
  78  491.0097  797.6317    31     6     6  3145   333
  79  661.9229  798.0448    32     6     6  4265   164
  80  504.9603  799.0102    28     6     6  3164   338
  81  676.6452  799.4121    35     7     7  4402   248
  82  518.9817  800.4103    30     6     6  3250    -1
  83  691.3975  800.8603    33     7     6  4517   126
  84  533.1028  801.8112    30     6     6  3383   287
  85  706.2004  802.1421    32     6     6  4584   109
  86  547.2354  803.1812    30     6     6  3492   317
  87  721.1362  803.6293    33     6     7  4635   295
  88  561.4506  804.5857    30     7     7  3484   266
  89  736.0902  804.9628    33     6     6  4932    85
  90  575.7394  805.9773    31     6     6  3735   245
  91  751.0367  806.2733    32     6     7  4745    79
  92  423.2258  806.5989    20     5     5  1445    -1
  93  590.0797  807.3190    32     6     7  3782   285
  94  766.2026  807.6977    29     6     6  3205   426
  95  436.9131  807.9630    28     6     6  2482   387
  96  604.4895  808.7710    32     7     6  3895   209
  97  450.5496  809.4023    26     5     6  2672   384
  98  618.9320  810.1145    31     6     6  3978   196
  99  464.3361  810.6902    28     6     6  2883   344
 100  633.4552  811.5706    33     7     7  4085   246
 101  478.1590  812.1546    29     6     6  3022   367
 102  648.0191  812.9633    33     6     6  4264   169
 103  492.0506  813.5304    29     6     6  3061   354
 104  662.6240  814.3349    33     7     7  4272   149
 105  505.9808  814.9435    28     6     6  3170   308
 106  677.3098  815.8120    30     6     6  4292   220
 107  519.9794  816.3622    30     6     6  3292   347
 108  692.0056  817.1220    32     6     6  4547   108
 109  534.0705  817.7839    31     6     6  3466   335
 110  706.8270  818.6056    34     6     7  4721    89
 111  548.1677  819.1791    31     6     6  3554   263
 112  721.6627  819.9883    32     7     6  4809   217
 113  562.3779  820.6146    28     6     6  3415   327
 114  736.5986  821.3711    35     7     7  4954    61
 115  576.6223  822.0265    32     7     6  3824   310
 116  424.5963  822.3381    20     5     5  1457   451
 117  751.5354  822.8601    34     7     6  4838    72
 118  590.9249  823.4336    31     6     7  3734   229
 119  438.1174  823.5758    25     6     5  2306   371
 120  766.5090  824.1721    27     5     6  3119   428
 121  605.2913  824.8828    31     6     6  3922   304
 122  451.7117  825.0963    30     6     6  2922   366
 123  619.7131  826.2744    30     6     6  3898   292
 124  465.4500  826.4890    24     6     5  2660   337
 125  634.2019  827.7623    31     6     6  4066   174
 126  479.2498  827.8940    30     6     6  3127   313
 127  648.7374  829.1343    31     6     6  4216   286
 128  493.1190  829.3897    29     6     6  3109   341
 129  663.3208  830.6247    33     6     7  4328   283
 130  507.0234  830.7654    30     6     6  3275   294
 131  677.9429  832.0283    32     6     6  4479   139
 132  520.9827  832.2292    31     6     6  3404   332
 133  692.6319  833.4446    34     7     7  4550   291
 134  535.0240  833.6504    31     6     6  3445   319
 135  707.3844  834.9128    32     7     6  4696   382
 136  549.1128  835.0961    30     6     6  3530   251
 137  722.1995  836.2846    33     6     7  4751   104
 138  563.2677  836.5679    30     6     7  3532   298
 139  425.8153  837.8131    19     5     5  1394   395
 140  737.1466  837.8326    31     6     6  4815   431
 141  577.4840  837.9969    31     7     6  3796   305
 142  752.0092  839.1619    32     6     6  4762   445
 143  439.3355  839.3810    24     6     6  2276   360
 144  591.7621  839.4357    30     6     7  3709   203
 145  767.0771  840.6281    30     6     6  3257   192
 146  452.8485  840.6561    29     6     6  2859   334
 147  606.1191  840.9191    30     6     6  3905   278
 148  466.5768  842.2428    28     6     6  2936   324
 149  620.5121  842.3378    30     7     6  3905   284
 150  480.3515  843.5856    28     6     6  2989   316
 151  634.9448  843.8264    31     6     6  4151   161
 152  494.1544  845.0813    28     6     6  3110   288
 153  649.4309  845.2478    34     7     6  4333   256
 154  508.0507  846.5323    29     6     6  3186   271
 155  663.9940  846.7837    31     6     6  4317   265
 156  521.9886  848.0098    28     6     6  3283   264
 157  678.5890  848.1629    33     7     6  4516    98
 158  535.9809  849.4878    30     6     7  3382   247
 159  693.2633  849.7152    32     6     7  4528    -1
 160  550.0394  850.9532    30     6     6  3541   236
 161  707.9563  851.0984    31     6     6  4638   389
 162  564.1686  852.4266    30     6     6  3543   218
 163  722.7782  852.6251    34     6     7  4817    65
 164  426.9968  853.4221    18     4     5  1375   391
 165  578.3412  853.8941    31     6     6  3798   206
 166  737.6464  854.0483    32     7     6  4912   336
 167  440.4548  854.7577    26     5     6  2406   352
 168  592.6002  855.3644    29     7     6  3685   195
 169  752.4898  855.5435    33     7     7  4704   440
 170  453.9870  856.3649    28     6     6  2821   321
 171  606.9134  856.8672    32     6     6  4024   167
 172  767.4581  856.9652    27     5     6  3188   168
 173  467.6775  857.7089    28     6     6  2932   303
 174  621.2484  858.3218    32     6     6  4036   159
 175  481.4345  859.3216    27     6     6  2953   299
 176  635.6854  859.8374    32     7     6  4205   140
 177  495.2251  860.6882    29     6     6  3145   267
 178  650.1363  861.2909    31     6     6  4195   127
 179  509.0642  862.2640    31     6     6  3342   260
 180  664.6688  862.8319    33     7     6  4458   101
 181  522.9675  863.7099    31     6     6  3413   242
 182  679.2358  864.2757    32     6     6  4431    93
 183  536.9298  865.2509    30     6     6  3459   241
 184  693.8765  865.8319    33     6     6  4651    70
 185  550.9722  866.7087    31     6     6  3562   208
 186  708.5330  867.2534    32     7     6  4629    74
 187  565.0570  868.2366    31     6     6  3672   207
 188  428.1356  868.6692    17     4     5  1311   392
 189  723.3222  868.8270    31     7     6  4733    54
 190  579.2155  869.7195    30     6     6  3669   191
 191  738.1442  870.2380    33     6     7  4902    36
 192  441.6476  870.4093    24     5     5  2291   359
 193  593.4155  871.2248    30     7     6  3749   186
 194  455.1252  871.7268    29     6     6  2896   421
 195  752.9958  871.8159    31     6     6  4731    53
 196  607.7171  872.7387    31     6     6  3904   160
 197  767.9729  873.2730    28     6     6  3136   152
 198  468.7823  873.3740    28     6     6  2916   315
 199  622.0321  874.2321    31     6     6  4025   145
 200  482.4772  874.7515    27     6     6  2976   280
 201  636.4030  875.7714    31     7     6  4137   112
 202  496.2799  876.3971    28     6     6  3081    -1
 203  650.8270  877.2502    30     6     6  4170   116
 204  510.0645  877.8064    30     6     6  3305   244
 205  665.3220  878.8182    30     6     6  4303   111
 206  523.9634  879.4191    30     6     6  3330   228
 207  679.8491  880.2850    31     6     6  4397    80
 208  537.8829  880.8788    29     6     6  3422    -1
 209  694.4524  881.8645    33     7     6  4657    62
 210  551.8811  882.4449    30     6     6  3460   204
 211  709.1179  883.3240    33     6     7  4707    52
 212  565.9446  883.9469    29     6     6  3598   194
 213  429.3018  884.2127    19     5     5  1399   393
 214  723.8440  884.9095    33     6     6  4915    56
 215  580.0525  885.4629    30     6     7  3576   416
 216  442.7551  885.6089    23     6     5  2224   411
 217  738.6547  886.3839    35     7     7  4963    27
 218  594.2383  886.9101    30     6     6  3697   166
 219  456.2910  887.3065    27     6     6  2771   422
 220  753.4423  887.9457    33     7     6  4856    34
 221  608.4942  888.5516    33     7     7  3900   137
 222  469.8712  888.6896    28     6     6  2914   417
 223  768.3913  889.4697    23     5     5  2834   120
 224  622.7805  890.0784    30     6     6  4024   113
 225  483.5638  890.3725    28     6     6  3000   430
 226  637.1399  891.6386    32     6     7  4155   125
 227  497.2882  891.7885    30     6     6  3233   257
 228  651.5307  893.1500    32     7     6  4340    88
 229  511.0730  893.4301    29     6     6  3223   243
 230  665.9977  894.7403    31     6     6  4355    87
 231  594.6798  894.9052    34     6     6  4269   117
 232  524.9298  894.9161    29     6     6  3344   410
 233  680.4934  896.2374    32     7     6  4486    73
 234  538.8051  896.4809    26     6     5  3188   419
 235  695.0768  897.8392    31     6     6  4572    63
 236  552.8019  898.0631    30     6     6  3560    -1
 237  709.6844  899.3275    32     7     7  4643    37
 238  430.5515  899.4657    19     5     5  1416   448
 239  566.8053  899.5744    29     6     6  3507    -1
 240  724.3735  900.9300    32     7     6  4872    40
 241  443.9460  901.0540    28     6     6  2474   408
 242  580.9051  901.1544    30     6     6  3670   165
 243  739.1634  902.4583    32     6     7  4838    17
 244  457.3761  902.5269    26     6     5  2712   272
 245  595.0370  902.7221    30     6     6  3580   412
 246  601.3929  903.4026    20     6     5  2242   276
 247  753.9134  904.0168    32     6     6  4839    25
 248  470.9828  904.1839    28     6     6  2912    -1
 249  609.3299  904.2966    30     6     6  3757   442
 250  768.7005  905.5830    26     6     6  3011    99
 251  484.6025  905.6208    28     6     6  2990   433
 252  623.5332  905.8267    32     7     6  4098    96
 253  498.3422  907.3506    28     6     6  3067   216
 254  637.8383  907.3977    31     6     6  4083    95
 255  512.0726  908.8091    30     6     6  3276   420
 256  652.2280  908.9650    31     6     6  4333    86
 257  525.8788  910.4484    28     6     6  3203    -1
 258  666.6389  910.5555    33     7     7  4372    67
 259  539.7688  912.0097    30     6     6  3468   178
 260  681.1136  912.1067    33     6     6  4587    44
 261  553.6929  913.5450    28     6     6  3354   199
 262  695.6524  913.7125    32     7     6  4565    47
 263  431.7845  914.6554    21     5     5  1507   396
 264  567.6797  915.2051    30     6     6  3592    -1
 265  710.2465  915.2559    32     6     6  4701    33
 266  445.1218  916.3852    24     6     5  2263   307
 267  581.7353  916.7108    31     6     6  3666   385
 268  724.9110  916.8756    33     6     6  4927    32
 269  458.4937  917.8001    26     5     6  2733   330
 270  595.8753  918.3627    30     6     6  3677   150
 271  739.6508  918.4227    35     7     7  4986    11
 272  472.0622  919.4696    27     6     5  2830   296
 273  610.0565  919.9363    30     6     6  3879   370
 274  754.3680  920.0054    32     7     6  4843    21
 275  485.6781  921.0542    30     6     6  3095   223
 276  624.2956  921.5215    30     6     7  3873   110
 277  769.2906  921.5370    27     6     6  3079    55
 278  499.3388  922.5755    28     6     6  3056   269
 279  638.5748  923.0972    33     7     6  4309    84
 280  513.0706  924.2968    30     6     6  3242   237
 281  652.9051  924.6947    31     6     6  4231   374
 282  526.8477  925.8058    28     6     6  3238   181
 283  667.3003  926.3028    31     6     6  4314    59
 284  540.6844  927.4716    26     6     5  3166    -1
 285  681.7254  927.9261    31     6     6  4505    48
 286  554.5981  929.0902    31     7     6  3568   158
 287  696.2493  929.5186    32     6     7  4504   415
 288  432.9834  929.8412    18     4     5  1322   358
 289  568.5319  930.6351    30     7     6  3536   138
 290  710.8121  931.1035    30     6     6  4685    18
 291  446.2734  931.4915    24     6     5  2259   290
 292  582.6006  932.3099    29     7     6  3607   447
 293  725.4377  932.7512    32     7     6  4793    29
 294  459.6055  933.1181    27     6     6  2743   258
 295  596.6897  933.8561    31     6     6  3864   372
 296  740.1417  934.3023    32     6     6  4913     7
 297  473.1245  934.6055    28     6     6  2878   235
 298  610.8139  935.4891    30     6     7  3797   405
 299  754.8357  935.9577    32     6     6  4847    10
 300  486.7367  936.3975    27     6     6  2892   222
 301  625.0182  937.1095    30     6     6  4030   409
 302  769.5357  937.5588    23     5     5  2886    91
 303  500.3335  937.8920    29     6     6  3108   201
 304  639.2841  938.7159    30     6     6  4084    -1
 305  514.0407  939.5230    28     6     5  3096    -1
 306  653.5824  940.3585    30     7     6  4121    -1
 307  527.8137  941.2555    30     6     6  3320   162
 308  667.9497  941.9900    32     6     6  4455    60
 309  541.5955  942.7565    28     6     6  3295   153
 310  682.3689  943.6203    29     6     6  4242   348
 311  555.4853  944.4680    27     6     5  3255   379
 312  434.0774  944.9152    17     4     5  1257    -1
 313  696.8303  945.2239    30     6     6  4503   351
 314  569.3590  946.1123    31     6     6  3642   122
 315  447.3710  946.5531    23     5     5  2204   311
 316  711.3554  946.8878    31     7     6  4724    28
 317  583.3733  947.6713    30     7     6  3654   381
 318  460.7143  948.3098    28     6     6  2772   183
 319  725.9571  948.5181    31     6     7  4694   388
 320  597.4851  949.3722    30     7     6  3722   427
 321  474.2081  949.7857    30     6     6  2949   187
 322  740.6537  950.1320    32     7     6  4964    13
 323  611.5821  950.9920    31     7     6  3973    66
 324  487.7422  951.4837    26     6     5  2836   239
 325  755.3035  951.7878    30     6     6  4645     5
 326  625.7618  952.6177    30     6     6  3929   424
 327  501.3929  953.2228    28     6     6  3016   434
 328  770.1165  953.4331    25     6     5  2984   361
 329  639.9898  954.2977    31     6     6  4106   423
 330  515.0111  954.7348    30     6     6  3208   441
 331  654.2600  955.9275    30     6     6  4246    35
 332  528.7417  956.4689    26     6     5  3071   185
 333  668.5876  957.5951    31     7     6  4243   437
 334  542.5409  958.1908    29     7     6  3332   155
 335  682.9689  959.2408    31     6     6  4416   343
 336  556.3526  959.7165    29     6     6  3390   147
 337  435.1294  959.8980    16     4     5  1202   365
 338  697.4031  960.9028    32     7     6  4644   402
 339  570.2858  961.4812    26     6     5  3270   135
 340  448.4839  961.5560    23     5     5  2203   309
 341  711.9127  962.5630    31     6     7  4598   325
 342  584.2436  963.1240    30     6     6  3657   106
 343  461.8239  963.3788    27     6     6  2687   238
 344  726.5041  964.2263    31     7     6  4732    -1
 345  598.2764  964.7303    30     6     6  3736   100
 346  475.2677  964.9192    30     6     6  2929   234
 347  741.1366  965.9030    30     6     6  4907   322
 348  612.3568  966.4645    29     6     6  3734    69
 349  488.7613  966.5433    26     6     5  2800   232
 350  755.7271  967.5418    30     6     7  4538   404
 351  626.4980  968.1164    31     7     6  4042   364
 352  502.3750  968.3869    27     6     6  2942   200
 353  770.4243  969.2252    26     5     6  3123   368
 354  640.6767  969.7345    31     6     6  4113    51
 355  516.0035  969.9675    28     6     6  3092   184
 356  654.9399  971.4578    29     6     6  4012    30
 357  529.6689  971.5795    27     6     6  3085   188
 358  669.2386  973.1269    31     6     6  4335   439
 359  543.4569  973.4321    28     6     6  3211   156
 360  683.5687  974.7825    31     7     6  4403    14
 361  436.2463  974.8488    18     5     5  1310   362
 362  557.2347  975.0393    30     6     6  3434   141
 363  697.9974  976.4903    31     6     7  4441    -1
 364  449.5975  976.5526    23     5     5  2176   302
 365  571.1211  976.6444    30     6     6  3495   131
 366  712.4688  978.1751    32     7     6  4709    -1
 367  462.9030  978.3583    27     6     5  2670   259
 368  585.0689  978.4520    29     6     6  3512   105
 369  727.0140  979.8727    31     6     6  4797     9
 370  476.3472  979.9736    27     6     6  2731   221
 371  599.0665  980.1023    28     6     6  3633    90
 372  741.6107  981.5593    32     7     7  4852   403
 373  489.7936  981.5988    26     6     6  2778   226
 374  613.1194  981.7477    30     6     6  3833    78
 375  756.1829  983.2426    32     6     6  4766   231
 376  503.3711  983.4314    25     6     5  2825   215
 377  627.2296  983.4936    27     6     5  3687    71
 378  770.8474  984.9098    28     6     6  3274   436
 379  516.9633  985.1149    28     6     6  3062   179
 380  641.3904  985.2045    30     6     6  4018    43
 381  530.5978  986.7145    28     6     6  3139   177
 382  655.5851  986.8535    31     7     6  4206    38
 383  544.3363  988.5055    26     6     5  3108   173
 384  669.8628  988.5545    30     6     6  4143    24
 385  437.4381  989.6833    19     5     5  1370   375
 386  558.1365  990.2730    28     6     6  3290   136
 387  684.1976  990.3131    31     6     6  4354    19
 388  450.7228  991.4900    23     5     5  2151   331
 389  571.9562  991.8957    28     6     6  3419   128
 390  698.5740  991.9926    33     7     6  4679     8
 391  464.0109  993.2780    26     6     6  2584   274
 392  585.8655  993.5839    30     6     6  3574   115
 393  713.0042  993.6970    31     6     6  4616     6
 394  477.3972  994.8880    27     6     6  2721   249
 395  599.8526  995.4073    28     6     6  3558    82
 396  727.5142  995.4167    31     7     6  4649     1
 397  490.8033  996.5682    26     6     5  2767   240
 398  613.8730  997.0856    30     6     6  3819    77
 399  742.0719  997.1344    32     6     6  4926    -1
 400  504.3658  998.4307    25     6     5  2793   219
 401  627.9368  998.7383    30     6     6  3888    75
 402  756.6196  998.8273    32     7     6  4744    -1
 403  517.9170 1000.1526    30     6     6  3138   190
 404  642.0665 1000.5004    28     6     5  3806    49
 405  771.3463 1000.5075    24     5     5  2924    -1
 406  531.5358 1001.7797    28     7     6  3134   180
 407  656.2797 1002.2723    30     6     6  4074    31
 408  545.2283 1003.5464    26     6     5  3089   175
 409  670.4964 1003.9529    32     7     6  4362    22
 410  438.6846 1004.5564    18     5     5  1290   383
 411  558.9839 1005.4070    28     6     6  3260   151
 412  684.7752 1005.6758    31     6     6  4337    20
 413  451.8375 1006.3764    23     6     5  2113   345
 414  572.8017 1007.0924    30     6     6  3492   132
 415  699.1503 1007.4390    30     6     6  4354     4
 416  465.0659 1008.1085    28     6     6  2690   297
 417  586.6499 1008.7352    28     6     6  3462   118
 418  713.5555 1009.1757    32     7     6  4647     2
 419  478.4098 1009.7089    26     5     6  2664   282
 420  600.6163 1010.4957    26     6     5  3406   107
 421  728.0478 1010.8849    31     6     6  4730     3
 422  491.8287 1011.5296    26     6     5  2751   279
 423  614.6102 1012.3297    28     6     6  3632    83
 424  742.5664 1012.6449    31     7     6  4786    -1
 425  505.3465 1013.4116    25     6     5  2755   261
 426  628.6556 1014.0395    30     6     6  3891    68
 427  757.0774 1014.3956    30     6     6  4517    -1
 428  518.8502 1015.1217    30     6     6  3102   213
 429  642.7287 1015.7250    30     6     6  3940    57
 430  771.6180 1016.1402    27     5     6  3112    -1
 431  532.4439 1016.7677    27     6     6  3042   205
 432  656.9073 1017.5057    29     6     6  3920    41
 433  546.0903 1018.5534    27     6     5  3110   197
 434  439.8538 1019.1085    16     4     5  1012   390
 435  671.1245 1019.3193    31     6     6  4184    26
 436  559.8330 1020.4386    28     6     6  3241   163
 437  452.9655 1021.0233    18     5     5  1437   373
 438  685.3877 1021.0342    32     7     6  4404    15
 439  573.6310 1022.2050    28     6     6  3346   146
 440  466.0993 1022.6650    22     6     5  1906   398
 441  699.6904 1022.7666    31     6     6  4434    12
 442  587.4681 1023.8433    29     7     6  3489   130
 443  479.4116 1024.5144    23     5     5  2191   342
 444  714.0841 1024.5301    29     6     6  4369     0
 445  601.3729 1025.6027    28     6     6  3493   114
 446  728.5452 1026.3268    30     7     6  4554   124
 447  492.8259 1026.4212    26     6     5  2518   300
 448  615.3615 1027.4711    26     6     5  3445   103
 449  743.0298 1028.0922    32     6     6  4901   413
 450  506.3116 1028.2652    26     6     6  2744   281
 451  629.3744 1029.2461    28     6     6  3708    81
 452  757.4903 1029.8156    30     7     6  4580    -1
 453  519.7726 1029.9573    29     6     6  3053   253
 454  643.4197 1030.9336    31     7     6  3990    64
 455  772.1200 1031.5280    25     6     5  2892    -1
 456  533.3301 1031.6493    28     6     6  3095   227
 457  657.5411 1032.6932    30     7     6  3979    45
 458  546.9742 1033.5112    28     6     5  3182   212
 459  671.7240 1034.4956    27     6     5  3868    46
 460  560.6804 1035.4087    27     6     6  3190   202
 461  685.9616 1036.3258    30     6     6  4158    23
 462  574.4166 1037.1609    29     6     6  3405   171
 463  700.2625 1038.0855    31     6     6  4421    16
 464  588.2258 1038.8687    30     6     6  3564   148
 465  714.5981 1039.8242    30     7     6  4467   142
 466  469.7656 1040.0008   164    40    11 10007   270
 467  602.1169 1040.6074    29     6     6  3554   129
 468  729.0347 1041.6355    30     6     6  4526   401
 469  616.0555 1042.4890    28     6     5  3589   123
 470  743.4854 1043.4429    31     7     6  4633    -1
 471  630.0506 1044.3368    29     6     6  3773    94
 472  757.9300 1045.2435    30     6     6  4514    -1
 473  644.0956 1046.0932    30     6     6  3958    76
 474  772.4574 1047.0627    26     5     6  3015   454
 475  658.1723 1047.8359    30     6     6  4051    58
 476  507.7273 1048.4167    10     4     3   764   399
 477  672.3230 1049.6401    29     6     6  4026    50
 478  686.5547 1051.4652    29     7     6  4009    42
 479  700.7963 1053.3289    30     6     6  4217    39
 480  715.1327 1055.0861    29     6     6  4178    -1
 481  729.5050 1056.8535    28     6     6  3997   414
 482  743.8751 1058.5902    28     6     6  3773    -1
 483  758.3909 1060.4432    23     5     5  3158   407
 484  772.8302 1062.3323    21     5     5  2016    -1
