461
   0  281.8288  708.6781     7     3     3   423   349
   1   61.5893  711.0536    11     3     4   606    -1
   2   74.3571  712.0238    12     4     4   684    -1
   3   87.0037  713.0630    14     4     4   835   291
   4   99.6989  714.1575    15     4     5   931   389
   5  112.3986  715.4217    17     5     5  1067   385
   6  320.1857  716.0013   128    41     9  7170   352
   7  125.3301  716.6120    18     5     5  1159   394
   8  138.2133  717.8671    17     4     5  1136   234
   9  151.1375  718.9773    16     5     4  1131   233
  10  164.1649  720.1596    19     5     5  1326   184
  11  177.2654  721.3770    21     5     5  1489   183
  12  190.3609  722.5286    22     5     5  1589   398
  13  203.5154  723.7173    21     5     5  1570   380
  14   51.0714  724.8214     9     4     4   478    -1
  15  216.7432  724.8838    22     5     6  1655   378
  16   63.4828  726.0259    12     3     4   716    -1
  17  230.0459  726.1984    25     6     6  1860    87
  18   76.1912  727.1838    13     4     4   786   407
  19  243.3343  727.3827    23     5     5  1832    89
  20   88.7789  728.3707    14     4     5   847    -1
  21  256.6005  728.4688    23     5     5  1886    54
  22  269.9954  729.5959    24     6     5  1961    40
  23  101.6273  729.8152    14     4     5   865   280
  24  283.4143  730.8668    24     5     6  1947    24
  25  114.3818  730.9286    15     5     4   953    -1
  26  127.1818  732.0372    15     4     4   992   383
  27  296.9031  732.1733    25     6     6  1957    29
  28  140.0979  733.1873    17     4     5  1141   382
  29  310.4675  733.4181    23     5     5  1858    28
  30  153.0161  734.4589    18     4     5  1241   216
  31  324.0236  734.5533    23     6     5  1807    17
  32  337.7213  735.6793    22     5     5  1719    26
  33  166.0176  735.6978    18     4     5  1269   207
  34  351.1702  736.8085    18     5     5  1182    73
  35  179.0178  736.9315    17     4     5  1244    -1
  36  192.1318  738.1114    19     5     5  1390   151
  37  205.2740  739.3300    22     5     5  1600   125
  38   52.9828  740.0862    10     4     4   529    -1
  39  218.4688  740.5156    23     5     5  1727   108
  40   65.4821  741.2054    11     3     4   662    -1
  41  231.6963  741.7217    22     5     5  1691    92
  42   78.2071  742.5571    14     4     5   840    -1
  43  244.9032  742.9371    26     6     6  1920    65
  44   90.7874  743.8413    13     4     4   817    -1
  45  258.2861  744.2448    23     5     6  1828    51
  46  103.5387  744.9420    14     5     4   881    -1
  47  271.6155  745.4423    23     5     5  1912    48
  48  116.2342  746.0991    16     4     5  1022    -1
  49  284.9938  746.5829    23     6     5  1958    27
  50  129.0458  747.3755    18     4     5  1173   246
  51  298.4345  747.7784    26     5     6  2155    11
  52  141.9507  748.7434    18     4     5  1204   375
  53  311.9196  749.0880    28     6     6  2320     7
  54  154.9000  749.9750    18     5     4  1220   228
  55  325.5151  750.3551    25     5     6  2244     4
  56  167.8196  751.1006    17     5     5  1213   164
  57  339.1015  751.5085    26     6     5  2246     6
  58  180.8341  752.3810    20     5     5  1437    -1
  59  352.7928  752.6135    21     5     5  1552    41
  60  193.9008  753.5769    20     5     5  1494   131
  61  206.9529  754.8026    22     6     5  1599    -1
  62   55.0556  755.3889    10     4     4   536    -1
  63  220.1543  756.1359    21     5     6  1591   110
  64   67.5085  756.5513    14     4     5   817    -1
  65  233.3220  757.3382    22     5     5  1718    75
  66   80.1600  757.8400    15     4     4   900   295
  67  246.5878  758.5238    23     5     5  1822    52
  68   92.7486  758.9335    14     4     4   873    -1
  69  259.8333  759.7156    24     6     6  1905    25
  70  105.3316  760.0765    14     4     4   896    -1
  71  273.2145  761.1039    25     6     6  2010    33
  72  118.1762  761.3852    17     4     5  1094   236
  73  286.5514  762.3674    23     5     5  1987    22
  74  130.9636  762.8333    17     4     5  1111    -1
  75  299.9720  763.5202    25     6     5  2142    10
  76  143.7662  763.9846    16     5     4  1093    -1
  77  313.4041  764.6680    26     5     6  2270     2
  78  156.6149  765.1897    20     5     5  1348   313
  79  326.9711  766.0106    28     6     6  2438     0
  80  169.5967  766.5153    20     5     5  1393   208
  81  340.5444  767.3343    25     5     6  2240     8
  82  182.5213  767.7773    20     5     5  1422   162
  83  354.0639  768.5263    21     5     5  1582    44
  84  195.6211  769.0154    20     5     6  1454    -1
  85  208.6867  770.2856    21     5     5  1591   114
  86   57.0000  770.4118     9     4     3   484    -1
  87  221.8378  771.5355    21     5     5  1642    90
  88   69.5538  771.7000    11     3     4   680    -1
  89  234.9583  772.7422    23     6     6  1761    79
  90   81.9731  772.9012    14     4     4   867   393
  91   94.6469  774.0028    15     4     4   927    -1
  92  248.2069  774.1046    24     6     6  1855    47
  93  107.3150  775.3200    15     4     5   950    -1
  94  261.4460  775.3947    23     5     5  1891    49
  95  274.7125  776.5538    23     5     5  1950    32
  96  120.0569  776.8211    16     4     5  1046   248
  97  288.0621  777.8030    26     6     6  2145     9
  98  132.8321  777.9776    15     4     4  1018   252
  99  145.5257  779.1463    19     5     5  1261   191
 100  301.4652  779.1723    25     5     6  2141    23
 101  314.9089  780.4342    25     6     5  2238    58
 102  158.4272  780.5196    20     5     5  1357   388
 103  328.4160  781.5735    24     5     6  2247    57
 104  171.3037  781.8168    20     5     5  1382   165
 105  341.9563  782.9016    28     6     6  2406     3
 106  184.2565  783.0485    20     5     5  1423   232
 107  355.5907  784.2985    20     5     5  1551   111
 108  197.2737  784.3788    21     5     5  1545   226
 109   59.0000  785.4474     9     4     3   488    -1
 110  210.3339  785.6199    21     5     5  1592   167
 111   71.4462  786.7154    13     4     4   780   347
 112  223.4560  786.9208    21     5     6  1618   104
 113   83.9971  787.9514    14     4     4   875   318
 114  236.6442  788.2696    21     5     5  1688   101
 115   96.5222  789.0667    15     5     4   930   270
 116  249.8209  789.5187    22     5     5  1795    76
 117  109.2150  790.4720    16     4     5  1014   263
 118  262.9897  790.7201    24     6     5  1927    59
 119  121.9195  791.8898    15     4     4   986    -1
 120  276.3010  792.1512    24     5     6  1974    55
 121  134.5970  793.0261    17     5     4  1118   387
 122  289.5913  793.4372    23     5     5  2026    46
 123  147.3833  794.3770    18     5     5  1217   276
 124  302.9264  794.5996    24     6     5  2124    94
 125  160.1800  795.7743    18     5     5  1250   185
 126  316.3660  795.9381    26     6     6  2270    91
 127  173.0812  796.9974    17     5     4  1232   193
 128  329.8902  797.3238    28     6     6  2461    34
 129  185.9989  798.3118    19     5     5  1407   180
 130  343.3980  798.5115    23     5     5  2189    39
 131  199.0331  799.6102    19     5     5  1449   171
 132  356.9513  799.7397    19     4     5  1484   121
 133   60.9884  800.4070    11     4     4   593    -1
 134  212.0224  800.9269    22     6     6  1613   157
 135   73.4225  801.6550    13     4     4   779   341
 136  225.1121  802.3027    22     6     5  1693   117
 137   85.9624  802.9566    14     4     4   873    -1
 138  238.2026  803.5243    22     5     5  1759   113
 139   98.4551  804.0787    14     5     4   878   283
 140  251.3935  804.8343    22     5     6  1776   152
 141  111.1326  805.5465    16     4     5  1015   271
 142  264.5919  806.2446    22     5     5  1840   123
 143  123.7621  806.9516    16     5     4  1048   268
 144  277.8012  807.5060    25     6     5  2080   103
 145  136.3577  808.0765    17     5     4  1131   251
 146  291.0666  808.7341    26     6     6  2163    81
 147  149.1606  809.5398    18     4     5  1227   224
 148  304.4372  810.2121    25     5     6  2174    78
 149  162.0169  810.9185    16     4     5  1156   249
 150  317.8304  811.4678    26     6     5  2326    20
 151  174.8451  812.0945    18     5     5  1297   187
 152  331.2710  812.6834    28     6     6  2496     5
 153  187.7669  813.4958    20     5     5  1472   214
 154  344.7787  814.1461    26     6     6  2337   105
 155  200.7186  814.8649    21     5     5  1535    -1
 156   62.8400  815.2000    10     4     4   550   336
 157  358.2257  815.4323    21     5     5  1626    60
 158  213.7121  816.1636    21     5     5  1597   410
 159   75.3667  816.5074    14     4     5   835   345
 160  226.7814  817.5080    22     5     5  1722   160
 161   87.8333  817.8672    14     4     4   877   287
 162  239.8032  818.8032    22     5     5  1730   199
 163  100.3290  819.0959    13     4     4   843   381
 164  252.9644  820.2271    24     6     5  1889   132
 165  113.0289  820.5356    18     4     5  1125   266
 166  266.1281  821.4897    23     6     5  1927   102
 167  125.6116  821.9132    17     5     4  1092   323
 168  279.3314  822.8069    24     5     6  1995    83
 169  138.2143  823.0714    17     5     5  1130   274
 170  292.6074  824.2561    23     5     6  2007   376
 171  150.9840  824.5466    18     4     5  1243   379
 172  305.9046  825.5166    25     6     5  2214    67
 173  163.7442  825.9564    17     5     4  1194   227
 174  319.2706  826.8158    27     6     6  2357    13
 175  176.5457  827.2115    20     5     5  1416   205
 176  332.7100  828.3181    28     6     6  2505    69
 177  189.4227  828.5905    21     5     5  1503    -1
 178  346.1729  829.5244    26     6     5  2364    70
 179   65.0185  829.8148    10     4     4   554   333
 180  202.3689  829.9376    19     5     5  1423   169
 181  359.6865  830.8473    22     5     6  1647    72
 182   77.3310  831.2535    13     4     4   792   304
 183  215.3078  831.2854    21     5     5  1586   136
 184  228.3689  832.6590    22     5     5  1710   155
 185   89.7514  832.7686    13     4     4   825   414
 186  102.2451  833.9951    15     4     4   954   292
 187  241.4298  834.0614    21     5     6  1677   176
 188  114.8119  835.3303    16     4     5  1018   396
 189  254.5483  835.4062    23     5     5  1875   359
 190  267.6391  836.7093    22     5     5  1855   361
 191  127.4231  836.8887    16     5     4  1047   390
 192  140.0385  838.0318    15     4     4  1049   289
 193  280.8450  838.1876    23     6     5  1947   360
 194  294.0976  839.4669    25     6     5  2157   231
 195  152.7635  839.5389    20     5     5  1334   253
 196  307.3690  840.8024    25     5     6  2189    45
 197  165.5196  840.9482    18     5     4  1257   237
 198  178.2531  842.2136    20     5     5  1405   198
 199  320.7297  842.3055    27     6     6  2373   355
 200  334.1215  843.5505    26     6     5  2428   257
 201  191.0982  843.6490    19     5     5  1393   215
 202   66.8469  844.4796     9     4     3   499   314
 203  347.5502  844.9290    24     5     6  2235    88
 204  204.0448  844.9483    16     4     4  1235   189
 205   79.2290  846.0548    14     4     4   855   306
 206  216.9791  846.3838    21     6     5  1601   195
 207  360.9600  846.3863    19     4     5  1513   137
 208   91.6463  847.4634    15     4     5   914   309
 209  229.9588  847.7543    22     6     5  1682   129
 210  104.1390  848.9000    15     4     4   955   324
 211  243.0455  849.2119    22     6     5  1749   273
 212  116.6396  850.1171    16     5     4  1022   408
 213  256.0728  850.5179    23     6     5  1878    -1
 214  129.2302  851.7262    17     4     5  1102   275
 215  269.2079  851.9253    25     6     6  1986    -1
 216  204.8942  852.4981    22     5     5  1620   177
 217  141.8733  852.9933    16     5     4  1100   285
 218  282.3992  853.3612    23     5     5  1993   210
 219  154.4851  854.3839    18     5     5  1236   235
 220  295.5417  854.6522    23     5     5  2037   357
 221  167.2291  855.8603    17     5     5  1208   209
 222  308.8625  856.1828    26     6     6  2249    37
 223  179.9864  857.1741    17     4     5  1255    -1
 224  322.1581  857.4866    26     6     5  2347   358
 225  192.8673  858.6394    20     5     5  1452   369
 226  335.5091  858.8336    26     5     6  2397   106
 227   68.7245  859.3980     8     3     3   449   334
 228  207.8485  860.2718    33    11     4  2373    62
 229  348.9347  860.3418    24     6     5  2249   109
 230   81.2483  860.8377    15     4     4   901   374
 231  218.6593  861.3944    20     5     5  1521   133
 232  362.2399  861.6072    19     5     5  1519   141
 233   93.5179  862.0893    15     5     4   918   284
 234  231.5825  862.8265    21     5     5  1632   163
 235  105.9229  863.6791    16     4     5  1001   269
 236  244.5931  864.2313    22     5     5  1755   146
 237  118.4509  864.9643    15     5     4   974   278
 238  257.6150  865.6083    23     5     5  1889    -1
 239  131.0184  866.3088    17     4     5  1122   247
 240  270.7236  867.0705    25     6     6  1988   225
 241  143.6284  867.8919    17     5     4  1146   294
 242  283.8851  868.4603    25     6     5  2107    -1
 243  156.1867  869.1024    18     5     5  1232   217
 244  297.0404  869.7969    26     6     6  2179    64
 245  168.9456  870.7440    19     5     5  1327   366
 246  310.3004  871.3659    24     6     5  2162    86
 247  181.7113  872.0155    18     5     4  1288   196
 248  323.5585  872.5950    23     5     5  2192   211
 249  194.4820  873.5180    20     5     5  1444   223
 250   70.6786  874.0536    11     3     4   606   337
 251  336.9144  874.1630    27     6     6  2448    12
 252  207.3000  874.9587    19     5     5  1410   319
 253   83.0493  875.4014    12     4     4   742   399
 254  350.2996  875.5075    24     6     5  2268    16
 255  220.2073  876.3509    21     5     5  1600   138
 256   95.4591  876.9094    13     4     4   821   272
 257  363.7065  876.9455    21     5     6  1573   158
 258  233.1797  877.7695    21     5     5  1640   305
 259  107.7596  878.0913    15     4     4   958   403
 260  246.1514  879.2306    23     6     5  1807   353
 261  120.2909  879.7773    15     4     4   970   303
 262  259.1731  880.6034    23     6     5  1875   240
 263  132.8507  881.0373    15     4     4  1018   315
 264  272.2775  882.1133    23     6     6  1887    -1
 265  145.3385  882.5859    18     5     5  1191   213
 266  285.3516  883.4976    23     5     5  1999   128
 267  157.9659  884.0223    17     5     4  1187   212
 268  298.5161  884.9522    24     5     6  2069    -1
 269  170.6536  885.4488    20     5     5  1371   242
 270  311.7081  886.4259    24     6     5  2185   354
 271  183.3539  886.9257    17     5     4  1247    -1
 272  324.9585  887.7615    26     6     6  2325   143
 273  196.1360  888.3073    20     5     5  1467   147
 274   72.7245  888.3980     8     3     3   449   340
 275  338.3207  889.3478    25     6     5  2354    19
 276  208.9930  889.8273    22     6     5  1601   135
 277   84.9182  889.9727    14     4     4   865   411
 278  351.6268  890.6049    23     5     5  2199    14
 279  221.8435  891.2086    21     5     5  1606   181
 280   97.2630  891.3439    15     4     5   923   307
 281  364.9662  892.1557    19     4     5  1467   174
 282  234.7357  892.6911    22     5     5  1728    99
 283  109.7163  892.9038    14     4     4   908   297
 284  247.6948  894.1377    21     5     5  1707   321
 285  122.1074  894.1983    16     4     5  1042   282
 286  260.7385  895.5596    22     5     5  1838   244
 287  134.6673  895.8878    17     5     4  1113   327
 288  273.7500  897.0838    25     6     6  1990    82
 289  147.0973  897.1177    16     4     5  1093   335
 290  286.8424  898.4976    25     6     5  2094   168
 291  159.7539  898.8158    18     5     5  1223   203
 292  299.9673  899.9603    27     6     6  2206   119
 293  172.3149  900.0691    18     5     5  1262   202
 294  313.1473  901.4185    24     6     5  2181   188
 295  185.0071  901.6643    18     4     5  1320   245
 296  326.3856  902.8562    25     5     6  2255   356
 297  197.7264  903.0319    19     5     5  1405   172
 298   74.6273  903.0818    10     3     4   555   377
 299   86.6985  904.3750    12     4     4   736   344
 300  339.6954  904.4108    26     6     5  2421    21
 301  210.6154  904.6212    22     5     5  1620   154
 302  352.9674  905.7138    26     6     6  2329   256
 303   99.1383  905.9574    14     4     4   888   343
 304  223.4314  906.0158    19     5     5  1489   150
 305  366.2996  907.3069    20     5     5  1554   186
 306  111.4639  907.3351    17     5     5  1044   300
 307  236.2959  907.5128    22     5     5  1727   259
 308  123.9764  908.9077    14     4     4   933   264
 309  249.2597  909.0000    21     5     6  1666   190
 310  136.3221  910.2708    16     5     5  1053   239
 311  262.2061  910.4524    22     5     5  1835    98
 312  148.9144  911.9281    14     4     4   992   243
 313  275.2727  911.9642    22     5     6  1826   218
 314  161.3720  913.2500    18     5     5  1228   206
 315  288.3276  913.4410    25     6     5  2097    56
 316  301.4297  914.8946    24     5     6  2054    66
 317  174.0714  914.9342    16     4     5  1157   279
 318  186.7451  916.2549    19     5     5  1358   255
 319  314.5743  916.4420    23     5     5  2133   159
 320   76.6556  917.4778     8     3     3   445   413
 321  327.7638  917.8250    26     6     6  2297    15
 322  199.4372  917.8700    20     5     5  1446   144
 323   88.6569  918.8922    12     4     4   753   395
 324  212.2146  919.2670    22     5     5  1615   148
 325  341.0851  919.4040    25     6     5  2354    36
 326  100.9491  920.3383    15     4     5   917   312
 327  354.3479  920.7922    26     6     6  2306    31
 328  225.0401  920.8285    22     6     5  1648    93
 329  113.3155  921.8738    15     4     4   956   262
 330  237.8705  922.2672    20     5     5  1610   134
 331  367.6869  922.3633    19     5     5  1528   194
 332  125.7347  923.3028    16     4     5  1013   339
 333  250.7890  923.7982    22     5     5  1754   118
 334  138.0811  924.9604    15     4     4  1015   258
 335  263.7556  925.3031    21     5     5  1766   100
 336  150.6064  926.3511    18     5     5  1182   238
 337  276.7370  926.7623    22     5     5  1851    -1
 338  163.1303  927.9515    15     4     4  1080   317
 339  289.7533  928.3270    23     6     5  1971    50
 340  175.7520  929.3970    20     5     5  1369   277
 341  302.8333  929.7391    23     6     5  2020   153
 342  188.3511  930.9864    18     5     4  1303   328
 343  316.0114  931.3613    25     6     5  2216    18
 344   78.4787  931.6489     8     3     3   447   350
 345  201.0841  932.4375    20     5     5  1464   115
 346  329.1348  932.7392    25     6     6  2266    30
 347   90.4858  933.1596    11     3     4   691   391
 348  213.8491  933.9867    19     5     4  1437   170
 349  342.4277  934.3743    23     5     5  2256    -1
 350  102.7544  934.7544    13     4     4   819   320
 351  226.6573  935.4441    22     5     5  1672   250
 352  355.6600  935.7287    23     5     6  2169   173
 353  115.1482  936.1884    14     4     4   899   322
 354  239.4751  936.9956    18     5     4  1463   409
 355  368.9461  937.3629    18     4     5  1447    -1
 356  127.4718  937.8615    15     5     4   963   346
 357  252.3292  938.4882    22     5     5  1779   127
 358  139.8710  939.2379    16     4     5  1048   332
 359  265.2774  940.0518    22     6     5  1756   107
 360  152.3828  940.9286    16     5     4  1073   311
 361  278.2363  941.5313    21     5     5  1816    77
 362  164.9019  942.3536    18     4     5  1221   230
 363  291.2503  943.1100    23     6     5  1927    68
 364  177.3901  943.9620    18     5     4  1255   197
 365  304.2960  944.5785    24     6     5  2092   166
 366  190.0060  945.4759    18     4     5  1315   192
 367   80.4412  945.9510    10     3     4   551   348
 368  317.3969  946.1906    22     5     5  1992    -1
 369  202.7200  946.9966    18     5     4  1341   293
 370   92.3889  947.5873    13     4     4   776   338
 371  330.5472  947.5992    23     5     5  2168    38
 372  215.4073  948.5343    21     5     5  1546   201
 373  104.6538  949.0449    13     4     4   806   330
 374  343.7778  949.2712    25     6     5  2312    61
 375  228.1667  950.0155    19     5     4  1466   229
 376  356.9761  950.6434    25     6     5  2275    -1
 377  116.9541  950.7216    15     4     5   935   325
 378  241.0093  951.6117    22     6     5  1691   156
 379  129.2054  952.0848    14     4     4   924   316
 380  370.1660  952.2434    20     5     5  1530   308
 381  253.8371  953.1469    23     6     5  1773   241
 382  141.6841  953.8724    14     5     4   939   281
 383  266.7630  954.7283    22     5     5  1792   122
 384  154.0286  955.1643    16     4     5  1080   299
 385  279.6881  956.2442    21     5     5  1789    97
 386  166.5359  956.9118    18     5     4  1206   288
 387  292.6757  957.7819    22     5     5  1891   139
 388  179.0702  958.3567    18     4     5  1256   296
 389  305.7166  959.3734    24     6     5  2077    53
 390  191.7136  959.9774    18     5     4  1298   397
 391   82.1486  960.3649     8     3     4   437   342
 392  318.7599  960.8469    24     6     6  2085    35
 393  204.3053  961.5243    20     5     5  1452   161
 394   94.1894  961.7500    13     4     4   782   331
 395  331.9444  962.4725    25     6     5  2267    42
 396  216.9989  963.0201    18     6     4  1373   222
 397  106.4474  963.3158    12     4     4   752   301
 398  345.1518  964.0383    27     6     6  2381    -1
 399  229.7546  964.6458    22     5     5  1642   204
 400  118.7000  964.9368    15     5     4   940   401
 401  358.3106  965.5116    24     6     5  2235   116
 402  242.5439  966.1544    20     5     5  1570   363
 403  130.9592  966.5102    15     4     5   946   302
 404  371.5598  967.1042    20     5     5  1518    -1
 405  255.3958  967.7772    20     5     5  1624   149
 406  143.3410  968.0439    16     5     4  1039   265
 407  268.2449  969.3217    23     6     5  1840   124
 408  155.7656  969.7852    15     4     5  1006   402
 409  281.1652  970.8948    22     6     5  1799   112
 410  168.1711  971.0855    15     5     4  1054   254
 411  294.1196  972.4460    23     6     5  1965    95
 412  180.7899  972.9319    17     5     4  1195   220
 413  307.1358  974.0469    23     6     6  1949    -1
 414  193.2634  974.3219    19     5     5  1343   290
 415  320.1889  975.5474    24     6     5  2129    43
 416   95.8939  975.5909     8     3     4   433   298
 417  205.9429  975.9942    17     5     4  1279   261
 418  333.3084  977.2330    23     6     5  2105    63
 419  218.5911  977.5567    22     5     5  1594   145
 420  108.2714  977.5571    10     4     3   570   404
 421  346.4525  978.6785    23     5     5  2181    85
 422  231.2683  979.0604    20     5     5  1505   260
 423  120.4771  979.0878    11     3     4   681   310
 424  359.6305  980.3675    23     5     5  2169    -1
 425  244.0907  980.7567    21     5     5  1607   179
 426  132.7473  980.7692    13     4     4   832   326
 427  372.8788  981.9358    18     5     5  1391    -1
 428  145.0388  982.1980    16     4     5  1045   221
 429  256.8441  982.2637    20     5     5  1622    84
 430  269.7210  983.9235    21     5     5  1697   142
 431  157.4495  983.9477    17     5     4  1127   329
 432  282.5942  985.4748    23     5     5  1904   120
 433  169.8868  985.5629    18     4     5  1218   392
 434  182.3262  987.0556    17     5     4  1201   412
 435  295.5314  987.0730    22     5     5  1833   200
 436  308.5353  988.6449    23     5     5  1999    80
 437  194.9610  988.8224    17     5     5  1247   267
 438  321.5284  990.2299    22     5     5  1981    71
 439  207.4955  990.2910    21     5     5  1495   182
 440  334.6356  991.7896    22     5     5  2029    74
 441  220.1348  991.9544    17     5     4  1321   286
 442  347.7600  993.4545    26     6     5  2354    -1
 443  232.8596  993.5394    20     5     5  1559    -1
 444  360.8632  995.0426    23     6     6  2053    -1
 445  245.5489  995.0916    20     5     5  1573   219
 446  374.0470  996.5695    18     4     5  1432    -1
 447  258.3523  996.7535    20     5     5  1643   178
 448  271.1586  998.3201    23     6     5  1856   140
 449  284.0147  999.9572    23     6     5  1863   130
 450  296.9860 1001.5242    22     6     5  1884    -1
 451  309.8822 1003.1436    24     6     5  2011    -1
 452  322.8662 1004.7407    24     6     5  1981    96
 453  335.9420 1006.3801    22     6     5  1867   126
 454  349.0220 1007.9544    19     6     5  1586   175
 455  362.1254 1009.5265    19     5     5  1516    -1
 456  375.1480 1010.9745    14     4     4   896    -1
 457  341.0668 1023.3511    57    16     6  3441   400
 458  316.8919 1023.7162     7     3     3   424   351
 459  360.1016 1025.5401    56    19     5  3174     1
 460  291.4626 1029.6197   153    67    10  8051    -1
