482
   0 1935.7892  799.9458   184    97    10  9615    -1
   1 1913.0960  808.7053    12     4     4   751    -1
   2 1863.8264  808.7778    89    30     6  4882    86
   3 1830.9286  824.7201    24     6     5  1459    -1
   4 1847.3388  826.1376    29     6     6  2300   377
   5 1863.9682  827.5795    27     6     5  2230   181
   6 1880.6240  829.0100    29     6     6  2450    -1
   7 1897.3438  830.4340    30     7     6  2531    -1
   8 1914.1941  831.8787    33     7     6  2804   408
   9 1931.0847  833.4081    29     6     6  2560    -1
  10 1948.0234  834.7962    31     6     6  2681   197
  11 1965.0548  836.3970    29     6     6  2508   417
  12 1982.0806  837.7766    31     6     6  2573   405
  13 1999.2909  839.3472    30     7     6  2423   256
  14 1828.6808  840.4085    23     5     5  1598   370
  15 2016.4369  840.7757    32     7     6  2503    -1
  16 1845.0625  841.8333    31     6     6  2750    -1
  17 2033.7447  842.3546    31     7     6  2396   354
  18 1861.6848  843.3649    31     7     6  2697   100
  19 2051.0113  843.7159    31     6     6  2393   188
  20 1878.2634  844.7997    33     7     6  2791   114
  21 2068.3327  845.3455    31     7     6  2333   260
  22 1895.0107  846.3783    29     6     6  2576   106
  23 2085.8256  846.7093    30     6     6  2274   187
  24 1911.8254  847.7631    30     6     6  2591   170
  25 2103.2866  848.3494    31     7     6  2267   279
  26 1928.6479  849.3259    30     7     6  2528    -1
  27 2120.9195  849.7126    30     6     6  2196   353
  28 1945.5088  850.7959    32     7     6  2624   215
  29 2138.4646  851.3650    30     7     6  2122   122
  30 1962.5074  852.3665    32     7     6  2551   225
  31 2156.1628  852.7455    30     6     6  2111   144
  32 1979.5042  853.8413    31     7     6  2508    -1
  33 2173.8260  854.4742    27     6     5  1853   218
  34 1996.6634  855.4119    31     7     6  2413    -1
  35 2191.6649  855.8595    28     6     6  1770   175
  36 1826.5975  856.1846    25     6     6  1732   174
  37 2013.8011  856.8425    30     6     6  2370    -1
  38 1842.8998  857.5694    28     6     6  2538   124
  39 2209.5122  857.6057    23     5     5  1396   220
  40 2030.9792  858.4622    27     6     5  2143   252
  41 2227.4741  859.0389    23     5     6  1343   238
  42 1859.3081  859.0892    32     7     6  2783   103
  43 2048.2312  859.8650    28     6     6  2159    -1
  44 1875.9674  860.5500    29     6     6  2569   123
  45 2065.5668  861.4560    29     7     5  2154   327
  46 1892.6405  862.1349    29     7     6  2532   131
  47 2082.9744  862.9690    30     6     6  2242   203
  48 1909.3255  863.6244    31     7     6  2587   179
  49 2100.3233  864.5357    29     7     5  2095   173
  50 1926.1518  865.2372    30     6     6  2554   199
  51 2117.8905  866.0896    30     6     6  2153   138
  52 1943.0329  866.6531    30     6     6  2519   424
  53 2135.4630  867.5335    28     7     5  1967   160
  54 1959.9800  868.3352    30     6     6  2477   214
  55 2153.1003  869.2024    30     6     6  2078   249
  56 1976.9387  869.7335    30     6     6  2455   394
  57 2170.8216  870.5688    28     6     6  1938   196
  58 1994.0034  871.4327    28     6     6  2292   391
  59 1824.3694  871.6221    24     6     5  1667   357
  60 2188.5514  872.2984    29     7     6  1936   286
  61 2011.0669  872.8406    31     6     6  2425    -1
  62 1840.6159  873.2911    30     7     6  2596    84
  63 2206.3632  873.6256    27     6     6  1796   178
  64 2028.1621  874.4585    27     6     5  2146   396
  65 1857.0520  874.7390    30     6     6  2663    68
  66 2224.2797  875.3959    27     6     5  1763   151
  67 2045.4192  875.9962    31     7     6  2342    -1
  68 1873.6621  876.3941    31     7     6  2617    92
  69 2240.7727  876.8636     7     2     4   361   373
  70 2062.8051  877.5055    28     6     5  2121   153
  71 1890.2587  877.8656    31     7     6  2644   150
  72 2080.0679  879.1529    30     6     6  2229   305
  73 1906.9938  879.4819    28     6     5  2451   116
  74 2097.4254  880.6111    29     7     6  2107   360
  75 1923.7271  880.9948    31     7     6  2607   193
  76 2114.9343  882.3196    30     6     6  2154   277
  77 1940.5717  882.5291    30     7     5  2462   423
  78 2132.3548  883.7204    29     7     6  2049   245
  79 1957.3978  884.1387    32     7     6  2588   209
  80 2150.0279  885.4460    27     6     5  1924   251
  81 1974.3106  885.6377    31     7     6  2458    -1
  82 2167.6682  886.9186    30     6     6  2047   176
  83 1991.3025  887.3470    31     7     6  2426    -1
  84 1822.1035  887.4259    26     6     5  1759   121
  85 2185.3911  888.4839    27     7     5  1846   140
  86 2008.3516  888.8216    30     7     6  2349    -1
  87 1838.3586  888.8631    29     7     6  2560    77
  88 2203.1517  890.0897    30     6     6  1968   142
  89 2025.4936  890.4347    30     7     5  2281    -1
  90 1854.8504  890.4726    28     6     5  2496    51
  91 2221.0714  891.5668    26     6     5  1734    39
  92 2042.6738  891.9786    31     7     6  2344   382
  93 1871.3076  891.9907    31     7     6  2683   115
  94 2237.5000  892.9286     9     3     4   464   376
  95 2059.9497  893.5161    27     6     5  2095   283
  96 1887.9399  893.5250    27     6     5  2432    93
  97 1904.5735  895.1762    31     7     6  2597   141
  98 2077.1891  895.1961    30     6     6  2214   276
  99 2094.5731  896.6355    31     7     6  2207   303
 100 1921.2418  896.6805    30     6     6  2503   202
 101 1938.0566  898.3990    28     6     6  2390   177
 102 2111.9791  898.4150    27     6     5  1997   219
 103 1954.9214  899.8714    31     6     6  2549   206
 104 2129.3557  899.8738    29     7     6  2060   319
 105 2146.9707  901.4828    26     6     5  1880   333
 106 1971.8139  901.4934    27     6     5  2258   263
 107 1819.8817  902.7084    26     6     6  1727   148
 108 1988.7338  903.1242    30     7     6  2394   236
 109 2164.5852  903.1704    28     7     6  1940   222
 110 1836.1323  904.4708    27     6     5  2446    53
 111 2005.7378  904.5956    29     7     6  2287   290
 112 2182.2556  904.5957    26     6     5  1791   129
 113 1852.5408  905.9900    30     7     6  2653    54
 114 2022.8065  906.3744    29     6     6  2246   397
 115 2200.0031  906.4014    27     6     5  1837   183
 116 1869.0104  907.5073    27     6     5  2451    81
 117 2217.8371  907.8371    30     6     6  1948   108
 118 2039.9137  907.8500    30     6     6  2300   344
 119 1885.5908  909.2020    31     7     6  2607   105
 120 2234.1500  909.2500    10     3     5   520   374
 121 2057.0620  909.4879    27     6     5  2092   338
 122 1902.1806  910.7031    30     6     6  2549    -1
 123 2074.3441  911.1236    31     7     6  2262   351
 124 1918.8788  912.4647    28     6     5  2419   167
 125 2091.6927  912.6138    30     7     6  2159   395
 126 1935.5508  914.0145    30     7     6  2503   195
 127 2109.0169  914.4279    27     6     5  2002   341
 128 1952.3231  915.5600    29     7     5  2366   200
 129 2126.4392  915.9112    30     7     6  2125   367
 130 1969.1621  917.3236    29     6     6  2391   385
 131 2143.9286  917.5119    27     6     5  1938   330
 132 1817.7465  918.4047    24     6     5  1630    91
 133 1986.1147  918.7906    30     6     6  2398    -1
 134 2161.5361  919.3023    29     7     6  1976   346
 135 1833.9823  919.7899    30     6     6  2628    78
 136 2003.0393  920.4836    27     6     5  2203   347
 137 2179.1146  920.7036    28     6     6  1906   147
 138 1850.2172  921.4787    28     6     5  2482    65
 139 2020.0855  922.1544    31     6     6  2363    -1
 140 2196.8347  922.4442    26     6     5  1784   184
 141 1866.7453  923.0998    29     6     6  2567    74
 142 2037.1767  923.6012    30     6     6  2261   355
 143 2214.5864  924.1449    28     7     6  1828   192
 144 1883.2190  924.6438    29     6     6  2514    94
 145 2231.1316  925.1842    10     3     5   519   375
 146 2054.2598  925.4260    28     7     5  2116   318
 147 1899.8525  926.4167    29     6     6  2494    89
 148 2071.5028  926.9724    30     7     6  2207   223
 149 1916.4319  927.9395    30     7     6  2542   162
 150 2088.7969  928.5435    27     6     5  2017   292
 151 1933.0922  929.5371    26     6     5  2298   261
 152 2106.0663  930.3627    28     6     6  2041   273
 153 1949.8751  931.3236    30     6     6  2481    -1
 154 2123.4615  931.8798    30     7     6  2124   250
 155 1966.6859  932.8376    31     7     6  2486   247
 156 2140.9281  933.5134    27     6     5  1948   314
 157 1815.6401  933.5338    23     5     5  1564    98
 158 1983.5225  934.5083    30     7     5  2345   301
 159 1831.7764  935.2971    29     6     6  2539    37
 160 2158.4060  935.3271    29     7     6  1982   171
 161 2000.4158  936.2461    31     7     6  2381   325
 162 2175.9800  936.7724    29     6     6  1975    83
 163 1848.0554  936.7833    30     6     6  2665    41
 164 2017.3702  937.7326    28     7     6  2178    -1
 165 2193.6944  938.4701    26     6     5  1768   143
 166 1864.4288  938.4924    29     7     5  2504    72
 167 2034.3962  939.4892    30     7     5  2242   335
 168 1880.9521  940.2324    30     6     6  2606   107
 169 2211.3836  940.2435    26     6     6  1721   274
 170 2051.5323  941.1739    30     7     6  2242   412
 171 1897.4080  941.7637    31     7     6  2593    97
 172 2227.8333  941.7667     8     2     4   415    -1
 173 2068.7038  942.6820    29     7     6  2137   312
 174 1914.0106  943.4884    27     6     5  2388   180
 175 2085.9139  944.4777    27     6     5  2024   399
 176 1930.6682  945.2009    29     7     6  2443   185
 177 2103.1431  946.2044    30     6     6  2136   368
 178 1947.3145  946.7280    30     7     6  2465   268
 179 2120.5000  947.7014    30     7     6  2086   253
 180 1964.0806  948.4851    27     6     5  2287   242
 181 1813.5724  948.6968    24     5     6  1642    57
 182 2137.8966  949.4368    26     6     5  1885   337
 183 1980.9192  950.2212    30     6     6  2404   237
 184 1829.6300  950.5104    29     7     5  2504    55
 185 2155.3577  951.2404    28     6     6  1920   317
 186 1997.8200  951.6959    29     6     6  2272   299
 187 1845.8289  952.2724    29     6     6  2575    18
 188 2172.9216  952.6824    28     6     6  1910   128
 189 2014.7664  953.4646    28     6     5  2162   288
 190 1862.1977  953.8032    31     6     6  2668   101
 191 2190.5420  954.4712    26     7     5  1752   161
 192 2031.6970  955.2291    28     7     6  2131   313
 193 1878.6697  955.5211    29     7     5  2493   172
 194 2208.1603  956.2933    28     6     6  1821   111
 195 2048.7672  956.7685    30     6     6  2256   342
 196 1895.0749  957.3266    29     6     6  2511    85
 197 2224.3750  957.9375     9     3     4   466    -1
 198 2065.8701  958.4915    27     6     5  2058   384
 199 1911.6056  958.8595    31     7     6  2582   158
 200 2083.0227  960.3323    28     6     6  2062   348
 201 1928.1636  960.5521    28     6     5  2378   136
 202 2100.2853  961.8189    27     6     6  1974   259
 203 1944.8859  962.3869    30     6     6  2464   134
 204 2117.5771  963.5342    27     7     5  1934   361
 205 1961.5836  963.9812    30     7     6  2433   241
 206 1811.3935  964.1829    25     6     6  1682    80
 207 2134.8765  965.4142    26     6     5  1871   426
 208 1978.3031  965.5907    29     7     5  2288   117
 209 1827.3933  965.7079    29     7     6  2518    52
 210 2152.2842  966.9605    28     6     6  1919   349
 211 1995.1375  967.4430    27     6     5  2139   234
 212 1843.6531  967.4603    29     7     5  2534    44
 213 2169.8679  968.6037    27     6     5  1842   216
 214 2012.0928  968.9695    29     6     6  2172   359
 215 1859.9325  969.2113    30     6     6  2619   156
 216 2187.3896  970.4740    26     6     5  1762   410
 217 2028.9764  970.6111    28     6     6  2120   343
 218 1876.2878  970.7742    29     6     6  2515    66
 219 2204.9466  972.1817    28     6     6  1821   182
 220 2046.0073  972.4867    26     6     5  2051   363
 221 1892.8003  972.5214    27     6     5  2379    75
 222 2221.2143  973.5714     8     3     5   414    -1
 223 2063.0471  974.2871    29     6     6  2150   389
 224 1909.1958  974.3567    28     6     6  2419    64
 225 2080.2143  975.8161    29     6     6  2108   345
 226 1925.7877  975.9547    30     6     6  2494   109
 227 2010.8015  976.6683    34     7     6  2526   213
 228 2097.3384  977.5673    27     6     5  1944   339
 229 1942.3525  977.6182    29     7     6  2372   145
 230 1809.2581  979.2903    24     6     5  1634    38
 231 2114.6389  979.3715    27     7     5  1926    -1
 232 1959.0356  979.4687    27     6     5  2276    36
 233 1825.2951  980.8716    28     6     6  2498    16
 234 2131.8903  981.0809    29     6     6  2006   310
 235 1975.7696  981.1858    29     6     6  2303   186
 236 1841.4082  982.5730    28     7     5  2468    31
 237 2149.2929  982.6617    25     6     5  1757   266
 238 1992.5286  982.7494    30     7     6  2270   281
 239 1857.7220  984.4108    28     7     5  2454    60
 240 2166.7267  984.4453    26     6     5  1794   315
 241 2009.3231  984.5571    25     6     5  1951   296
 242 2017.0062  985.2841    15     5     4  1153   254
 243 1874.0073  986.1435    30     6     6  2594    42
 244 2184.2608  986.3405    27     6     5  1814    -1
 245 2026.3038  986.3759    27     6     5  2043   336
 246 1890.3794  987.7213    28     7     6  2412    63
 247 2201.8556  987.9511    27     6     6  1769   413
 248 2043.2657  988.0163    29     6     6  2184   406
 249 1906.8866  989.5020    27     6     5  2364   104
 250 2217.8333  989.5833     7     2     4   362    -1
 251 2060.2394  989.6201    28     6     6  2083    -1
 252 1923.3162  991.3676    29     7     6  2402   169
 253 2077.3120  991.4905    27     6     5  1983   369
 254 1939.8890  993.0486    29     6     6  2396   118
 255 2094.5117  993.3528    27     7     5  1948   404
 256 1807.1404  994.3180    25     6     5  1695    19
 257 1956.5058  994.6651    29     7     6  2310   293
 258 2111.7096  994.9897    28     6     6  1982   407
 259 1823.1004  995.9892    30     6     6  2606     3
 260 1973.1737  996.5165    27     6     5  2199   135
 261 2128.9837  996.6196    27     6     5  1902   228
 262 1839.2057  997.6226    29     6     6  2551    20
 263 1989.9652  998.3724    27     6     5  2126   224
 264 2146.2709  998.5311    27     6     5  1865   255
 265 1855.3951  999.4893    29     7     5  2480    33
 266 2006.7710  999.9913    29     6     6  2199   272
 267 2163.6862 1000.3682    25     6     5  1728   211
 268 1871.7335 1001.3217    28     6     6  2432    21
 269 2023.5913 1001.6783    28     7     6  2090   306
 270 2181.1937 1001.9792    27     6     6  1807    -1
 271 1888.0750 1002.9837    30     6     6  2540    47
 272 2040.5665 1003.4897    29     7     5  2127   291
 273 2198.6350 1003.6650    27     6     5  1750   165
 274 1904.4290 1004.6785    28     7     6  2358   401
 275 2214.8636 1005.2273     7     2     4   361    -1
 276 2057.5253 1005.3482    27     7     5  2022   392
 277 1920.9811 1006.4980    26     6     5  2277    73
 278 2074.5216 1007.0485    30     7     6  2149    -1
 279 1937.4470 1008.3512    29     7     6  2337   113
 280 2091.6271 1008.6555    28     6     6  1998   334
 281 1804.9848 1009.3368    24     6     5  1629   166
 282 1954.0264 1010.0849    30     6     6  2372   110
 283 2108.8087 1010.4950    27     6     5  1946    -1
 284 1820.9407 1011.0102    30     6     6  2580    24
 285 1970.6885 1011.7235    28     6     6  2201   287
 286 2125.9965 1012.4091    26     6     5  1872   421
 287 1837.0279 1012.6635    30     6     6  2595     7
 288 1987.3385 1013.5530    29     7     5  2224   246
 289 2143.2934 1014.1998    26     6     6  1813   130
 290 1853.1427 1014.5198    26     6     5  2358    23
 291 2004.1005 1015.4283    27     6     5  2131   229
 292 2160.6435 1015.7911    26     6     6  1781   133
 293 1869.4217 1016.3926    27     7     5  2346    58
 294 2020.9382 1017.2131    30     6     6  2253   232
 295 2178.0870 1017.5901    26     6     5  1777   235
 296 1885.7520 1018.1960    29     6     6  2450    32
 297 2037.8199 1018.8407    29     6     6  2172   350
 298 2195.5298 1019.4454    25     7     5  1653   233
 299 1902.1387 1019.8265    30     6     6  2477    67
 300 2054.7580 1020.5899    27     6     5  2040   414
 301 2211.8636 1021.1364     8     2     4   411   420
 302 1918.5550 1021.6089    28     7     5  2309   379
 303 2071.7648 1022.4697    27     6     5  2011   289
 304 1934.9914 1023.4785    26     6     5  2232    95
 305 1802.9068 1024.3281    24     6     5  1613    87
 306 2088.7771 1024.3736    27     6     5  1967   304
 307 1951.5495 1025.3504    27     7     5  2179   189
 308 1818.8177 1025.9182    28     6     6  2445    14
 309 2105.8731 1026.1218    28     6     6  1979   194
 310 1968.1679 1027.0923    28     6     6  2207   207
 311 1834.8663 1027.6545    29     6     6  2531     9
 312 2123.0727 1027.7376    28     6     6  1964   332
 313 1984.8283 1028.7576    29     6     6  2242   231
 314 1851.0065 1029.5111    26     6     5  2382    11
 315 2140.3061 1029.6065    25     6     5  1776    -1
 316 2001.5133 1030.5903    29     7     5  2203   210
 317 1867.1693 1031.4389    27     6     5  2381   372
 318 2157.6210 1031.4577    26     6     5  1796   416
 319 2018.2349 1032.4692    27     6     5  2097   258
 320 1883.4462 1033.2492    29     7     6  2435    40
 321 2174.9515 1033.3608    26     6     5  1774   271
 322 2035.0841 1034.3623    27     6     5  2069   269
 323 1899.7718 1034.9564    29     6     6  2425   163
 324 2192.4084 1035.1757    26     6     6  1704    -1
 325 2052.0132 1036.0775    29     6     6  2134   390
 326 1916.1614 1036.6603    28     6     6  2342   208
 327 2208.2895 1036.8158     9     3     4   469    -1
 328 2068.9604 1037.7631    29     6     6  2119   324
 329 1932.5766 1038.5446    29     7     5  2325    96
 330 1800.7741 1039.0685    24     5     6  1594    62
 331 2085.9664 1039.5736    27     6     5  1989   388
 332 1949.0703 1040.4535    27     6     5  2232    56
 333 1816.7004 1040.7344    27     6     6  2378     8
 334 2103.0157 1041.4851    26     6     5  1905   320
 335 1965.6549 1042.3275    26     6     6  2094    70
 336 1832.7185 1042.5773    27     6     5  2398     1
 337 2120.1417 1043.4055    27     6     5  1911   356
 338 1982.2419 1044.0574    29     6     6  2225   205
 339 1848.8203 1044.4694    26     6     5  2346    17
 340 2137.3605 1045.2345    26     6     6  1816   427
 341 1998.8974 1045.7503    29     6     6  2225   275
 342 1864.9465 1046.4202    26     6     5  2328    15
 343 2154.6870 1046.9533    29     7     6  1942    -1
 344 2015.6306 1047.5834    28     7     5  2143   204
 345 1881.1754 1048.2278    29     6     6  2442    45
 346 2172.0062 1048.6818    27     6     5  1834    -1
 347 2032.3706 1049.4986    29     7     5  2161   267
 348 1897.4068 1049.9283    30     7     6  2455   132
 349 2189.2857 1050.5738    24     6     5  1620   422
 350 2049.2419 1051.4027    27     6     5  2028   198
 351 1913.7992 1051.6980    29     6     6  2369   112
 352 2205.3947 1052.2368    10     3     4   519    -1
 353 2066.1595 1053.2669    28     6     6  2052   316
 354 1930.1678 1053.5678    27     6     5  2250    88
 355 1798.7531 1053.6439    22     5     5  1503    30
 356 2083.1160 1054.9967    27     6     6  1962   321
 357 1946.6631 1055.4700    29     7     5  2284   146
 358 1814.5899 1055.5715    27     7     5  2329   352
 359 2100.1838 1056.7354    27     6     6  1932   366
 360 1963.0945 1057.3971    27     6     5  2186    76
 361 1830.5476 1057.4822    27     7     5  2359     4
 362 2117.2478 1058.5984    26     6     5  1859   270
 363 1979.6723 1059.2824    26     6     6  2072   149
 364 1846.6190 1059.3900    27     7     5  2350    10
 365 2134.3580 1060.5365    26     6     5  1821    -1
 366 1996.2937 1060.9643    28     6     6  2156   244
 367 1862.7087 1061.2873    27     6     6  2342    22
 368 2151.6636 1062.4172    24     6     5  1695    -1
 369 2012.9704 1062.7412    29     6     6  2192   248
 370 1878.8843 1063.0537    30     6     6  2468    28
 371 2168.8602 1064.3242    25     6     5  1722   358
 372 2029.7725 1064.6141    27     6     5  2051   221
 373 1895.1413 1064.8397    28     6     6  2345    61
 374 2186.2136 1066.1568    25     6     6  1655    -1
 375 2046.5533 1066.5213    28     7     5  2057   328
 376 1911.3835 1066.6618    27     7     6  2234   120
 377 2202.1875 1067.8750     9     3     4   466    -1
 378 2063.4027 1068.4155    27     6     5  1977   285
 379 1796.6546 1068.5284    21     5     5  1438   126
 380 1927.7831 1068.5476    27     6     5  2233    82
 381 1785.9848 1068.9545    20     2    15  1033   381
 382 2080.2876 1070.3428    27     6     5  1948   300
 383 1812.4958 1070.4003    25     7     5  2213     6
 384 1944.1620 1070.4942    26     6     5  2158   152
 385 2097.2584 1072.2229    27     6     6  1913   307
 386 1828.3807 1072.3205    27     7     6  2364     2
 387 1960.6256 1072.3993    27     7     5  2154   155
 388 2114.3134 1073.9944    28     6     6  1936   400
 389 1844.4035 1074.1896    28     7     6  2405    13
 390 1977.1671 1074.2883    27     6     5  2134   154
 391 2131.4213 1075.7736    27     7     6  1858    -1
 392 1860.4786 1075.9873    30     7     6  2483    25
 393 1993.7364 1076.1386    27     6     6  2086   212
 394 2148.6237 1077.6361    26     6     5  1785    -1
 395 1876.6251 1077.7766    28     7     6  2351    26
 396 2010.3497 1077.8890    29     7     6  2162   240
 397 2165.8493 1079.5437    26     6     5  1781   387
 398 1892.8337 1079.6441    27     6     5  2273    35
 399 2027.0893 1079.6582    27     6     5  2039   239
 400 2183.1698 1081.5071    26     6     5  1721   411
 401 1909.0755 1081.5619    26     6     5  2221   119
 402 2043.8000 1081.6167    27     6     5  2010   262
 403 2199.1316 1083.1842    10     3     5   519    -1
 404 1794.6885 1083.2459    23     5     5  1516    29
 405 1925.3238 1083.5119    28     6     5  2240    99
 406 2060.6405 1083.5310    28     7     5  2012   278
 407 1784.0455 1083.5909    15     2    11   772    -1
 408 1810.3923 1085.0756    28     6     6  2366     5
 409 1941.7621 1085.4444    26     6     5  2128    90
 410 2077.5397 1085.4655    27     7     5  1929   297
 411 1826.2478 1086.8759    28     6     6  2403     0
 412 1958.1457 1087.3807    27     6     5  2146   298
 413 2094.4821 1087.3855    26     7     5  1859   311
 414 1842.2503 1088.7262    27     6     6  2327    12
 415 1974.6638 1089.2790    26     6     6  2051   159
 416 2111.4716 1089.3204    26     7     5  1829   329
 417 1858.2529 1090.6267    27     6     5  2313    -1
 418 1991.1662 1091.0697    28     6     6  2125   191
 419 2128.5460 1091.1980    28     7     6  1900   364
 420 1874.3527 1092.5636    26     6     5  2196    46
 421 2007.7579 1092.9409    26     6     6  1994   190
 422 2145.6627 1093.0482    26     6     6  1767    -1
 423 1890.5224 1094.5283    27     7     5  2199    79
 424 2024.3908 1094.7538    27     7     6  2000   226
 425 2162.8249 1094.8710    26     6     6  1734    -1
 426 1906.7416 1096.4642    27     6     5  2215    49
 427 2041.1250 1096.6281    26     6     5  1948   280
 428 2180.1307 1096.7312    24     6     5  1598    -1
 429 1792.8953 1097.2674    21     5     5  1179   409
 430 1922.9744 1098.4093    26     6     5  2160    71
 431 2195.9000 1098.5667     7     2     4   365    -1
 432 2057.9122 1098.5789    26     6     5  1921   265
 433 1808.5037 1099.4579    23     6     5  1696   139
 434 1939.2951 1100.3502    27     6     5  2131   264
 435 2074.7461 1100.5087    27     6     5  1927   284
 436 1824.2271 1101.4355    26     6     5  1967    69
 437 1955.6816 1102.3117    25     6     5  1999   157
 438 2091.6250 1102.4776    26     6     5  1836   295
 439 1840.1082 1103.4162    26     6     5  2076    27
 440 1972.1450 1104.1409    28     6     6  2124   127
 441 2108.6135 1104.4237    25     6     5  1761   322
 442 1856.0690 1105.4156    26     6     5  2177    34
 443 1988.6395 1106.0320    28     6     6  2088   164
 444 2125.6002 1106.3691    25     6     5  1739   326
 445 1872.0805 1107.4068    26     6     5  2244    48
 446 2005.1802 1107.8439    26     6     6  1963    -1
 447 2142.7094 1108.3120    25     6     5  1718    -1
 448 1888.1964 1109.3560    27     6     5  2246    43
 449 2021.7425 1109.7345    27     6     6  1981   227
 450 2159.8611 1110.2269    24     6     5  1632    -1
 451 1904.3681 1111.3160    25     6     5  2114    59
 452 2038.4518 1111.6429    26     7     5  1902   243
 453 2177.0237 1112.1211    25     6     5  1630    -1
 454 1920.6044 1113.2129    27     7     6  2193    50
 455 2055.1711 1113.6141    26     6     5  1896   282
 456 2192.8571 1113.8571     8     2     4   414    -1
 457 1936.8529 1115.1008    26     6     6  2099   102
 458 2071.9531 1115.5655    26     6     5  1865   308
 459 1953.2124 1116.9758    27     6     6  2115   137
 460 1820.1172 1117.1680    62    24     6  3356   323
 461 2088.7879 1117.4757    26     6     5  1835   309
 462 1969.6131 1118.8787    28     7     6  2134   125
 463 2105.7039 1119.4392    26     6     5  1810   331
 464 1986.0592 1120.7585    30     6     6  2235   168
 465 2122.7272 1121.3966    26     6     5  1793   365
 466 2002.5264 1122.6762    27     7     5  2031   201
 467 2139.7009 1123.3639    24     6     5  1663    -1
 468 2019.0956 1124.6265    26     6     5  1980   217
 469 2156.8256 1125.3209    24     6     5  1630    -1
 470 2035.7430 1126.6075    27     6     5  1992   230
 471 2173.9575 1127.2288    24     6     5  1565    -1
 472 1870.5938 1127.4167     9     4     3   546    -1
 473 2052.4112 1128.5637    27     7     5  1947   257
 474 2069.1883 1130.5617    26     6     5  1900    -1
 475 2085.9650 1132.4584    26     6     5  1829   294
 476 2102.8593 1134.4772    26     6     5  1826   302
 477 2119.7321 1136.4067    25     6     5  1668   340
 478 2136.7412 1138.2942    24     6     5  1511   362
 479 2153.9034 1140.0909    23     6     5  1326   371
 480 2171.0489 1142.0489    21     6     5  1183    -1
 481 2106.8000 1156.1000     5     3     2   260    -1
