494
   0 1464.8469  493.4388    25     8     4  1299    -1
   1 1457.4693  513.4310   183    24    23 10324    -1
   2 1463.7143  515.4286     5     2     3   264    -1
   3 1444.0682  519.0455    22     2    15  1188    -1
   4 1437.5000  519.6429    15     4     5   771    -1
   5 1462.6447  519.9737    34     8     8  1776    -1
   6 1426.7016  745.6129    18     3    10  1024    -1
   7 1451.4600  769.3160     6     3     3   425   403
   8 1379.1528  784.7429    24     6     5  2015   304
   9 1394.0249  786.0452    24     6     6  2869    -1
  10 1408.9147  787.3852    28     6     6  3481    -1
  11 1675.9462  788.4500    12     4     4   860   407
  12 1423.9371  788.5922    28     6     6  3635   166
  13 1439.0704  789.8833    32     6     6  4016    -1
  14 1700.1884  790.6304     9     5     3   588   463
  15 1454.2057  791.2759    30     6     6  3923   356
  16 1469.3795  792.6004    30     6     7  3740   176
  17 1484.6061  793.9284    29     6     6  3796    -1
  18 1499.9516  795.3249    29     6     6  3735   191
  19 1721.6061  795.4302   164    37    15  9689   249
  20 1515.2792  796.6453    30     6     6  3606   220
  21 1530.6892  797.9752    29     6     6  3607    -1
  22 1546.1545  799.3343    30     6     6  3558   432
  23 1378.0102  799.6942    27     6     6  2581   202
  24 1561.7434  800.7163    30     6     6  3497   268
  25 1392.8506  801.1123    29     6     6  3743   416
  26 1577.3239  802.0589    29     6     6  3472    -1
  27 1407.7593  802.4410    29     6     6  3756    70
  28 1592.9700  803.4358    28     6     6  3332   342
  29 1422.7606  803.7321    30     6     6  3814   114
  30 1608.6521  804.8123    31     7     6  3417   302
  31 1437.8177  805.1396    30     6     6  3817    -1
  32 1624.3315  806.1225    30     6     6  3381    -1
  33 1452.9695  806.4846    28     6     6  3666   431
  34 1640.0822  807.4966    30     6     7  3288   326
  35 1468.1318  807.8134    30     6     6  3746   160
  36 1655.9576  808.8582    32     6     6  3440   340
  37 1483.3514  809.2069    29     6     6  3610    -1
  38 1671.8709  810.2634    30     6     6  3258    -1
  39 1498.6078  810.5922    28     6     6  3395   433
  40 1687.8207  811.6133    29     6     6  3012   447
  41 1513.9201  811.9571    32     6     6  3735   420
  42 1703.7112  813.0235    30     6     6  2925   387
  43 1529.2831  813.3330    30     6     6  3446   450
  44 1719.8966  814.4866    28     6     6  2590   442
  45 1544.7467  814.7056    30     6     6  3450   226
  46 1376.8995  814.7283    27     6     6  2559   218
  47 1735.9213  815.7398    29     6     6  2530   376
  48 1560.2606  816.1064    30     6     6  3484   424
  49 1391.7602  816.1576    29     6     6  3737   123
  50 1752.0803  817.2927    27     6     6  1736   409
  51 1575.8375  817.4934    29     6     6  3281    -1
  52 1406.6231  817.5113    28     6     7  3617    99
  53 1421.5842  818.8704    29     6     6  3777    78
  54 1591.3699  818.8904    29     6     6  3302    -1
  55 1436.6246  820.2540    29     6     6  3698   121
  56 1607.0221  820.2940    30     6     6  3354   397
  57 1451.7271  821.6236    29     6     6  3634   117
  58 1622.7462  821.6458    29     6     6  3172   462
  59 1638.4427  823.0108    30     7     6  3262   322
  60 1466.7899  823.0159    31     6     6  3820   144
  61 1654.1633  824.4242    28     6     6  3075   452
  62 1482.0100  824.4422    28     6     6  3596   177
  63 1670.0547  825.7794    31     6     6  3286    -1
  64 1497.2975  825.7989    29     6     6  3578   374
  65 1512.5440  827.1716    30     7     6  3522    -1
  66 1685.9853  827.2385    31     6     6  3248   443
  67 1701.9272  828.5679    29     6     6  3070   438
  68 1527.9062  828.5766    29     6     6  3486   236
  69 1375.7919  829.6379    24     6     5  2375   206
  70 1717.9783  829.9934    32     6     6  3256   405
  71 1543.3191  830.0077    29     6     6  3473   246
  72 1390.6534  831.1269    29     6     6  3699    51
  73 1734.0069  831.4159    29     6     6  2961   368
  74 1558.7810  831.4175    30     6     6  3390   234
  75 1405.5138  832.5073    28     6     7  3577   415
  76 1750.0904  832.6747    26     6     6  1947   385
  77 1574.2675  832.8149    30     6     6  3418   293
  78 1420.4827  833.9064    27     6     6  3663    67
  79 1589.7885  834.2637    29     6     6  3325   296
  80 1435.4479  835.2898    29     6     6  3619   113
  81 1605.3689  835.6511    30     7     6  3254    -1
  82 1450.4845  836.7122    29     6     6  3575   131
  83 1621.0483  837.0643    32     6     6  3473   331
  84 1465.5467  838.1052    28     6     6  3606   109
  85 1636.8138  838.4783    29     6     6  3158   339
  86 1480.7281  839.5401    29     6     6  3519   172
  87 1652.4983  839.9189    31     7     6  3302   460
  88 1495.8960  840.9463    32     6     6  3787   196
  89 1668.2420  841.3043    30     6     6  3186   360
  90 1511.1447  842.4102    29     6     6  3510   180
  91 1684.1375  842.6851    29     6     6  3119   353
  92 1526.4797  843.8330    30     7     6  3473   233
  93 1700.0927  844.1584    31     6     6  3239   358
  94 1374.6904  844.5917    24     6     5  2345   147
  95 1541.8327  845.2767    29     6     6  3452   244
  96 1716.0366  845.5236    29     6     6  3021   401
  97 1389.5689  846.0246    27     6     6  3569    47
  98 1557.2117  846.6467    29     6     6  3365   253
  99 1732.1114  846.9907    32     6     6  3157   377
 100 1404.4106  847.4486    27     6     6  3509    33
 101 1572.6787  848.0747    29     6     6  3397   271
 102 1748.1175  848.4460    26     6     5  1930   382
 103 1419.3386  848.8647    29     6     6  3742    44
 104 1588.1654  849.5088    29     6     6  3267   308
 105 1434.2668  850.3281    29     6     6  3667    90
 106 1603.7619  850.9426    30     6     6  3398   281
 107 1449.2759  851.6844    29     6     6  3641   106
 108 1619.3669  852.4138    30     7     6  3205   323
 109 1464.3397  853.1830    29     6     6  3639    82
 110 1635.0502  853.8059    31     6     6  3384   332
 111 1479.4186  854.5834    27     6     6  3353   161
 112 1650.8057  855.3106    29     6     6  3187   328
 113 1494.5485  856.0285    28     6     6  3523   183
 114 1666.5659  856.7477    31     7     6  3205   348
 115 1509.8288  857.5025    27     6     5  3342   188
 116 1682.3433  858.1543    30     6     6  3172   372
 117 1525.0623  858.9262    32     6     6  3686   223
 118 1373.6685  859.4991    24     6     5  2316   100
 119 1698.1724  859.5854    30     6     6  3081   359
 120 1540.3602  860.3871    28     6     6  3260   227
 121 1388.5566  860.8447    26     5     6  3438    24
 122 1714.2222  861.0612    30     6     6  3127   458
 123 1555.7357  861.8171    30     6     6  3490   217
 124 1403.3133  862.3498    28     6     6  3617    30
 125 1730.0985  862.4916    28     6     5  2832    -1
 126 1571.1637  863.3432    29     6     6  3383   269
 127 1418.1545  863.7062    29     6     6  3705    23
 128 1746.2188  863.8780    27     6     6  2022   400
 129 1586.6674  864.7554    29     6     6  3302   277
 130 1433.0657  865.2675    29     6     6  3704    81
 131 1602.1834  866.2522    30     6     6  3389   284
 132 1448.0011  866.6061    28     6     6  3625    80
 133 1617.7920  867.6396    29     6     6  3248   301
 134 1463.0484  868.1667    30     6     6  3699   449
 135 1633.3797  869.1301    30     7     6  3287   327
 136 1478.0965  869.5306    28     6     6  3524   143
 137 1649.0431  870.5499    28     6     6  3142   324
 138 1493.2877  871.0588    28     6     6  3510   158
 139 1664.7618  872.0630    32     6     6  3330   349
 140 1508.4186  872.5201    27     6     6  3241   205
 141 1680.5994  873.5336    30     7     6  3049   370
 142 1523.6074  873.9971    28     6     6  3448   204
 143 1372.7018  874.3257    24     5     6  2290    87
 144 1696.4351  875.0009    30     7     6  3119   367
 145 1538.9472  875.4965    26     6     5  3279   179
 146 1387.5157  875.6071    25     5     6  3221     8
 147 1712.2838  876.4791    30     7     6  2980   384
 148 1554.3194  876.9556    28     6     6  3393   251
 149 1402.1970  877.1667    29     6     6  3694    11
 150 1728.3015  877.9366    28     6     6  2891    -1
 151 1569.6800  878.4318    29     6     6  3267   265
 152 1416.9741  878.5389    28     6     6  3638    18
 153 1744.2370  879.4347    25     6     5  1847   398
 154 1585.1039  879.8771    32     6     6  3549   274
 155 1431.8164  880.0705    29     6     6  3669    79
 156 1600.6135  881.4163    28     6     6  3145   299
 157 1446.7976  881.5254    26     6     5  3424    63
 158 1616.1359  882.8333    31     6     6  3401   303
 159 1461.7250  883.0182    28     6     6  3569    92
 160 1631.7564  884.3834    30     6     6  3216   314
 161 1476.8164  884.5112    26     6     5  3351   105
 162 1647.3438  885.8585    29     6     6  3185   337
 163 1491.8742  886.0086    32     6     6  3698   136
 164 1663.0347  887.4229    29     6     6  3148   330
 165 1507.0326  887.4956    26     6     5  3341   159
 166 1371.6738  888.7553    25     5     6  2343   419
 167 1678.7905  888.8067    30     6     6  3166   366
 168 1522.2932  888.9924    28     6     6  3431   190
 169 1694.6224  890.3506    30     7     6  3019   350
 170 1386.4341  890.4263    26     6     6  3228    16
 171 1537.4846  890.4874    27     7     5  3170   209
 172 1401.0357  891.7987    29     6     6  3690     7
 173 1710.4829  891.8375    31     7     6  3073    -1
 174 1552.7582  891.9821    29     6     6  3437   245
 175 1726.3387  893.3270    31     7     6  2926   369
 176 1415.8145  893.4147    29     6     6  3631   411
 177 1568.1043  893.4942    26     6     5  3198   252
 178 1742.3470  894.6924    24     5     6  1808   389
 179 1430.6263  894.8053    29     6     6  3612    57
 180 1583.5458  894.9882    30     7     6  3399    -1
 181 1445.5521  896.3775    26     6     6  3317    74
 182 1599.0046  896.4989    26     6     5  3151   288
 183 1460.5134  897.8270    27     6     6  3445    94
 184 1614.4967  898.0094    30     7     6  3312   319
 185 1475.5129  899.3946    27     6     6  3286   110
 186 1630.0382  899.5017    26     6     5  3054   310
 187 1490.5580  900.8606    28     6     6  3452   126
 188 1645.6308  901.0349    28     6     6  3135   381
 189 1505.6733  902.4291    28     6     6  3304   163
 190 1661.2707  902.5266    28     6     5  2979   335
 191 1370.6079  903.5294    22     5     5  2119   417
 192 1520.8014  903.8898    30     6     6  3514   174
 193 1677.0425  904.0952    31     6     6  3220   365
 194 1385.3586  905.0513    28     6     6  3408    15
 195 1536.0489  905.4759    26     6     5  3253   182
 196 1692.8540  905.5443    28     6     6  2934   355
 197 1399.9057  906.5215    26     6     5  3484   112
 198 1551.3536  906.9551    28     6     6  3347   215
 199 1708.6499  907.1008    28     6     6  2908   391
 200 1414.6275  908.0546    28     6     6  3589   444
 201 1566.6323  908.4846    27     6     5  3103   242
 202 1724.5076  908.5811    28     7     6  2720   364
 203 1429.5020  909.5471    26     5     6  3295    56
 204 1581.9951  910.0033    32     6     6  3551   256
 205 1740.3629  910.2391    24     5     6  1798   461
 206 1444.4059  911.1329    28     6     6  3514    42
 207 1597.3912  911.5165    28     6     6  3101   455
 208 1459.3002  912.5719    28     6     6  3417    -1
 209 1612.8575  913.0924    31     6     6  3368   297
 210 1474.2768  914.2088    29     6     6  3493   115
 211 1628.3732  914.5860    28     6     6  3017   320
 212 1489.2847  915.6363    29     6     6  3438   138
 213 1643.9595  916.2072    30     6     6  3228   318
 214 1504.3602  917.2866    28     6     6  3331   148
 215 1659.5951  917.6430    28     7     6  2945   344
 216 1369.6189  918.1375    24     5     6  2251    20
 217 1519.4699  918.7599    27     6     6  3243   178
 218 1675.2344  919.2868    30     6     6  3085   362
 219 1384.2717  919.5377    26     6     5  3236    10
 220 1534.6134  920.3494    28     6     6  3199   195
 221 1690.9831  920.6785    30     6     6  3069   351
 222 1398.7693  921.1740    29     6     6  3585     3
 223 1549.8398  921.7333    29     6     6  3263   270
 224 1706.8232  922.3702    29     6     6  2929   434
 225 1413.5251  922.6373    24     5     6  3195    27
 226 1565.1000  923.4634    27     6     6  3180   232
 227 1722.6091  923.8208    29     6     6  2834    -1
 228 1428.3664  924.2786    28     6     6  3473    37
 229 1580.4602  924.9630    28     6     6  3236   254
 230 1738.4203  925.4004    23     5     5  1702   399
 231 1443.1593  925.7175    29     6     6  3537    61
 232 1595.8797  926.5000    26     6     5  3075   441
 233 1458.0247  927.3917    28     6     6  3487    89
 234 1611.2804  928.0772    29     6     6  3217   282
 235 1472.9304  928.8354    29     6     6  3504   132
 236 1549.0335  929.3868    33     6     6  3787   185
 237 1626.7642  929.5834    28     6     6  3043   295
 238 1487.9323  930.4902    26     6     5  3338   122
 239 1642.2797  931.2419    30     6     6  3143   309
 240 1502.9675  932.0171    32     6     6  3615   187
 241 1368.6049  932.5323    22     5     5  2091    14
 242 1657.8631  932.6721    29     6     6  3083   334
 243 1518.0420  933.5081    26     6     5  3276   186
 244 1383.2085  934.1753    26     6     6  3228     0
 245 1673.4865  934.3560    30     7     6  2979   357
 246 1533.2284  935.1692    29     6     6  3324   184
 247 1397.6638  935.6248    28     6     6  3451     5
 248 1689.1988  935.8409    30     6     6  3034   347
 249 1548.4047  936.6480    27     6     6  3039   212
 250 1412.4381  937.3069    26     6     6  3320     1
 251 1554.9553  937.3811    18     5     5  1985   338
 252 1704.9605  937.4900    26     6     5  2794   451
 253 1563.6213  938.3143    28     6     6  3123   241
 254 1427.1667  938.7633    29     6     6  3535    29
 255 1720.7019  939.0132    28     6     6  2797   436
 256 1578.9102  939.7722    29     6     6  3276   248
 257 1441.9406  940.4498    27     6     6  3420    50
 258 1736.4461  940.5162    23     5     5  1707   380
 259 1594.2276  941.4426    27     6     5  3039   278
 260 1456.7277  941.9362    28     6     6  3447    88
 261 1609.6291  942.9919    28     6     6  3120   294
 262 1471.6553  943.5254    27     6     5  3237   111
 263 1625.0653  944.5138    26     6     5  2968   453
 264 1486.5716  945.1536    28     6     6  3369   133
 265 1640.5942  946.1756    28     6     6  3003   378
 266 1501.5967  946.6587    28     6     6  3252   149
 267 1367.5852  947.0253    24     5     6  2209    19
 268 1656.1273  947.6686    29     6     6  3057   333
 269 1516.6473  948.3527    28     6     6  3247   167
 270 1382.0888  948.5376    26     6     5  3243    17
 271 1671.7574  949.3924    28     6     6  2915   354
 272 1531.7314  949.8153    28     6     6  3211   201
 273 1396.5487  950.2018    27     6     6  3402     9
 274 1687.3826  950.9057    29     7     6  2983   464
 275 1546.9430  951.4923    26     6     5  3124   199
 276 1411.3246  951.6778    28     6     6  3430    26
 277 1703.0643  952.5007    26     6     5  2785   390
 278 1562.1719  953.0928    30     6     6  3268   225
 279 1425.9801  953.4138    28     6     6  3487    36
 280 1718.8567  954.1462    30     6     6  2899   437
 281 1577.4021  954.6102    27     6     6  2984   247
 282 1440.6825  954.8890    28     6     6  3449    76
 283 1734.4930  955.5523    24     6     5  1774   393
 284 1592.6824  956.3146    28     6     6  3083   258
 285 1455.5268  956.5219    26     6     5  3168    85
 286 1608.0507  957.7841    29     6     6  3157   290
 287 1470.4301  958.1772    28     6     6  3361   101
 288 1623.4530  959.4706    27     7     5  2883    -1
 289 1485.3447  959.6726    28     6     6  3312   130
 290 1638.9002  961.0949    31     6     6  3199   373
 291 1500.2866  961.3965    27     6     6  3196   150
 292 1366.5624  961.4877    22     5     5  2077    43
 293 1654.4161  962.6221    29     7     6  2940   325
 294 1515.3126  962.9394    28     6     6  3273   181
 295 1380.9976  962.9546    26     6     6  3163    28
 296 1670.0080  964.3732    29     6     6  3011   341
 297 1530.3814  964.5415    27     6     6  3061   170
 298 1395.5094  964.5460    25     5     5  3162    31
 299 1685.6199  965.8632    28     6     6  2909    -1
 300 1545.4756  966.2133    28     7     6  3165   210
 301 1410.1958  966.2494    28     6     6  3435    13
 302 1701.2599  967.5071    28     6     5  2816   408
 303 1424.7631  967.7225    28     6     6  3418    45
 304 1560.6132  967.7304    29     6     6  3182   235
 305 1716.9960  969.1916    30     6     6  2891    -1
 306 1439.5102  969.4438    24     5     5  3069    69
 307 1575.8820  969.4712    26     6     5  3038   237
 308 1732.6282  970.6040    25     6     5  1827   396
 309 1591.1836  971.0286    28     6     6  3129   272
 310 1454.3457  971.0724    28     6     6  3390    65
 311 1469.1332  972.5809    27     6     6  3302   103
 312 1606.4483  972.5963    28     7     6  2968   285
 313 1621.8224  974.3458    29     6     6  3091   287
 314 1484.0168  974.3762    28     6     6  3339   102
 315 1365.5871  975.5115    21     5     5  2003    77
 316 1498.9028  975.8524    29     6     6  3337   151
 317 1637.2692  975.8665    28     6     6  3029   307
 318 1379.9491  977.3746    27     6     6  3176     6
 319 1652.7681  977.5150    28     6     5  2937   321
 320 1513.8971  977.5167    26     6     5  3161   175
 321 1394.4659  978.8825    27     6     6  3371    12
 322 1668.2690  979.2307    30     6     6  3041   306
 323 1528.9490  979.2366    29     6     6  3272   164
 324 1409.0005  980.5174    26     6     5  3368    34
 325 1683.8458  980.7080    29     6     6  2974   388
 326 1544.0272  980.7189    29     6     6  3250   203
 327 1423.5878  982.2453    29     6     6  3409    52
 328 1559.1512  982.4588    26     6     5  3049   230
 329 1699.5007  982.4667    27     7     5  2730    -1
 330 1438.3829  983.7771    28     6     6  3356    54
 331 1715.1756  984.0775    30     6     6  2887   371
 332 1574.3820  984.1073    28     6     6  3129   221
 333 1453.0900  985.4701    26     6     5  3305    93
 334 1730.7627  985.6169    26     6     5  1890    -1
 335 1589.6060  985.6645    27     6     6  2973   261
 336 1467.8377  987.1732    29     6     6  3378   116
 337 1604.8900  987.4606    27     6     6  3027   250
 338 1482.6538  988.7002    27     6     6  3203   142
 339 1620.2337  989.0267    28     6     6  3067   283
 340 1364.5215  989.8423    23     5     6  2079   104
 341 1497.5757  990.4618    25     6     5  2980   145
 342 1635.6089  990.6155    27     6     6  2874   298
 343 1378.8206  991.5556    25     6     5  3050    53
 344 1512.5151  992.1180    27     6     6  3138   165
 345 1651.0306  992.4026    28     6     6  3002   300
 346 1393.3930  993.3044    27     6     6  3303     4
 347 1527.5280  993.6602    26     6     6  2979    -1
 348 1666.5251  993.9634    30     7     6  3056   448
 349 1407.8317  994.7985    26     6     6  3293    58
 350 1542.5797  995.4300    25     6     5  2907   193
 351 1682.0582  995.5301    27     6     5  2878   386
 352 1422.4935  996.5092    25     5     5  3093    66
 353 1557.6481  997.0493    28     6     6  3135   222
 354 1697.7080  997.3578    28     6     6  2828   395
 355 1437.1921  998.2526    27     6     6  3302    48
 356 1572.8298  998.5933    28     6     6  3104   243
 357 1713.3113  998.9031    28     6     6  2762   445
 358 1451.7959  999.7793    27     6     6  3273    98
 359 1588.0414 1000.4382    27     6     6  3064   239
 360 1728.9351 1000.5308    26     6     5  1916    -1
 361 1466.5824 1001.5185    25     6     5  3033   119
 362 1603.3174 1002.0290    28     6     6  3092   259
 363 1481.4366 1003.2856    26     6     6  3114   108
 364 1618.5888 1003.6424    27     6     6  2916   275
 365 1363.4836 1004.2293    24     5     6  2116   140
 366 1496.3086 1004.8209    29     6     6  3273   127
 367 1633.9503 1005.4567    26     6     5  2939   276
 368 1377.7684 1005.6622    26     6     6  3051    68
 369 1511.2017 1006.5033    26     6     5  3097   162
 370 1649.3543 1007.0433    28     6     6  2992   316
 371 1392.3362 1007.4452    25     6     5  3185     2
 372 1526.1809 1008.2827    29     6     6  3208   157
 373 1664.7952 1008.6118    29     6     6  2971   315
 374 1406.7165 1009.1412    28     6     6  3354    25
 375 1541.1650 1009.8191    30     6     6  3255   197
 376 1680.2845 1010.4303    28     6     5  2834   383
 377 1421.4047 1010.6995    27     6     6  3250    49
 378 1556.2282 1011.5076    26     6     5  3000   216
 379 1695.8904 1012.1143    31     6     6  3028   454
 380 1435.9477 1012.4955    26     6     5  3299    39
 381 1571.3613 1013.3120    28     6     6  3065   240
 382 1711.4572 1013.6664    26     7     6  2586    -1
 383 1450.5628 1014.2487    27     6     6  3228    59
 384 1586.4934 1014.8917    28     7     6  3067   260
 385 1727.1265 1015.4346    25     6     5  1831    -1
 386 1465.4039 1015.8061    28     6     6  3262    91
 387 1601.7004 1016.5556    27     6     5  2932   266
 388 1480.1466 1017.5116    26     6     5  3190   120
 389 1362.5021 1018.3535    22     5     5  2035   129
 390 1616.9845 1018.3911    28     6     6  3043   267
 391 1494.9597 1019.3243    28     6     6  3238   118
 392 1376.7487 1019.8154    27     6     6  3075    62
 393 1632.3123 1019.9897    28     6     6  3009   280
 394 1509.7802 1020.8971    27     6     6  3138   156
 395 1391.2371 1021.5305    26     6     5  3232    22
 396 1647.6666 1021.6157    27     6     6  2845   311
 397 1524.7211 1022.5714    25     6     5  2973   171
 398 1405.5772 1023.3860    26     6     6  3178    35
 399 1663.0818 1023.4571    26     6     5  2840   329
 400 1539.6821 1024.4004    27     6     6  3047   173
 401 1420.2208 1025.0241    27     6     6  3277    40
 402 1678.5809 1025.1102    28     6     6  2883   375
 403 1554.7212 1026.0371    28     6     6  3100   200
 404 1434.7000 1026.6191    27     6     6  3230    64
 405 1694.1076 1026.7010    29     6     6  2918   446
 406 1569.8032 1027.6477    29     6     6  3122   238
 407 1449.4352 1028.4476    26     6     5  3074    71
 408 1709.6542 1028.4634    27     6     5  2634   336
 409 1584.9765 1029.4718    26     6     5  3004   224
 410 1464.1438 1030.1921    26     6     6  3164    75
 411 1725.2500 1030.3196    24     6     5  1760    -1
 412 1600.1618 1031.1966    29     6     6  3085   255
 413 1478.7868 1031.7748    27     6     6  3177   124
 414 1361.5264 1032.4155    22     5     5  2047    84
 415 1615.3889 1032.7765    28     6     6  2984   279
 416 1493.5919 1033.5439    26     6     5  3009   139
 417 1375.7119 1033.9426    27     6     6  3049    55
 418 1630.6633 1034.5353    28     6     5  2900   273
 419 1508.4753 1035.3616    24     5     6  2898   135
 420 1390.1068 1035.6305    27     6     6  3288    21
 421 1646.0026 1036.3917    28     6     6  2960   289
 422 1523.3958 1036.9963    28     6     6  3147   153
 423 1404.5022 1037.4733    24     5     5  3035    32
 424 1661.3871 1037.9990    28     6     6  2941   343
 425 1538.3575 1038.6234    27     6     6  3027   194
 426 1419.0794 1039.2153    27     6     6  3257    41
 427 1676.8336 1039.6134    29     6     6  2940   428
 428 1553.3098 1040.4538    25     6     5  2875   192
 429 1433.5560 1040.8021    25     5     6  3107    86
 430 1692.3059 1041.4547    28     6     5  2791    -1
 431 1568.3712 1042.2260    27     6     6  2996   198
 432 1448.2530 1042.5432    26     6     5  3130    95
 433 1707.8064 1043.2341    29     6     6  2785   402
 434 1583.4555 1043.8051    28     6     6  3019   219
 435 1462.8160 1044.4322    26     6     5  3129    97
 436 1723.3447 1044.7356    24     5     6  1773   363
 437 1598.5639 1045.5541    26     6     5  2817   262
 438 1477.5145 1046.1409    26     5     6  3099   107
 439 1360.5557 1046.2379    22     5     5  1657   189
 440 1613.7503 1047.4185    27     6     5  2920   257
 441 1492.3495 1047.7404    28     6     6  3168   137
 442 1374.7184 1047.8843    24     5     6  2285   134
 443 1629.0256 1049.1085    29     6     6  3031   286
 444 1507.1355 1049.5191    26     6     5  3078   141
 445 1389.0028 1049.6430    25     6     5  2698    96
 446 1644.3306 1050.7091    28     6     6  2911   305
 447 1521.9808 1051.3800    27     6     6  3066   146
 448 1403.4803 1051.4369    22     5     5  2670    72
 449 1659.6975 1052.5229    27     6     5  2788   346
 450 1536.8519 1053.0115    27     6     6  3004   168
 451 1417.8650 1053.2762    28     6     6  3178    46
 452 1675.0949 1054.3907    28     6     6  2864   423
 453 1551.7982 1054.6702    27     6     6  2983   208
 454 1432.4347 1054.9890    27     6     6  3217    38
 455 1690.5531 1056.0461    28     6     6  2832   427
 456 1566.8130 1056.5085    26     6     5  2952   213
 457 1446.9342 1056.6567    28     6     6  3270    60
 458 1705.9962 1057.6495    28     6     6  2718   312
 459 1581.9010 1058.3454    29     6     6  3061   214
 460 1461.5568 1058.4989    25     6     5  3010    83
 461 1721.3766 1059.4691    21     5     5  1601   394
 462 1597.0073 1059.9902    29     6     6  3035   229
 463 1476.3028 1060.3256    28     6     6  3200    73
 464 1612.1874 1061.6596    28     6     6  2929   264
 465 1490.9631 1062.0014    28     6     6  3177   128
 466 1627.3930 1063.4986    25     6     5  2680   291
 467 1505.7070 1063.6587    27     6     6  3070   155
 468 1642.6308 1065.3526    27     6     6  2795   317
 469 1520.5485 1065.5006    25     6     5  2857   154
 470 1657.9887 1067.0407    29     6     6  2911    -1
 471 1535.4640 1067.3602    25     6     6  2859   152
 472 1673.3714 1068.6893    28     6     6  2800   379
 473 1550.3996 1069.0574    28     6     6  3063   169
 474 1688.7815 1070.5182    26     6     5  2675   429
 475 1565.3870 1070.6975    27     6     6  2970   207
 476 1704.1899 1072.4036    27     6     5  2585   352
 477 1580.3939 1072.5221    26     6     5  2883   211
 478 1719.5280 1074.1940    23     5     6  1650    -1
 479 1431.9857 1074.2571     5     3     2   320    -1
 480 1595.4517 1074.3976    25     6     5  2783   231
 481 1610.5601 1076.1550    28     6     6  2965   228
 482 1625.7290 1077.7801    27     6     6  2839   263
 483 1640.9691 1079.5731    26     6     5  2805   292
 484 1656.2787 1081.4247    25     6     5  2565   313
 485 1671.5741 1083.2643    26     6     6  2420   345
 486 1401.3846 1084.6538     6     2     4   326   456
 487 1686.9676 1084.9040    25     6     6  2161   361
 488 1702.4053 1086.5293    23     5     5  1900   392
 489 1717.5591 1088.3591    22     6     5  1320   404
 490 1645.6651 1100.2123    13     4     4   862   406
 491 1685.1785 1101.5217   126    33     8  7454   125
 492 1664.5000 1101.9722     6     3     2   408    -1
 493 1664.7564 1109.0128    13     4     5   728   465
