490
   0  653.5172  701.7069     7     3     3   466   399
   1  624.4065  702.2887   100    26     7  5866   199
   2  871.0556  711.5000     6     4     3   318    -1
   3  870.2885  716.5577     6     3     3   352    -1
   4  597.6212  717.2273    12     3     4   666    -1
   5  609.8785  718.0489    15     4     4  1067    -1
   6  622.0216  718.9870    18     4     6  1479    -1
   7  634.4275  720.0462    21     5     6  1753   383
   8  646.8969  721.1210    21     5     6  1889   362
   9  659.3022  722.1304    22     5     6  2101   341
  10  879.8768  723.0889   252    49    15 16207    -1
  11  671.7637  723.2109    23     5     6  2212   361
  12  684.3257  724.2979    22     5     5  2253   325
  13  696.8921  725.3735    22     6     5  2286   321
  14  709.5000  726.3814    23     5     5  2415   411
  15  722.1905  727.4728    24     6     5  2486   409
  16  734.8925  728.4885    23     6     5  2452    -1
  17  747.6593  729.5478    22     5     5  2481   241
  18  760.4647  730.6010    23     5     5  2566   226
  19  598.2109  730.8320    16     4     5  1056    -1
  20  773.3117  731.6571    25     5     6  2657   195
  21  610.3880  731.8003    19     5     5  1566    -1
  22  786.2034  732.7484    24     6     6  2633   184
  23  622.6842  732.8140    21     5     5  1897    -1
  24  799.1477  733.8612    26     6     6  2759   173
  25  635.0364  733.8885    22     6     6  1952   372
  26  812.0991  734.9700    27     6     6  2869   147
  27  647.4258  734.9836    22     5     6  2016   360
  28  825.0949  736.0904    27     6     6  2920   136
  29  659.8638  736.1330    22     5     6  2051   339
  30  672.3515  737.1922    22     5     5  2130   330
  31  838.1151  737.1927    26     6     6  2872   114
  32  684.8469  738.2909    22     5     5  2181   314
  33  851.2186  738.3247    26     6     6  2789   142
  34  697.4052  739.3745    22     5     5  2271   299
  35  864.3324  739.4173    22     5     5  2502   146
  36  709.9864  740.4643    23     6     5  2326   282
  37  877.4985  740.4783    22     5     5  2439   134
  38  890.7013  741.5064    22     5     5  2198   127
  39  722.6632  741.5119    22     5     5  2362   276
  40  735.3020  742.5673    23     5     5  2443   259
  41  904.0067  742.6486    18     4     5  1425   198
  42  748.0683  743.6163    23     6     5  2431   245
  43  598.9786  744.6673    16     4     5  1057   394
  44  760.8293  744.6890    24     6     6  2512   224
  45  611.0748  745.5913    18     4     5  1535    -1
  46  773.6599  745.8496    24     5     6  2576   202
  47  623.2846  746.6935    19     5     5  1818    -1
  48  786.5377  746.9900    24     5     6  2604   193
  49  635.6515  747.7788    21     5     5  1954   353
  50  799.4315  748.1311    24     5     6  2645   186
  51  648.0563  748.8764    22     6     6  2006   349
  52  812.3827  749.2627    24     5     6  2700   163
  53  660.4244  749.9808    23     5     6  2115   334
  54  825.3712  750.3776    22     5     5  2660   160
  55  672.8867  751.1362    22     6     6  2106   305
  56  838.3670  751.4394    22     5     5  2717   144
  57  685.3876  752.2416    22     5     5  2203   307
  58  851.4111  752.4971    23     5     5  2848   116
  59  697.9017  753.3917    22     6     5  2245   285
  60  864.4904  753.5368    23     5     5  2917    86
  61  710.4765  754.4376    23     5     5  2383   271
  62  877.6305  754.6074    23     5     6  2928    65
  63  723.1000  755.5309    23     6     5  2380   283
  64  890.7917  755.7055    25     6     6  2827    67
  65  735.7500  756.5932    22     5     5  2388   262
  66  903.9901  756.7906    19     4     6  1762   103
  67  748.4592  757.6947    22     5     5  2425   246
  68  599.6043  758.0877    13     4     4   861    -1
  69  761.2339  758.8282    23     6     6  2454   233
  70  611.8668  759.3605    19     5     5  1588    -1
  71  774.0415  759.9872    26     6     6  2626   218
  72  623.9679  760.4729    21     6     5  1937    -1
  73  786.8389  761.1880    24     6     6  2575   211
  74  636.2276  761.5823    20     5     5  1936   350
  75  799.7329  762.3077    25     5     6  2680   205
  76  648.6335  762.6961    22     5     5  2074   335
  77  812.6357  763.4249    23     5     5  2668   413
  78  661.0109  763.8063    24     6     6  2163   308
  79  825.5778  764.4844    23     5     5  2756    -1
  80  673.4085  764.9450    22     5     6  2127   304
  81  838.5542  765.5651    23     5     5  2810   243
  82  685.8710  766.1309    24     6     6  2262   298
  83  851.5680  766.6419    24     5     6  2891    92
  84  698.4088  767.2565    22     5     5  2262   278
  85  864.6305  767.7639    24     5     6  2939    82
  86  710.9360  768.4071    23     6     5  2345   265
  87  877.7674  768.9363    25     6     6  3015    54
  88  723.5552  769.4862    23     5     5  2455   250
  89  890.9230  770.1211    25     6     6  2815    40
  90  736.1630  770.5811    22     6     5  2370   231
  91  904.0827  771.2526    20     5     5  1865   112
  92  748.8438  771.6524    23     6     5  2456   207
  93  600.3361  772.0126    15     4     4   988    -1
  94  761.5996  772.8636    24     5     6  2556   196
  95  612.4340  773.0104    19     5     5  1526    -1
  96  774.3737  774.0283    23     5     6  2528   174
  97  624.6647  774.2097    20     5     5  1868    -1
  98  787.2127  775.2489    24     6     6  2606   169
  99  636.8998  775.3804    20     5     5  1928   356
 100  800.0153  776.3962    23     6     5  2586   157
 101  649.1855  776.5010    21     5     5  2039   338
 102  812.8842  777.4710    25     6     5  2731   140
 103  661.5691  777.6187    22     5     5  2128   303
 104  825.7838  778.5378    24     6     5  2761   121
 105  673.9643  778.6969    23     6     5  2186   290
 106  838.7270  779.6371    24     6     6  2812   101
 107  686.3863  779.8812    23     5     6  2223   292
 108  851.7394  780.8257    25     6     6  2917    90
 109  698.8524  781.1268    21     5     6  2154   263
 110  864.8023  782.0156    25     6     6  2947    74
 111  711.4334  782.2640    22     5     5  2316   249
 112  877.9378  783.2409    26     6     6  3029    26
 113  723.9537  783.4347    23     6     5  2391   234
 114  891.0792  784.3868    24     6     5  2790    60
 115  736.5948  784.5202    23     5     5  2489   219
 116  904.2199  785.5271    21     5     5  1971    76
 117  749.2392  785.6152    23     5     5  2469   201
 118  601.0000  785.6758    16     4     5  1056    -1
 119  613.0868  786.7397    17     4     5  1455    -1
 120  761.9641  786.7653    25     6     6  2573   176
 121  625.2401  787.8365    19     5     5  1785   431
 122  774.6873  788.0243    23     5     6  2506   170
 123  637.5126  789.0552    21     5     6  1920   364
 124  787.4867  789.2184    24     5     6  2631   162
 125  649.8132  790.2304    21     5     5  1992   320
 126  800.3407  790.3931    22     5     5  2588   141
 127  662.1231  791.4050    21     5     5  2061   315
 128  813.1789  791.4980    24     6     5  2701   130
 129  674.5074  792.5184    23     5     5  2238   281
 130  826.0511  792.5938    24     6     5  2735   109
 131  686.9075  793.6181    23     6     5  2242   266
 132  838.9752  793.7185    25     6     6  2843    95
 133  699.3429  794.8097    21     5     6  2164   251
 134  851.9557  794.9557    27     6     6  2985    80
 135  711.8701  796.0769    23     6     6  2301   232
 136  864.9988  796.1981    26     6     6  2976    48
 137  724.4354  797.2552    22     5     5  2354   225
 138  878.1002  797.3824    25     6     6  3001    38
 139  736.9898  798.4347    23     6     5  2422   214
 140  891.2139  798.4842    22     5     5  2687    44
 141  601.6830  799.0312    14     4     4   924   436
 142  749.6653  799.5384    22     5     5  2455   192
 143  904.2427  799.6027    20     5     5  1925    52
 144  613.8650  800.2846    19     5     5  1572   397
 145  762.3128  800.6723    23     5     5  2491   168
 146  625.9151  801.5079    20     5     5  1889   351
 147  775.0577  801.8523    24     6     6  2534   153
 148  638.1234  802.6407    20     5     5  1924   354
 149  787.7782  803.1474    23     6     6  2534   148
 150  650.3561  803.8143    20     5     5  1945    -1
 151  800.5853  804.3395    22     5     5  2577   135
 152  662.7127  805.0631    22     5     6  2059    -1
 153  813.4149  805.4666    23     5     5  2737   113
 154  675.0108  806.2662    22     6     5  2118   287
 155  826.3020  806.5796    23     5     5  2721   104
 156  687.4211  807.4211    22     5     5  2228   342
 157  839.1983  807.7666    24     6     6  2768    77
 158  699.8534  808.5506    21     5     5  2196   345
 159  852.1753  809.0117    25     6     6  2870    59
 160  712.2947  809.7466    20     5     5  2164   239
 161  865.1798  810.2757    26     6     6  3021    31
 162  724.8232  811.0102    24     6     6  2382   221
 163  878.2468  811.4420    24     6     5  2977   401
 164  737.4271  812.2216    22     5     5  2375   238
 165  891.2969  812.5352    22     5     5  2720    27
 166  602.4273  812.8000    15     4     5   970   390
 167  750.0214  813.4266    23     6     5  2458   183
 168  904.3304  813.6905    19     5     5  1858    94
 169  614.3701  813.9017    19     5     5  1535   382
 170  762.6845  814.5384    22     5     5  2482   158
 171  626.5440  815.0482    20     5     5  1819   374
 172  775.3595  815.7173    23     5     5  2517    -1
 173  638.7547  816.2431    20     5     5  1907   367
 174  788.1218  816.9269    26     6     6  2675   120
 175  650.9557  817.4412    21     6     5  2020   352
 176  800.8709  818.2495    24     6     6  2621   102
 177  663.1964  818.6254    20     5     5  2021   347
 178  813.6723  819.4204    23     5     5  2682   247
 179  675.5390  819.8450    21     5     5  2076   291
 180  826.5098  820.5510    23     5     5  2776    87
 181  687.9143  821.0905    22     6     6  2133   343
 182  839.4091  821.6950    24     5     6  2795   395
 183  700.3312  822.3000    22     5     5  2255   336
 184  852.3472  822.9880    24     5     6  2823    -1
 185  712.8036  823.4637    22     5     5  2312   327
 186  865.3549  824.2765    24     5     6  2909    37
 187  725.2317  824.6621    20     5     5  2215   333
 188  878.3625  825.4495    22     5     5  2903   402
 189  737.7952  825.8997    24     5     6  2396   317
 190  603.1468  826.0915    14     4     4   935   393
 191  891.3862  826.5624    23     5     5  2784    -1
 192  750.4242  827.1740    21     5     5  2317   313
 193  615.0518  827.2912    18     4     5  1489   355
 194  904.4494  827.7713    21     5     5  1920   404
 195  763.0157  828.4042    23     6     5  2455   427
 196  627.1187  828.5259    20     5     5  1889   324
 197  775.7014  829.5122    22     5     5  2495   312
 198  639.2885  829.7602    20     5     5  1903   410
 199  788.4000  830.7134    22     5     5  2520   328
 200  651.5410  830.9834    20     5     5  1902   279
 201  801.1743  831.9860    25     6     6  2647    -1
 202  663.7886  832.2366    19     5     5  1941   270
 203  813.9198  833.3052    22     6     5  2553    -1
 204  676.0810  833.4600    23     6     5  2200   370
 205  826.7270  834.4598    22     5     5  2668   385
 206  688.3688  834.6511    22     5     5  2205   433
 207  839.5809  835.6211    22     5     5  2743    -1
 208  700.7788  835.8941    22     5     6  2176   220
 209  852.5121  836.8732    25     5     6  2898    -1
 210  713.2469  837.1549    22     5     5  2230   260
 211  865.4649  838.2022    24     5     6  2909    -1
 212  725.7206  838.3760    23     5     5  2392   252
 213  878.4807  839.4003    23     5     5  2965    22
 214  738.2065  839.5882    21     5     5  2297   180
 215  603.8305  839.6845    14     4     5   933   388
 216  891.4752  840.5581    22     5     5  2751    -1
 217  750.7790  840.7471    22     5     5  2290   437
 218  615.8267  840.8394    19     5     5  1501   346
 219  904.5349  841.7934    21     5     5  1909   424
 220  627.8159  842.0069    20     5     5  1801   306
 221  763.3904  842.0988    23     5     6  2436    -1
 222  639.9309  843.2143    21     6     5  1918    -1
 223  776.0151  843.3797    23     6     5  2472   137
 224  652.1015  844.4865    20     5     5  1961   269
 225  788.7049  844.5306    22     5     5  2540    -1
 226  664.2992  845.7139    20     5     5  1996   274
 227  801.4163  845.7252    22     5     5  2534    -1
 228  676.5953  846.9554    21     5     5  2036    -1
 229  814.2046  847.0335    25     6     6  2699    99
 230  750.9020  847.5414    26     6     5  2678   117
 231  688.8996  848.2269    22     6     5  2151   228
 232  826.9537  848.3548    23     6     5  2651    -1
 233  701.2478  849.4775    22     5     5  2258   200
 234  839.7821  849.5057    23     6     5  2738    57
 235  852.6488  850.6791    22     5     5  2747    33
 236  713.6792  850.6851    22     5     5  2283   188
 237  726.1134  851.9466    23     6     6  2283   177
 238  865.6162  852.0286    24     5     6  2878   384
 239  604.4861  852.9815    13     4     4   866   391
 240  738.6365  853.2516    21     5     5  2266   182
 241  878.5984  853.3498    23     5     5  2908    21
 242  616.3315  854.0185    18     5     5  1440   358
 243  891.5791  854.4927    22     5     5  2744    28
 244  751.1266  854.5359    20     5     5  2197   181
 245  756.6819  855.0485    13     4     4  1403   286
 246  628.3828  855.3535    22     5     5  1953   301
 247  763.7579  855.6808    22     5     5  2372   138
 248  904.6653  855.7200    22     5     5  1959    66
 249  640.4956  856.6289    22     5     5  2000   296
 250  776.3553  856.9965    23     5     6  2449   132
 251  652.6801  857.8989    21     5     5  1955   284
 252  788.9866  858.3221    23     6     5  2527   106
 253  664.8761  859.1621    20     5     5  1944   264
 254  801.6959  859.4905    22     5     5  2575   105
 255  677.1060  860.4487    21     5     5  2083   253
 256  814.4073  860.7080    22     5     5  2557    64
 257  689.3766  861.6989    21     5     5  2136   216
 258  827.2167  862.0461    25     6     6  2715    56
 259  701.7623  862.9782    21     5     6  2106   215
 260  840.0010  863.3783    24     6     5  2745    47
 261  714.1221  864.2938    23     6     5  2280   189
 262  852.8364  864.5336    24     6     5  2835    34
 263  726.5405  865.5146    22     5     5  2334   185
 264  865.7263  865.7669    24     5     6  2901    23
 265  605.1916  866.1211    14     4     4   927   429
 266  739.0280  866.7403    22     6     5  2261   159
 267  878.7191  867.1324    23     5     6  2880     5
 268  617.0400  867.4017    18     4     5  1500   408
 269  751.5338  868.1042    22     5     6  2285   154
 270  891.6703  868.4067    22     5     5  2697    11
 271  629.0086  868.6944    21     6     5  1868   297
 272  764.0833  869.4084    23     6     5  2405   152
 273  904.8006  869.5580    21     5     5  1895    88
 274  641.1012  869.9683    19     5     5  1770   254
 275  776.6715  870.5880    22     5     5  2453   119
 276  653.2130  871.2424    22     5     5  2020   392
 277  789.2925  871.8466    22     5     6  2430    97
 278  665.4019  872.5436    22     5     5  2109   268
 279  801.9360  873.2515    22     6     5  2460    79
 280  677.6247  873.8531    21     5     5  2044    -1
 281  814.6787  874.4600    22     5     5  2600    75
 282  689.8800  875.1454    20     5     5  2021   428
 283  827.4131  875.6831    22     5     5  2607    63
 284  702.1765  876.4553    21     5     5  2169   222
 285  840.2331  877.0325    25     6     6  2760    29
 286  714.5278  877.7056    22     5     5  2253    -1
 287  853.0288  878.3865    24     6     5  2813    19
 288  726.9332  879.0297    21     6     6  2128   175
 289  605.7333  879.3667    16     4     5  1010   406
 290  865.9038  879.5587    24     6     5  2904    10
 291  739.3984  880.3323    22     5     5  2340   171
 292  617.6649  880.7222    19     5     5  1508   348
 293  878.8064  880.8251    25     6     6  2957     6
 294  751.8973  881.5488    22     6     5  2351   373
 295  629.6088  882.0032    18     5     4  1681   322
 296  891.7908  882.2397    20     5     5  2475    16
 297  764.3953  882.8325    22     5     5  2342   139
 298  641.7158  883.2424    19     5     5  1835    -1
 299  904.8541  883.4059    18     5     5  1750    55
 300  776.9451  884.2437    22     6     5  2376   110
 301  653.8400  884.5400    21     5     5  2000   280
 302  789.6054  885.4726    23     5     5  2573   412
 303  665.9639  885.9029    18     5     5  1801   257
 304  802.2199  886.7294    21     5     5  2410    98
 305  678.1370  887.1774    22     5     5  2067    -1
 306  814.8885  888.1529    22     6     6  2477    73
 307  690.3501  888.4991    22     5     5  2194   240
 308  827.6484  889.4271    23     5     5  2686   340
 309  702.6647  889.8340    21     5     5  2125   210
 310  840.3902  890.6332    22     5     5  2676    36
 311  714.9654  891.1427    21     6     5  2105   389
 312  853.2190  891.9797    25     6     6  2830    25
 313  727.3134  892.4444    22     5     5  2306   187
 314  606.3915  892.5519    15     4     5   962   371
 315  866.0447  893.3835    24     6     5  2865   309
 316  739.7416  893.7099    22     5     5  2296   172
 317  618.2273  893.9474    17     5     4  1411   319
 318  878.9759  894.5649    23     6     5  2875     1
 319  752.2727  895.0626    22     5     6  2266   376
 320  630.1429  895.1252    21     5     5  1837   426
 321  891.8667  895.8924    24     6     6  2678     4
 322  764.7760  896.3975    21     5     5  2347   131
 323  642.2114  896.5180    21     5     5  1937   256
 324  904.8637  897.2923    20     5     5  1833   363
 325  777.2727  897.6710    21     5     5  2348   123
 326  654.3322  897.8557    20     5     5  1894   230
 327  789.8752  899.0485    23     6     6  2408   107
 328  666.5042  899.1448    21     5     5  1993    -1
 329  802.5090  900.3755    22     5     5  2538    70
 330  678.6832  900.4846    22     5     5  2137   209
 331  815.1707  901.6206    22     6     5  2518    62
 332  690.8965  901.8496    22     5     5  2081   381
 333  827.8300  903.0186    25     6     6  2650    51
 334  703.1044  903.1392    22     5     5  2106   377
 335  840.5996  904.3541    22     5     5  2676    35
 336  715.3874  904.4983    22     5     5  2246   166
 337  853.3608  905.5964    23     5     5  2809    18
 338  727.7799  905.8389    22     5     5  2186   418
 339  606.9758  905.8965    14     4     4   927   366
 340  866.2196  906.9062    22     5     6  2705    14
 341  618.9760  907.0314    15     4     4  1292   422
 342  740.1937  907.1705    22     5     5  2223   359
 343  630.8220  908.3196    19     5     5  1776   396
 344  879.1006  908.3760    24     6     5  2950     9
 345  752.6185  908.4700    22     5     5  2366   133
 346  891.9489  909.5558    23     6     5  2656     0
 347  642.8964  909.7310    22     5     5  1940   235
 348  765.1370  909.7848    21     6     5  2251   415
 349  904.9588  910.9175    17     4     5  1626    83
 350  654.9106  911.0282    19     5     5  1783    -1
 351  777.6322  911.2051    21     5     5  2298   329
 352  666.9989  912.3989    21     6     5  1990   386
 353  790.1644  912.5233    22     6     5  2432    58
 354  679.1556  913.7565    19     5     5  1917   204
 355  802.7494  913.7915    22     5     5  2431   311
 356  691.3197  915.0564    21     5     5  2026   236
 357  815.4024  915.2362    22     5     5  2514   295
 358  703.6016  916.4396    21     5     5  2143   375
 359  828.0827  916.5231    24     6     5  2669     8
 360  840.7452  917.8073    24     6     6  2697   273
 361  715.8571  917.8185    22     5     5  2136   156
 362  607.7410  918.8949    13     4     4   845   379
 363  728.1641  919.1172    22     5     5  2145   369
 364  853.5306  919.2623    22     5     5  2703   255
 365  619.5210  920.0352    17     5     4  1375   300
 366  740.5526  920.4883    22     5     5  2297   357
 367  866.3452  920.5361    22     5     5  2818    30
 368  631.3813  921.4691    21     5     5  1859   275
 369  879.2038  921.8251    23     6     6  2811     7
 370  753.0094  921.8363    21     6     5  2171   403
 371  643.3755  922.8884    20     5     5  1811   261
 372  765.4299  923.1917    21     5     5  2263   344
 373  892.0106  923.3038    24     6     5  2663   244
 374  655.4570  924.1488    21     5     5  1910   237
 375  777.9316  924.5207    23     6     5  2408   332
 376  905.0062  924.5444    18     4     5  1710   430
 377  599.7670  925.1602    78     5    43  4106   434
 378  667.5158  925.5549    21     5     5  1997   213
 379  790.4255  925.8707    21     5     5  2299   414
 380  679.6704  926.9967    20     5     5  1904   217
 381  803.0026  927.3168    23     6     5  2471   310
 382  691.8094  928.3020    19     5     5  1965   191
 383  815.6320  928.5955    22     5     5  2555   302
 384  704.0455  929.6941    22     6     5  2110   165
 385  828.2799  929.9694    22     5     6  2504   432
 386  716.2461  931.0197    20     5     5  2016   179
 387  840.9621  931.3932    23     6     5  2667   289
 388  608.4062  931.8906    13     4     4   842   365
 389  728.6112  932.4194    21     5     5  2192   126
 390  853.6882  932.6571    22     5     5  2710   294
 391  620.0711  933.0752    16     4     4  1299   337
 392  740.9347  933.7892    23     6     5  2229   128
 393  866.4975  934.1166    24     5     6  2799    41
 394  631.9968  934.5473    19     5     5  1733   277
 395  753.3171  935.1376    21     5     5  2187   122
 396  879.3317  935.4578    22     5     5  2829   378
 397  643.9856  935.9633    18     5     5  1662   258
 398  765.7681  936.5179    22     5     5  2327    85
 399  892.1466  936.7507    20     5     5  2412   316
 400  655.9669  937.2810    22     6     5  1931   229
 401  778.2051  937.8598    21     5     5  2220    91
 402  904.9500  938.1705    18     4     5  1680   115
 403  668.0871  938.7262    19     5     5  1834   212
 404  790.7565  939.2995    21     5     5  2317    81
 405  680.0968  940.0430    19     5     5  1823   208
 406  803.2522  940.6324    22     5     5  2444    50
 407  692.2277  941.4820    21     5     5  2049   206
 408  815.8552  942.0737    23     6     6  2459    24
 409  704.4374  942.8867    20     5     5  1975   167
 410  828.4882  943.4339    22     5     5  2629    46
 411  716.7305  944.2435    19     5     5  1991   164
 412  841.1710  944.7573    21     6     5  2515   400
 413  608.9951  944.9126    13     4     4   856   380
 414  729.0047  945.6201    23     6     5  2216   145
 415  620.8314  946.0582    16     5     4  1307   323
 416  853.8344  946.2270    21     6     5  2563    12
 417  741.2897  947.0086    20     5     5  2046   118
 418  866.6397  947.5444    22     5     5  2768    32
 419  632.6010  947.5531    21     5     5  1822   272
 420  753.7127  948.4025    21     5     5  2230   125
 421  879.4168  948.9183    23     5     6  2785    -1
 422  644.5197  948.9639    18     5     4  1661   267
 423  766.1012  949.7774    21     6     5  2171   100
 424  656.5486  950.3114    20     5     5  1843   223
 425  892.2320  950.3779    22     5     5  2574    -1
 426  778.5447  951.2072    21     5     5  2259    71
 427  905.0420  951.6370    17     4     5  1660    -1
 428  668.5511  951.8171    21     5     5  1911   227
 429  791.0107  952.5557    23     6     5  2407    72
 430  680.6625  953.1652    19     5     5  1861   190
 431  803.5261  953.9905    24     5     6  2464    49
 432  692.7831  954.5819    22     5     5  2089   178
 433  816.0751  955.4297    23     6     5  2515    20
 434  704.9032  956.0168    18     5     4  1825   194
 435  828.6654  956.7509    22     5     5  2515    -1
 436  717.0992  957.4400    21     5     5  2083   149
 437  609.6750  957.5250    10     3     4   540   387
 438  841.3459  958.1863    22     5     5  2560    13
 439  729.3309  958.8180    20     5     5  2041   155
 440  621.2787  959.0205    14     4     4   944   368
 441  854.0399  959.5657    23     6     5  2702     2
 442  741.7054  960.2323    20     5     5  2076   143
 443  633.0957  960.4011    17     4     5  1315   318
 444  866.7626  961.0016    22     5     6  2623    -1
 445  754.0280  961.6077    22     6     5  2223   111
 446  645.0627  961.9336    15     4     4  1292   331
 447  879.5611  962.4018    22     5     5  2801    -1
 448  766.3814  963.0328    20     5     5  2096   124
 449  657.0229  963.2903    17     4     5  1527   293
 450  892.2708  963.7399    20     5     5  2409   420
 451  778.8108  964.4300    21     5     5  2279    78
 452  669.0560  964.7999    19     5     5  1727   248
 453  905.0396  965.1189    17     4     5  1582   288
 454  791.2568  965.8361    21     5     5  2267    84
 455  681.0679  966.1179    19     5     5  1790   242
 456  803.7798  967.2899    20     5     5  2290    69
 457  693.1706  967.6239    19     5     5  1894   197
 458  816.2752  968.6599    21     5     5  2420    45
 459  705.2968  968.9968    20     5     5  1930   203
 460  828.8685  970.1434    21     6     5  2385    39
 461  717.5124  970.4580    21     5     5  2098   161
 462  841.5136  971.5084    21     5     5  2591    17
 463  729.7699  971.9287    20     5     5  1982   150
 464  854.1680  972.8920    22     6     6  2549     3
 465  741.9644  973.3224    22     6     5  2153   151
 466  866.8786  974.3742    22     6     5  2682    15
 467  754.2976  974.7233    19     5     5  2047   129
 468  634.6834  975.3761    72    21     8  4189   326
 469  647.5435  975.7174     5     3     2   273    -1
 470  879.6271  975.7554    22     5     5  2721    -1
 471  766.7143  976.1915    21     5     5  2165   108
 472  892.3732  977.1980    22     5     5  2527    -1
 473  779.1088  977.5720    21     6     5  2231    96
 474  905.0421  978.5742    18     5     5  1695    -1
 475  791.5325  979.0308    21     5     5  2220    93
 476  648.1471  980.1471     6     4     2   334   439
 477  803.9981  980.4635    23     6     5  2437    68
 478  816.5256  981.8868    21     5     5  2340    61
 479  669.9597  982.4758     6     2     3   424   398
 480  829.0790  983.3219    24     6     5  2497    42
 481  841.6652  984.7511    22     5     5  2462    53
 482  854.3100  986.1590    22     5     5  2405    43
 483  867.0192  987.5938    19     5     5  2123    89
 484  655.1667  988.9000     9     6     2   480   441
 485  879.7349  989.0708    20     5     5  2060   407
 486  892.4220  990.4632    21     5     5  1947    -1
 487  905.1016  991.8931    15     4     4  1129    -1
 488  864.5078 1004.3353    26     8     6  1555    -1
 489  884.1442 1005.7962   213    37    14 13952    -1
