460
   0  476.9706  687.2059     6     2     3   334   370
   1  281.7000  689.5286     9     3     3   485    -1
   2  292.9483  690.6207     9     4     4   508    -1
   3  304.3649  691.7973    10     4     4   611    -1
   4  497.8542  692.0417    18     6     5   996    -1
   5  315.5065  692.6742    11     3     4   705    -1
   6  326.7567  693.6765    13     4     4   837   246
   7  513.3362  693.7730    62    24     5  3393    58
   8  338.2892  694.7059    14     4     4   904   242
   9  349.6681  695.7328    13     4     4   882   381
  10  361.0399  696.6445    16     4     5  1063   192
  11  372.5968  697.7222    16     5     5  1079   357
  12  384.1080  698.6574    16     4     5  1124   144
  13  395.7130  699.6598    17     5     5  1188   389
  14  407.3027  700.5811    19     5     5  1320   119
  15  418.9904  701.6340    18     4     5  1318   109
  16  271.9231  702.2692     8     3     4   426    -1
  17  430.6171  702.6014    18     5     5  1344    96
  18  282.9492  702.9746    13     4     4   768    -1
  19  442.3487  703.5546    19     5     5  1426    81
  20  294.3516  703.9922    12     4     4   728    -1
  21  454.0931  704.5422    19     5     5  1471    41
  22  305.5217  705.0290    11     3     4   688    -1
  23  465.9404  705.5722    19     5     5  1504    37
  24  316.6887  706.0094    12     4     4   759    -1
  25  477.7510  706.5623    20     5     5  1514    33
  26  328.0904  706.9947    14     4     4   888   216
  27  489.5814  707.5626    18     5     5  1379    18
  28  339.3827  707.9949    13     4     4   846   198
  29  501.4594  708.5167    17     5     5  1269    15
  30  350.7800  708.9578    14     4     4   925   182
  31  513.4464  709.5643    17     5     5  1223    22
  32  362.2593  710.0270    14     4     4   941   356
  33  525.3517  710.5483    15     4     5  1040    38
  34  373.6822  710.9651    15     4     4  1008    -1
  35  537.3904  711.6370    11     3     5   623   114
  36  385.1983  712.0559    15     4     4  1045   190
  37  396.8344  713.0187    15     4     4  1070   121
  38  408.3580  714.0378    15     5     4  1081   134
  39  420.0207  715.0000    15     4     4  1136   349
  40  273.3333  715.5556     8     3     3   418    -1
  41  431.7732  716.0363    16     5     4  1199   101
  42  284.4900  716.5000    10     3     4   600   396
  43  443.3442  717.0535    18     5     4  1330    66
  44  295.5952  717.4238     9     3     3   555    -1
  45  455.0817  718.0556    17     4     5  1309    43
  46  306.6333  718.4000    11     4     4   670    -1
  47  466.9440  719.1051    16     4     5  1309    39
  48  317.9599  719.4124    11     4     4   687    -1
  49  478.7356  720.1252    19     5     5  1489    14
  50  329.4658  720.5000    11     4     4   696   405
  51  490.5337  721.1365    20     5     5  1564     6
  52  340.6317  721.4461    12     4     4   767   245
  53  502.3870  722.1387    20     5     5  1584     2
  54  352.0253  722.4394    14     4     5   898   220
  55  514.3151  723.1833    21     5     5  1672     1
  56  363.4128  723.4954    15     4     5   968   237
  57  526.2461  724.1880    19     5     5  1466    10
  58  374.8680  724.5640    15     4     5  1000   376
  59  538.2000  725.1143    14     4     5   910    68
  60  386.3797  725.5902    16     5     5  1066   153
  61  397.9332  726.6792    16     4     5  1107   138
  62  409.5394  727.6606    17     5     5  1180   111
  63  274.7609  728.5000     8     3     3   423    -1
  64  421.0851  728.7580    16     4     5  1176   226
  65  285.5909  729.4293     9     3     3   549    -1
  66  432.8150  729.8025    18     5     5  1300    86
  67  296.6743  730.4817    12     4     4   709    -1
  68  444.4618  730.7601    19     5     5  1369    54
  69  308.0591  731.6181    11     4     4   677   294
  70  456.1234  731.8426    16     4     5  1270    45
  71  319.3603  732.7574    11     4     4   686    -1
  72  467.9637  732.8730    16     4     5  1296    47
  73  330.5552  733.7147    11     3     4   713   391
  74  479.6969  733.8799    19     5     5  1458    21
  75  341.8112  734.8163    13     4     4   846   224
  76  491.4655  734.9036    20     5     5  1550    19
  77  353.2053  735.8865    14     4     4   907    -1
  78  503.2929  735.9250    18     5     5  1460     4
  79  364.5979  736.8702    14     5     4   935   230
  80  515.2372  736.9283    18     5     5  1486     0
  81  376.0328  737.9380    14     4     4   974    -1
  82  527.1444  737.9519    16     5     4  1309     8
  83  387.5074  738.9485    14     5     4   972   140
  84  539.1652  739.0249    14     4     4   921    62
  85  399.0235  739.9953    14     4     4  1019   136
  86  410.6033  740.9985    16     5     4  1129   353
  87  275.9762  741.5000     7     3     3   371    -1
  88  422.1371  742.0457    15     4     4  1122    89
  89  286.9362  742.6489    11     4     4   644   374
  90  433.8275  743.0550    16     5     4  1200    57
  91  298.1752  743.7906    11     4     4   667   269
  92  445.4236  744.1014    18     5     4  1319    35
  93  309.3769  744.8538    11     4     4   680   325
  94  457.0841  745.1509    16     4     5  1264    27
  95  320.4865  745.8986    11     3     4   698    -1
  96  468.9294  746.2356    17     4     5  1353    16
  97  331.6529  746.9882    13     4     4   820   233
  98  480.6458  747.3336    19     5     5  1485     7
  99  343.0245  748.0000    14     4     4   904   383
 100  492.4215  748.3960    19     5     5  1498    11
 101  354.3720  749.0782    13     4     4   861    -1
 102  504.1911  749.4812    20     5     5  1586     9
 103  365.6878  750.0808    15     4     4   979   257
 104  516.1103  750.5031    20     5     5  1639     3
 105  377.1926  751.1615    13     4     4   907   184
 106  528.0390  751.6046    18     4     5  1464    12
 107  388.5462  752.1923    15     5     4  1010    -1
 108  539.9721  752.6845    15     4     5   983    59
 109  400.1172  753.2360    16     4     5  1103   200
 110  411.6741  754.4335    16     5     5  1116   113
 111  277.2647  754.6176     7     3     3   367    -1
 112  423.2059  755.4944    17     4     5  1207    87
 113  288.3716  755.8303    11     4     4   659    -1
 114  434.8708  756.6637    17     4     5  1241    71
 115  299.4516  756.9274    10     3     4   624   274
 116  446.4639  757.6855    18     5     5  1315    55
 117  310.4924  757.9885    10     3     4   631    -1
 118  458.1053  758.7917    16     4     5  1256   142
 119  321.6164  759.0822    12     4     4   746   248
 120  469.9092  759.8653    17     5     5  1329    30
 121  332.8977  760.0739    14     4     4   876    -1
 122  481.5941  760.9471    18     5     4  1410    29
 123  344.2487  761.1884    13     4     4   849   398
 124  493.3044  761.9613    17     5     4  1392    25
 125  355.4740  762.2969    11     3     4   742    -1
 126  505.1181  762.9885    17     5     4  1413    23
 127  366.8180  763.4032    14     4     5   917    -1
 128  517.0168  764.0638    18     5     5  1496     5
 129  378.2957  764.4574    15     4     5   985   181
 130  528.9351  765.1143    17     5     5  1397   350
 131  389.7331  765.6917    14     4     5   966   305
 132  540.8607  766.0492    15     4     4   994    70
 133  401.2363  766.7534    16     4     5  1092   199
 134  278.6905  767.7857     7     3     3   371   399
 135  412.7492  767.8754    14     5     4  1025   131
 136  424.2472  768.9017    15     4     4  1106   137
 137  289.4633  768.9312    10     3     4   609   313
 138  435.8969  769.9606    15     4     4  1143    97
 139  300.5323  770.0484    10     3     4   624   306
 140  447.4367  771.0085    17     5     4  1261    74
 141  311.6212  771.1212    12     4     4   732   255
 142  459.0651  772.0475    16     4     4  1253    75
 143  322.8630  772.1507    12     4     4   746   288
 144  470.8493  773.1029    17     5     5  1331    40
 145  334.1709  773.3418    13     4     4   808   244
 146  482.5019  774.2476    20     5     5  1519    34
 147  345.4353  774.4353    13     4     4   820   367
 148  494.2441  775.3270    19     5     5  1505    31
 149  356.6420  775.4773    13     4     5   826   175
 150  506.0331  776.4661    18     4     5  1519    88
 151  368.0024  776.6706    13     4     4   861   141
 152  517.9607  777.6109    19     5     5  1599    13
 153  379.4620  777.8038    13     4     4   887   239
 154  529.8333  778.7228    19     5     5  1502    20
 155  390.8345  778.8843    14     4     4   981   203
 156  541.7155  779.8491    13     4     4   882   143
 157  402.2674  779.9385    15     4     4  1051   355
 158  279.9667  780.6333     7     3     3   365    -1
 159  413.8434  780.9970    15     4     4  1082   133
 160  290.6682  781.9673    11     3     4   657   309
 161  425.2378  782.0908    15     4     4  1097    -1
 162  301.7893  783.1116    11     4     4   671   377
 163  436.8923  783.1205    16     4     5  1190    94
 164  312.9341  784.2132    13     4     4   779   236
 165  448.4089  784.2660    18     5     5  1306    90
 166  324.1713  785.3531    13     4     4   793   296
 167  460.0570  785.4183    18     4     5  1365    78
 168  335.4267  786.4600    12     4     4   750   261
 169  471.7767  786.6300    18     5     5  1377   102
 170  346.5185  787.5123    11     3     4   712   225
 171  483.4082  787.7656    19     5     5  1462    98
 172  357.8030  788.6919    13     4     4   848   202
 173  495.1337  788.8755    17     5     5  1396    83
 174  369.1920  789.8661    15     4     4   974   165
 175  506.9921  789.9605    16     4     4  1369    92
 176  380.5172  790.9077    14     5     4   933    -1
 177  518.8322  791.0218    17     5     4  1446   335
 178  391.9167  791.9855    14     4     4   976   210
 179  530.6250  792.0349    17     5     4  1394    17
 180  542.4186  793.0747    13     4     4   871   110
 181  403.3057  793.0866    15     4     4  1033   179
 182  281.1000  793.5000     6     2     3   315    -1
 183  414.8616  794.1038    15     4     4  1068   167
 184  292.1146  794.8125    11     4     4   646   373
 185  426.2593  795.2623    15     4     5  1074   158
 186  303.1752  795.9786    12     4     4   717   372
 187  437.8979  796.5262    17     4     5  1232   108
 188  314.2883  797.1715    13     4     4   787   295
 189  449.4853  797.7108    19     5     5  1358    85
 190  325.4433  798.3085    12     4     4   741   265
 191  461.0578  798.8822    16     4     5  1250   104
 192  336.5213  799.4787     9     3     3   591   375
 193  472.7489  799.9545    16     5     4  1262   351
 194  347.6765  800.5706    12     4     4   770   235
 195  484.3171  800.9891    17     5     4  1353    64
 196  358.9192  801.7323    13     4     4   848   250
 197  496.0260  802.0743    17     4     5  1388   354
 198  370.3000  802.9279    15     4     4   965   197
 199  507.8962  803.1981    18     5     5  1483    26
 200  381.6021  803.9766    13     4     4   885   217
 201  519.6727  804.3843    19     5     5  1581   334
 202  392.9981  805.0242    14     4     4   969   139
 203  531.4315  805.5613    19     5     5  1505    51
 204  404.3898  806.1181    13     4     4   904   186
 205  282.6364  806.6364     8     3     3   422   307
 206  543.3525  806.7811    14     4     4   917   187
 207  415.8564  807.3647    16     4     5  1103   148
 208  293.4200  807.7600    10     3     4   600   332
 209  427.3185  808.5541    16     4     5  1114   120
 210  304.4487  808.9103    10     3     4   617   291
 211  438.8598  809.8360    16     4     5  1178   169
 212  315.5072  810.0755    11     3     4   689   266
 213  450.4115  810.9324    17     5     4  1257    -1
 214  326.5515  811.2868    11     3     4   686   270
 215  462.0000  811.9977    15     4     4  1194    -1
 216  337.6014  812.3986    11     4     4   688   322
 217  404.9582  812.9013    17     4     5  1149   205
 218  473.6312  813.0570    17     5     4  1315   341
 219  348.8409  813.6364    12     4     4   776   251
 220  485.2123  814.2123    19     5     5  1447   337
 221  360.1281  814.8065    14     4     4   899   213
 222  496.9823  815.4276    18     4     5  1466    61
 223  371.4302  815.9698    13     4     4   865   221
 224  508.7655  816.6586    20     5     5  1580   193
 225  382.6522  816.9957    14     4     4   930   358
 226  520.5247  817.8289    20     5     5  1608    65
 227  394.1085  818.1163    13     4     4   908   172
 228  532.2140  818.9489    16     5     4  1328   115
 229  283.9118  819.5000     8     3     3   417   369
 230  407.4705  819.6475    21     8     4  1423   149
 231  544.0630  820.0756    14     4     4   938   180
 232  416.9500  820.5750    15     4     5  1030   311
 233  294.5000  820.5900    10     3     4   600   280
 234  428.3774  821.7830    16     5     4  1118    -1
 235  305.5164  821.8525    11     3     4   672   283
 236  439.8937  822.9357    14     4     4  1081   298
 237  316.5588  823.0221    11     3     4   686   260
 238  451.3337  824.0037    16     5     4  1203   317
 239  327.6079  824.1691    12     4     4   739   238
 240  462.9762  825.0624    15     4     4  1191   204
 241  338.7286  825.3214    11     4     4   690   388
 242  474.5494  826.2747    19     5     5  1416   312
 243  350.0407  826.5872    13     4     4   822   234
 244  486.1452  827.5390    17     4     5  1363    -1
 245  361.3144  827.7474    13     4     4   844   222
 246  497.9524  828.8077    16     4     5  1346    -1
 247  372.5138  828.8594    13     4     4   867   219
 248  509.6324  829.9580    18     5     4  1459    -1
 249  383.7573  829.9979    15     4     4   991   176
 250  521.3280  830.9975    18     5     4  1493    91
 251  395.1318  831.1512    13     4     4   908   314
 252  533.0250  832.1096    17     4     5  1370   103
 253  406.4588  832.3189    15     5     4   993   195
 254  285.1000  832.5000     6     2     3   315    -1
 255  544.9711  833.2025    15     4     5   992    80
 256  295.7258  833.3925     9     4     3   543   277
 257  417.9201  833.6562    15     4     5  1038   276
 258  306.6698  834.5094    11     4     4   656   275
 259  429.3675  834.8691    16     5     4  1117   124
 260  317.6756  835.8206    12     4     4   731   328
 261  440.8920  835.9720    15     4     4  1125   243
 262  328.8687  837.0125    13     4     4   810   338
 263  452.3031  837.0831    15     5     4  1141    -1
 264  463.9427  838.2371    16     4     5  1245   345
 265  340.0127  838.2532    13     4     4   808   254
 266  351.1512  839.4535    12     4     4   772   215
 267  475.4892  839.5086    17     5     5  1314    -1
 268  362.4198  840.6872    13     4     4   837   227
 269  487.0883  840.8068    16     4     5  1315   371
 270  373.5963  841.8486    12     4     4   818   194
 271  498.8346  841.9810    16     5     4  1326   336
 272  384.8458  842.9750    14     4     4   940   164
 273  510.4483  843.0383    18     5     4  1461   297
 274  396.1679  844.1231    13     4     4   918   174
 275  522.1361  844.1811    19     5     5  1549    28
 276  286.1429  845.2143     6     2     4   314    -1
 277  407.5081  845.3185    15     5     5   998   122
 278  533.9589  845.3903    18     4     5  1447    84
 279  297.0053  846.4263    11     4     4   645   394
 280  418.9474  846.7138    15     4     5  1054   319
 281  545.7379  846.8392    14     4     5   927    -1
 282  307.9227  847.4794    10     4     3   597   302
 283  430.3541  847.8799    16     5     4  1129   100
 284  319.0583  848.5667    11     4     4   670   327
 285  441.8740  848.9770    15     4     4  1119   348
 286  330.0676  849.7905    13     4     4   798   267
 287  453.2306  850.1010    16     5     4  1186   152
 288  341.2399  851.0318    13     4     4   823   262
 289  464.8796  851.3750    17     4     5  1282   128
 290  352.4133  852.2803    13     4     4   823   289
 291  476.4141  852.7004    19     5     5  1404   206
 292  363.5181  853.5120    10     3     4   666   214
 293  488.0396  853.9199    15     4     4  1243   208
 294  374.6415  854.7642    13     4     4   862   196
 295  499.6651  855.0086    17     5     4  1371    -1
 296  385.8494  855.9096    14     4     4   949   147
 297  511.2667  856.1564    20     5     5  1553   116
 298  397.2132  857.0774    13     4     4   915   130
 299  523.0337  857.3982    18     4     5  1509   189
 300  287.7000  857.6000     8     3     3   420   364
 301  408.5080  858.2320    15     5     4  1000   218
 302  534.8417  858.7568    18     5     5  1418    24
 303  298.3962  858.8585    11     4     4   656   330
 304  419.9452  859.6395    15     4     5  1051   212
 305  546.5650  859.8450    12     4     4   800   359
 306  309.2373  860.1949    12     4     4   718   301
 307  431.3224  860.8707    15     4     4  1071    93
 308  320.3718  861.5342    11     4     3   667   300
 309  442.8169  861.9754    16     5     4  1166   155
 310  331.3485  862.5985    11     4     4   682   287
 311  454.2165  863.1089    16     5     4  1181   171
 312  342.3701  863.8766    11     4     4   704    -1
 313  465.8105  864.4584    17     4     5  1259   185
 314  353.4713  865.0920    12     4     4   774   282
 315  477.3167  865.7579    19     5     5  1392   166
 316  364.5533  866.2988    12     4     4   769   173
 317  488.9568  866.9506    16     4     4  1286   352
 318  375.7324  867.5595    12     4     4   785   293
 319  500.5311  868.0486    17     5     4  1364   168
 320  386.9783  868.8174    13     4     4   880   150
 321  512.1133  869.2212    18     5     5  1456   339
 322  398.2695  870.0234    15     4     4  1006   404
 323  288.9118  870.4412     8     3     3   417   368
 324  523.9609  870.6281    18     4     5  1501    36
 325  409.5805  871.1437    16     5     4  1061   382
 326  299.4896  871.5417     9     3     3   546   403
 327  535.6384  871.9088    16     5     4  1277   163
 328  420.9810  872.4862    14     4     5   989   231
 329  310.4245  872.7736    10     3     4   606   361
 330  547.3019  873.0283    14     4     4   912   223
 331  432.3424  873.8087    15     4     4  1061   259
 332  321.5320  874.0760    11     3     4   675   292
 333  443.8158  874.9515    16     5     4  1161   191
 334  332.5469  875.4453    10     3     4   628   308
 335  455.1816  876.1000    14     4     4  1080   188
 336  343.4930  876.5420    10     3     4   643   271
 337  466.7347  877.3924    19     5     5  1359    42
 338  354.5237  877.8314    11     3     4   719   256
 339  478.1839  878.7870    17     5     5  1296    82
 340  365.6222  879.0444    12     4     4   780   272
 341  489.8382  879.9727    16     5     4  1276    49
 342  376.7935  880.3424    12     4     4   784   395
 343  501.3350  881.0815    18     5     4  1397   170
 344  388.0748  881.6075    13     4     4   864   160
 345  513.0230  882.2943    17     4     5  1414    44
 346  290.0455  882.6818     5     2     3   261   402
 347  399.3452  882.8933    15     4     4   989   229
 348  524.8088  883.7316    19     5     5  1520   117
 349  410.6102  884.0512    13     4     4   904   151
 350  300.6196  884.2935     9     3     4   542   331
 351  536.3563  884.9393    17     5     4  1344   126
 352  421.9777  885.2526    15     4     4  1041    76
 353  311.5485  885.4515     9     3     3   553   333
 354  548.0656  886.0928    13     4     4   871   320
 355  433.3345  886.6689    14     4     4   996   135
 356  322.4304  886.7000    11     3     4   665   329
 357  444.7655  887.8864    14     4     4  1039    -1
 358  333.5149  888.0224    10     3     4   634   278
 359  456.1286  889.0870    14     4     4  1085   207
 360  344.5758  889.3182    10     3     4   632   286
 361  467.6097  890.2372    18     5     5  1292    72
 362  355.6119  890.4510    10     4     3   643   316
 363  479.1460  891.7069    17     4     5  1285    56
 364  366.7540  891.7963    13     4     4   839   263
 365  490.7328  892.9324    16     5     4  1251   183
 366  377.9213  893.0602    14     4     4   916   241
 367  502.1694  894.0484    16     5     4  1296    52
 368  389.1592  894.2668    13     4     4   873   285
 369  513.9420  895.3269    17     4     5  1393    46
 370  291.1667  895.5000     6     2     3   309    -1
 371  400.3800  895.6600    13     4     4   875   159
 372  301.8038  896.4873     9     4     3   529   303
 373  525.5596  896.7527    19     5     5  1504   249
 374  411.6877  896.9100    14     4     4   961   145
 375  537.1073  897.9676    15     4     4  1244    -1
 376  422.9869  898.0588    14     4     4  1006   157
 377  312.6524  898.1286    10     3     4   605   315
 378  548.9266  899.0505    14     4     4   918    -1
 379  434.2466  899.3007    14     4     5   996   209
 380  323.6346  899.3654     9     3     4   554   281
 381  334.5244  900.4756     9     3     3   573   232
 382  445.7025  900.8084    14     5     4  1021    -1
 383  345.6438  901.9452    12     4     4   746   321
 384  457.0740  902.0091    15     4     4  1135   106
 385  468.5367  903.0984    17     5     4  1231    95
 386  356.7041  903.2279    10     4     4   647   340
 387  367.7767  904.4748    11     4     3   709   247
 388  480.0450  904.4954    17     4     5  1283    79
 389  378.9796  905.7551    13     4     4   846   268
 390  491.6073  905.8881    17     5     4  1288    48
 391  503.1045  907.0369    15     4     4  1238    50
 392  390.2162  907.0633    13     4     4   879   178
 393  292.6000  908.0000     6     3     3   310    -1
 394  514.7548  908.2795    19     5     5  1476    32
 395  401.4217  908.2880    13     4     4   867   387
 396  303.2808  909.4589    10     4     3   573   310
 397  526.3576  909.6652    19     5     5  1519    -1
 398  412.6381  909.6967    13     4     4   889   386
 399  313.9545  910.4659    10     4     3   588   324
 400  423.9608  910.9437    14     4     4   993   118
 401  537.9639  910.9495    15     4     4  1235    -1
 402  324.8909  911.8273    13     4     4   760   258
 403  549.6311  911.9903    13     4     4   856   385
 404  435.2278  912.1203    13     4     4   966   201
 405  335.7295  913.2459    10     4     4   622   393
 406  446.6000  913.4467    17     5     5  1150   127
 407  346.7500  914.5147    11     4     3   686   304
 408  458.0108  914.8757    15     4     4  1120    -1
 409  357.8034  915.7921    13     4     4   828   326
 410  469.4388  916.0399    15     5     4  1126    -1
 411  368.9084  917.0864    14     4     4   891   284
 412  480.9716  917.2512    16     4     5  1222    73
 413  380.0316  918.4316    12     4     4   790   211
 414  492.4910  918.7460    19     5     5  1393    60
 415  391.1912  919.7627    15     4     4   967   132
 416  504.0041  919.9650    15     4     4  1236    53
 417  402.3889  921.0432    15     5     4   993   154
 418  515.5220  921.1012    17     5     4  1349    77
 419  304.6111  921.3889     7     3     3   359   323
 420  413.6037  922.2261    13     4     4   891   264
 421  527.1708  922.5142    19     5     5  1512   129
 422  315.3462  923.1923     7     3     4   376   279
 423  424.8866  923.6599    14     4     4   969   252
 424  538.8355  923.9074    17     5     4  1309    -1
 425  326.0417  924.4375     8     4     3   448   318
 426  436.2302  924.9730    15     4     4  1065    -1
 427  550.3821  925.0846    12     3     4   795    -1
 428  336.9944  925.4888    10     4     3   589   253
 429  447.5405  926.1075    16     5     4  1121   156
 430  347.8750  926.9853    13     4     4   786   290
 431  458.9448  927.5708    15     4     5  1103   240
 432  358.8538  928.3308    11     4     4   680   299
 433  470.3446  928.9560    16     5     4  1186   123
 434  369.9839  929.5903    12     4     4   755   401
 435  481.8828  930.0742    15     4     4  1168    99
 436  381.1198  930.9271    14     4     4   892   162
 437  493.2652  931.3849    18     5     5  1343    69
 438  392.2621  932.2718    13     4     4   856   177
 439  504.8840  932.9127    17     5     4  1337    63
 440  403.4188  933.5609    13     4     4   847   161
 441  516.3340  934.0410    18     5     4  1412    67
 442  414.6399  934.8827    14     4     4   943   228
 443  528.0147  935.3205    17     4     5  1396    -1
 444  425.8636  936.1098    15     4     4  1014   112
 445  539.6144  936.8364    17     5     5  1287    -1
 446  437.1908  937.5802    13     4     4   912   105
 447  551.1552  938.0616    13     4     4   853    -1
 448  448.5349  938.9254    16     5     4  1115    -1
 449  459.8994  940.0949    15     4     4  1103    -1
 450  471.2067  941.5223    16     4     5  1158    -1
 451  482.7776  942.8548    14     5     4  1089   125
 452  494.1063  944.0676    15     4     4  1164   146
 453  505.6855  945.5667    17     5     5  1195   107
 454  517.1537  946.9155    15     4     4  1111    -1
 455  528.8043  948.0342    15     4     4  1072    -1
 456  540.3480  949.4883    13     4     5   821    -1
 457  551.8333  950.6667    11     4     4   580    -1
 458  522.8267  961.6386    21    12     5  1151    -1
 459  535.8200  963.1400    16     7     3   850   273
