486
   0 1505.3750  501.7188    17     6     3   882    -1
   1 1497.0993  520.8269   166    23    22  9181    -1
   2 1478.1250  528.2500     7     2     4   358    -1
   3 1426.0453  754.5737    16     4     5  1275   359
   4 1439.0529  755.5842    18     4     5  1826    -1
   5 1452.0796  756.7129    20     5     5  2287   409
   6 1684.3143  756.8286     9     3     3   590    -1
   7 1465.1739  757.7841    21     5     5  2479   203
   8 1704.7239  758.2463     5     2     3   317    -1
   9 1478.3070  758.8367    22     5     5  2665    -1
  10 1491.5006  760.0069    26     5     6  2959   380
  11 1504.6881  761.1628    24     5     6  2843    -1
  12 1723.5672  762.2148   143    28    14  8682   107
  13 1517.9752  762.2509    23     6     5  2760    -1
  14 1531.3692  763.3859    22     5     5  2774   377
  15 1544.5784  764.4666    22     5     5  2809   440
  16 1558.0614  765.5636    25     6     5  2855    -1
  17 1571.4527  766.6025    22     5     5  2749    -1
  18 1425.0184  767.5814    18     4     5  1662   267
  19 1584.9180  767.8107    23     6     6  2669   449
  20 1438.0019  768.7502    20     6     5  2343   451
  21 1598.4498  768.9313    25     5     6  2764   441
  22 1451.0058  769.8123    22     6     5  2656    -1
  23 1611.9897  770.1069    24     6     6  2650    -1
  24 1464.1022  770.9622    23     6     6  2671    86
  25 1625.5644  771.3332    22     5     5  2575   370
  26 1477.2144  772.1494    21     5     6  2573    -1
  27 1639.2808  772.3838    24     6     5  2628    -1
  28 1490.3920  773.3119    22     5     5  2684   154
  29 1652.7627  773.4757    25     6     5  2647    -1
  30 1503.5317  774.4243    21     5     5  2689   432
  31 1666.5071  774.5471    22     5     5  2501    -1
  32 1516.6948  775.4930    23     5     5  2716    -1
  33 1680.3644  775.6522    22     5     5  2427   452
  34 1530.1176  776.6266    24     6     5  2709   365
  35 1694.0390  776.8310    24     6     6  2354   429
  36 1543.4118  777.6919    22     5     5  2653   211
  37 1707.8201  777.9958    24     6     6  2156   454
  38 1556.7388  778.9020    22     5     6  2570    -1
  39 1721.6702  779.1831    22     5     5  1952   433
  40 1570.1882  780.0958    23     6     6  2590    -1
  41 1735.5321  780.3550    22     5     5  1755   435
  42 1424.0404  780.7549    18     4     5  1618   296
  43 1583.5680  781.3180    22     5     5  2600   446
  44 1749.5721  781.4615    19     5     5  1158   444
  45 1436.9595  781.8800    20     5     5  2271   163
  46 1597.1147  782.3604    24     6     5  2604   412
  47 1449.8958  783.0305    23     6     6  2656   131
  48 1610.5316  783.4926    22     5     5  2587   414
  49 1462.9764  784.1925    22     6     5  2586    83
  50 1624.2373  784.6220    23     6     5  2543   302
  51 1476.1086  785.3257    22     6     5  2592   133
  52 1637.6895  785.7367    23     5     5  2464   453
  53 1489.2875  786.4735    23     5     5  2698   115
  54 1651.4023  786.9336    25     5     6  2530   314
  55 1502.4098  787.5669    22     5     5  2730   125
  56 1665.0431  788.1254    23     6     6  2402   319
  57 1515.5552  788.6661    22     5     5  2659   217
  58 1678.6470  789.3345    22     5     5  2399   331
  59 1528.8009  789.8989    22     5     6  2569   216
  60 1692.5045  790.4523    22     5     5  2421   382
  61 1542.1651  791.1168    23     6     6  2622   260
  62 1706.3861  791.5325    23     6     5  2441   355
  63 1555.4851  792.3409    23     5     5  2696   210
  64 1720.2117  792.6509    24     6     5  2466   438
  65 1568.7285  793.4232    23     6     5  2660   257
  66 1733.9622  793.8198    22     6     5  2132   362
  67 1423.0303  793.9015    16     4     4  1460   255
  68 1582.3517  794.5445    23     6     5  2654   285
  69 1435.9177  794.9704    21     5     6  2283    97
  70 1747.8774  794.9717    18     5     4  1324   375
  71 1595.6446  795.6612    22     5     5  2552   299
  72 1448.8297  796.1548    21     5     6  2533    61
  73 1609.2463  796.8500    25     6     6  2590   297
  74 1461.8518  797.2927    22     6     5  2581    93
  75 1622.6735  798.0819    23     5     6  2487   326
  76 1474.9345  798.4406    23     6     5  2632   111
  77 1636.3434  799.2929    22     5     5  2428   337
  78 1488.0764  799.6068    23     6     5  2630   124
  79 1649.8172  800.4107    24     6     5  2521   338
  80 1501.2349  800.7492    22     5     5  2609   153
  81 1663.5109  801.5210    21     5     5  2430   358
  82 1514.3944  801.9217    23     5     6  2637   190
  83 1677.2972  802.6774    24     6     5  2502   357
  84 1527.5850  803.1972    23     5     6  2656   214
  85 1690.8967  803.8796    23     6     6  2375   378
  86 1540.7971  804.3354    23     6     5  2651   206
  87 1704.6370  805.0858    25     5     6  2462   384
  88 1554.2623  805.4868    24     6     5  2719   252
  89 1718.5243  806.3319    23     5     5  2387    -1
  90 1567.4974  806.5880    22     5     5  2657   258
  91 1422.0171  806.9065    16     4     4  1442   219
  92 1732.3980  807.4329    21     5     5  2138   424
  93 1580.8835  807.8125    22     6     5  2508   195
  94 1434.8796  808.0008    20     5     6  2196    91
  95 1746.1965  808.5204    21     5     5  1541    -1
  96 1594.3603  809.0500    23     5     6  2539   276
  97 1447.7752  809.1924    20     5     5  2479    54
  98 1607.6964  810.2683    23     6     5  2540   310
  99 1460.7439  810.3718    22     5     5  2621    58
 100 1621.3965  811.4343    23     5     5  2551   301
 101 1473.7642  811.5073    23     5     5  2660   102
 102 1634.7323  812.5560    24     6     5  2556   322
 103 1486.8836  812.7021    22     6     5  2560   123
 104 1648.4251  813.6793    22     5     5  2461   325
 105 1500.0271  813.8734    23     6     6  2588   174
 106 1662.0059  814.9401    24     6     6  2461   336
 107 1513.2016  815.1192    21     5     6  2518   157
 108 1675.6108  816.2235    22     5     5  2373   348
 109 1526.4170  816.3566    22     5     5  2655   197
 110 1689.4188  817.3871    22     5     5  2393   364
 111 1539.5614  817.4888    21     5     5  2662   191
 112 1703.1415  818.5087    25     6     5  2508   351
 113 1552.8553  818.6583    24     6     5  2672   261
 114 1716.8372  819.6718    25     6     5  2472   427
 115 1421.0156  819.8016    18     4     5  1540   151
 116 1566.2440  819.8186    22     5     5  2522   236
 117 1730.6205  820.8389    22     5     5  2121    -1
 118 1433.8275  820.9657    21     5     6  2244   103
 119 1579.5500  821.1180    24     5     6  2619   246
 120 1744.4707  822.0011    18     5     4  1343   387
 121 1446.7215  822.1855    21     5     5  2522    21
 122 1592.9335  822.2804    23     6     5  2548   229
 123 1459.6389  823.3834    22     5     5  2669    85
 124 1606.4505  823.4871    21     5     5  2524   286
 125 1472.6404  824.5254    21     5     5  2624    71
 126 1619.7915  824.6690    24     6     5  2555   320
 127 1485.7294  825.7381    22     5     5  2591    52
 128 1633.4019  825.8310    24     5     6  2505   307
 129 1498.8165  826.9411    21     5     6  2494   137
 130 1646.9019  827.1107    24     6     6  2474   324
 131 1511.9639  828.1854    22     6     5  2540   141
 132 1660.5104  828.3769    22     5     5  2440   323
 133 1525.2193  829.3993    23     6     5  2639   155
 134 1674.1851  829.4930    24     6     5  2486   350
 135 1538.4146  830.5704    22     5     5  2692   142
 136 1687.7062  830.6681    23     6     5  2411   361
 137 1551.5788  831.7547    23     5     5  2634   230
 138 1701.5008  831.8634    23     5     6  2347   374
 139 1420.0008  832.6295    17     4     5  1491   198
 140 1564.8687  833.0288    24     6     6  2605   223
 141 1715.3154  833.1622    24     6     6  2381    -1
 142 1432.8114  833.8881    20     5     5  2198    63
 143 1578.2868  834.2672    22     5     5  2526   256
 144 1729.0385  834.3228    23     6     5  2177    -1
 145 1445.6426  835.1173    22     5     6  2545    17
 146 1591.5401  835.4882    21     5     5  2570    -1
 147 1742.8220  835.5091    18     5     5  1341   439
 148 1458.5827  836.3585    21     5     5  2598    87
 149 1604.9993  836.6747    23     6     5  2518   280
 150 1471.5856  837.5250    21     5     5  2650    69
 151 1618.4554  837.8776    24     5     6  2524   418
 152 1484.5930  838.7179    22     5     5  2605   398
 153 1631.9023  839.1479    22     6     5  2395   306
 154 1497.6628  839.9808    22     5     6  2531   100
 155 1645.4681  840.4305    21     5     5  2431   313
 156 1510.7432  841.2180    22     5     5  2568   108
 157 1659.0000  841.5881    25     6     5  2544   376
 158 1523.9067  842.4570    24     6     5  2641   189
 159 1672.5661  842.7386    23     5     5  2420   327
 160 1537.1560  843.6492    23     6     5  2618   156
 161 1686.2747  844.0249    23     6     6  2335   360
 162 1550.3700  844.8690    23     5     6  2589   212
 163 1699.8517  845.2699    24     6     5  2417   347
 164 1419.0394  845.5031    16     4     5  1447   221
 165 1563.5786  846.2015    22     5     5  2537   176
 166 1713.5678  846.4832    22     5     5  2353   356
 167 1431.7760  846.7572    20     5     5  2221    18
 168 1576.8181  847.3897    23     6     5  2574   224
 169 1727.3947  847.6306    22     5     5  2164   445
 170 1444.5887  848.0025    22     5     6  2521    45
 171 1590.3254  848.5835    22     5     5  2549   275
 172 1741.1682  848.9371    18     5     4  1337    -1
 173 1457.5180  849.2761    22     5     5  2601    48
 174 1603.5862  849.7975    23     5     5  2508   265
 175 1470.4784  850.4580    21     5     5  2668    77
 176 1617.0345  851.1026    23     6     6  2456   282
 177 1483.4780  851.6486    21     5     5  2598    -1
 178 1630.4950  852.3957    22     5     5  2490   278
 179 1496.5112  852.9376    23     5     6  2576    92
 180 1643.9443  853.5550    25     6     5  2542   298
 181 1509.5724  854.2446    22     5     5  2592    75
 182 1657.4890  854.7451    23     5     5  2423   329
 183 1522.6218  855.4646    22     5     5  2652   122
 184 1671.0713  856.0738    23     6     6  2349   332
 185 1535.8133  856.6715    22     6     5  2546   143
 186 1684.6112  857.3491    22     5     5  2359   353
 187 1549.0527  857.9343    24     6     6  2577   192
 188 1418.0110  858.4038    17     4     5  1484   160
 189 1698.4100  858.5231    22     5     5  2356   372
 190 1562.3243  859.2396    22     5     5  2517   186
 191 1430.7353  859.5674    21     5     5  2312    26
 192 1712.0306  859.7920    23     6     5  2311    -1
 193 1575.5217  860.4606    21     5     5  2572   205
 194 1443.5213  860.8044    22     5     5  2552    24
 195 1725.6979  861.0238    21     5     6  1995    -1
 196 1588.8267  861.6840    23     6     5  2503   220
 197 1456.4634  862.0980    20     5     5  2393    25
 198 1739.4262  862.1941    19     5     5  1411    -1
 199 1602.2658  862.9281    23     5     6  2465   437
 200 1469.4141  863.3822    21     5     5  2586    55
 201 1615.5819  864.2666    22     5     5  2467   262
 202 1482.3889  864.5793    21     5     5  2589    43
 203 1629.0548  865.4722    25     6     5  2546   303
 204 1495.3698  865.8426    21     5     5  2486    90
 205 1642.4842  866.6536    22     5     5  2428   309
 206 1508.4140  867.1608    21     5     5  2468    84
 207 1655.9805  867.9979    24     6     6  2403    -1
 208 1521.5032  868.4268    21     5     5  2621   116
 209 1669.5246  869.3181    22     5     5  2359    -1
 210 1534.5683  869.6093    21     5     5  2559   147
 211 1683.1922  870.5091    24     6     5  2412   328
 212 1547.7619  870.9013    21     5     6  2413   164
 213 1416.9967  871.0592    16     4     4  1408   134
 214 1696.6846  871.7368    23     6     5  2320   352
 215 1560.9859  872.2021    22     6     5  2446   177
 216 1429.7099  872.3603    21     5     5  2303    33
 217 1710.4464  873.0523    23     5     6  2269   422
 218 1574.3119  873.4344    21     5     5  2406   204
 219 1442.4865  873.6204    21     5     5  2611     8
 220 1724.1394  874.2794    21     6     5  2029   367
 221 1587.5071  874.6523    22     5     5  2499   266
 222 1455.3753  874.8914    21     5     5  2445    10
 223 1737.7735  875.5942    18     5     5  1346   442
 224 1600.8048  876.0090    23     6     6  2433   420
 225 1468.2750  876.1771    21     5     5  2459    49
 226 1614.2661  877.3013    23     6     5  2484   253
 227 1481.2573  877.4729    22     5     5  2538    31
 228 1627.5588  878.5373    21     5     5  2444   259
 229 1494.2291  878.7262    22     5     5  2510    57
 230 1641.0498  879.8435    22     6     5  2346   308
 231 1573.5000  879.9432    25     5     6  2746   178
 232 1507.2399  880.0097    21     5     6  2392   126
 233 1654.4992  881.1629    24     5     6  2425   317
 234 1520.3324  881.3276    22     5     5  2544   136
 235 1668.0343  882.4083    26     6     5  2511   334
 236 1533.4264  882.5623    21     5     5  2558   118
 237 1681.5456  883.6081    22     5     5  2349   330
 238 1546.5073  883.8341    23     5     5  2521   168
 239 1416.0267  883.8907    17     4     5  1431   179
 240 1695.2009  884.9248    23     6     5  2280   373
 241 1428.6677  885.0785    19     5     5  2065    15
 242 1559.6607  885.1756    21     5     5  2394   129
 243 1708.7581  886.2642    23     6     5  2316    -1
 244 1441.4627  886.3908    21     5     5  2579     6
 245 1572.8387  886.4960    21     5     5  2302   173
 246 1578.6275  887.0175    13     5     4  1450   349
 247 1722.4696  887.5055    21     5     5  2135   369
 248 1454.3212  887.6469    22     5     5  2543    14
 249 1586.2458  887.7183    22     5     5  2410   239
 250 1736.1914  888.8039    19     5     5  1381    -1
 251 1467.1672  888.9453    21     5     6  2384    42
 252 1599.4810  889.0371    22     5     6  2366   233
 253 1480.0949  890.2483    21     6     5  2393    59
 254 1612.7158  890.3387    23     6     5  2489   273
 255 1493.0413  891.5575    22     6     5  2456    39
 256 1626.2420  891.5863    23     6     5  2460   272
 257 1506.0487  892.8436    22     6     5  2436   135
 258 1639.5576  892.8758    22     5     5  2332   419
 259 1519.1021  894.1415    21     6     5  2372   150
 260 1653.0422  894.1846    22     6     5  2308   293
 261 1532.1949  895.4521    23     6     5  2507   140
 262 1666.5045  895.4933    21     5     5  2388   312
 263 1415.0455  896.5000    16     4     5  1405   130
 264 1545.3042  896.7246    22     5     5  2489   193
 265 1680.0349  896.8041    22     6     5  2274    -1
 266 1427.6539  897.7929    20     5     5  2137     7
 267 1558.4227  898.0706    22     5     6  2367   119
 268 1693.5948  898.1084    21     5     5  2189   379
 269 1440.3984  899.0631    20     5     5  2339    11
 270 1707.3358  899.3911    23     6     5  2344   447
 271 1571.5606  899.4051    21     5     5  2452   175
 272 1453.2361  900.3980    22     5     5  2483    12
 273 1584.7519  900.6525    23     6     5  2448   225
 274 1720.7919  900.6942    21     6     5  2023   431
 275 1466.0765  901.6837    21     6     5  2384    34
 276 1734.4262  901.9595    17     5     4  1270    -1
 277 1598.1343  901.9735    23     6     6  2356   245
 278 1478.9345  903.0012    24     6     6  2491    67
 279 1611.4469  903.3482    22     5     5  2437   243
 280 1491.8587  904.3203    21     6     5  2402    64
 281 1624.6409  904.5678    22     5     5  2413   291
 282 1504.8154  905.6209    22     5     5  2457   110
 283 1638.1546  905.9126    22     6     5  2290   343
 284 1517.8421  906.9510    21     5     6  2345   401
 285 1651.5351  907.2799    22     5     5  2354   270
 286 1530.8719  908.2584    21     6     5  2354   404
 287 1665.0167  908.5342    25     6     5  2450   321
 288 1413.9931  909.0625    16     4     4  1376    88
 289 1543.9984  909.5810    22     6     5  2384   159
 290 1678.5068  909.8316    23     5     5  2320    -1
 291 1426.6645  910.3730    21     5     5  2278    16
 292 1557.1664  910.8971    21     6     5  2309   170
 293 1692.0897  911.1577    22     6     5  2248   335
 294 1439.3758  911.7040    22     5     5  2517    30
 295 1570.3286  912.2579    22     5     5  2430   167
 296 1705.5823  912.4959    22     5     5  2327   386
 297 1452.1540  913.0345    19     5     5  2239    41
 298 1583.4917  913.5486    21     5     5  2490   196
 299 1719.2794  913.7983    21     5     5  2029   428
 300 1464.9576  914.3793    20     6     5  2309    22
 301 1596.6965  914.8755    21     5     5  2307   241
 302 1732.8774  914.9904    17     5     4  1266    -1
 303 1477.8162  915.7073    22     5     5  2441    36
 304 1610.0172  916.1861    22     6     5  2349   450
 305 1490.7040  917.0327    20     5     6  2299    96
 306 1623.4043  917.5254    21     5     5  2387   271
 307 1503.6279  918.3918    21     5     5  2473    70
 308 1636.6467  918.8443    21     5     5  2270   281
 309 1516.6201  919.6776    22     5     5  2491   106
 310 1650.1108  920.1908    22     6     5  2300   295
 311 1529.6604  921.0473    20     5     6  2259   400
 312 1663.5075  921.5321    21     5     5  2388   287
 313 1413.0357  921.5678    16     4     5  1375   127
 314 1542.6652  922.3969    22     5     5  2468   169
 315 1676.9542  922.8678    22     6     5  2269   342
 316 1425.6019  923.0123    18     5     4  1960    46
 317 1555.7952  923.7134    22     5     5  2384   180
 318 1690.5128  924.2381    23     5     5  2326    -1
 319 1438.3214  924.3307    22     5     5  2500     9
 320 1568.9694  925.0493    22     6     5  2327   185
 321 1704.1180  925.5266    25     6     5  2415   430
 322 1451.0861  925.6530    21     6     5  2357    20
 323 1582.2126  926.4097    23     6     5  2434   183
 324 1717.5775  926.8571    21     5     5  2005    -1
 325 1463.8636  927.0094    20     5     6  2276    47
 326 1595.3998  927.6980    22     5     5  2418   231
 327 1731.2796  928.1009    18     5     5  1331   385
 328 1476.6728  928.3612    22     5     5  2512    51
 329 1608.6003  929.0938    20     5     5  2216   279
 330 1489.5498  929.6920    21     5     5  2456    81
 331 1621.8656  930.4288    24     6     5  2450   277
 332 1502.5070  931.0816    21     5     5  2336    50
 333 1635.2963  931.7752    22     5     5  2332   268
 334 1515.4869  932.4144    21     5     5  2499    94
 335 1648.5847  933.1337    22     5     5  2293   289
 336 1528.4683  933.7374    21     5     5  2377   403
 337 1411.9848  934.0989    16     4     4  1361   149
 338 1662.0264  934.4699    24     6     5  2395   294
 339 1541.5048  935.1232    21     5     5  2300   166
 340 1424.6544  935.4959    21     5     5  2274     4
 341 1675.4731  935.7966    23     5     5  2340   333
 342 1554.5587  936.4724    21     5     5  2465   187
 343 1437.2758  936.8758    20     5     5  2320     2
 344 1688.9460  937.1542    22     6     5  2248   371
 345 1567.6452  937.8240    21     5     5  2331   172
 346 1449.9984  938.2247    20     6     5  2286    35
 347 1702.5039  938.5300    21     5     5  2317    -1
 348 1580.7848  939.1758    20     5     5  2243   194
 349 1462.7547  939.5611    22     5     5  2474    60
 350 1716.0086  939.8981    22     6     5  2032    -1
 351 1594.0189  940.5338    24     6     5  2443   215
 352 1475.5713  940.9628    20     5     5  2290    72
 353 1729.5528  941.1216    18     5     5  1336    -1
 354 1607.2749  941.9002    21     5     5  2267   240
 355 1488.4726  942.3374    21     5     5  2471    65
 356 1620.4984  943.3099    21     5     5  2328   244
 357 1501.3713  943.6917    21     5     5  2417    78
 358 1633.7187  944.6078    22     5     5  2362   274
 359 1514.2875  945.0439    19     5     5  2202    62
 360 1647.1900  945.9921    22     6     6  2242   311
 361 1527.2859  946.4660    21     5     5  2372   101
 362 1411.0345  946.5638    16     4     5  1380   181
 363 1660.5140  947.3991    21     5     5  2339   300
 364 1540.2667  947.8232    20     5     5  2256   152
 365 1423.5779  948.0147    18     5     4  1953    44
 366 1673.9190  948.7345    22     6     5  2260   340
 367 1553.3405  949.1706    21     5     5  2310   165
 368 1436.2482  949.4044    22     5     5  2470     1
 369 1687.4451  950.0970    21     5     5  2179   318
 370 1566.4089  950.5459    21     5     5  2422   207
 371 1448.9655  950.7514    20     6     5  2289    27
 372 1700.8863  951.4628    25     6     5  2407   383
 373 1579.5098  951.9197    21     5     5  2270   184
 374 1461.6800  952.1272    20     5     5  2317    28
 375 1714.4202  952.8256    22     5     5  2052    -1
 376 1592.6168  953.3279    22     5     5  2419   227
 377 1474.4776  953.5258    21     5     5  2525    80
 378 1727.9724  954.0477    16     4     4  1198    -1
 379 1605.8255  954.6801    23     6     5  2388   209
 380 1487.3245  954.9161    20     5     5  2276    73
 381 1619.1276  956.0377    22     6     5  2268   226
 382 1500.1887  956.2733    21     5     5  2338   105
 383 1632.4249  957.4439    21     5     5  2369   234
 384 1513.1022  957.6925    21     6     5  2302    79
 385 1645.6401  958.8026    21     5     5  2263   247
 386 1410.0173  959.0346    16     4     4  1378   201
 387 1526.0212  959.0420    22     6     5  2301   117
 388 1659.0584  960.1658    22     6     5  2264   264
 389 1422.6459  960.3961    21     5     5  2243    32
 390 1539.0089  960.4611    22     6     5  2334   114
 391 1672.4665  961.5607    21     5     5  2335   344
 392 1435.2246  961.8374    20     5     5  2307     3
 393 1552.0477  961.8578    22     6     5  2327   148
 394 1685.8663  962.9751    22     6     5  2203   316
 395 1565.1077  963.2039    21     6     5  2276   218
 396 1447.8852  963.2061    20     5     5  2293    23
 397 1699.4272  964.3899    21     5     5  2258   443
 398 1578.2314  964.6086    22     5     5  2362   222
 399 1460.6059  964.6094    21     5     5  2467     5
 400 1712.7744  965.7583    21     6     5  1983    -1
 401 1591.3351  966.0096    20     5     6  2195   232
 402 1473.4092  966.0282    20     5     5  2278    76
 403 1726.3585  967.0156    17     5     4  1267   426
 404 1604.5007  967.4044    21     5     5  2421   254
 405 1486.1920  967.4506    22     5     5  2415    68
 406 1617.6535  968.7982    21     5     5  2294   228
 407 1499.0378  968.8416    21     6     5  2294    89
 408 1630.9119  970.1762    22     6     5  2292   251
 409 1511.8587  970.2295    20     5     5  2246   138
 410 1409.0548  971.4061    16     4     5  1375   171
 411 1644.3289  971.5827    22     5     5  2345   248
 412 1524.7801  971.6334    22     5     5  2389   146
 413 1421.5803  972.8800    19     5     5  2021    38
 414 1657.5523  972.9852    22     5     6  2248   283
 415 1537.7322  973.0406    19     5     5  2169   132
 416 1434.1614  974.1929    20     5     5  2273    19
 417 1670.9093  974.3774    24     6     5  2358   345
 418 1550.7139  974.4534    21     5     5  2359   139
 419 1446.8734  975.6498    21     5     5  2338    40
 420 1684.4062  975.7814    22     5     5  2262   363
 421 1563.7701  975.8775    20     5     5  2229   144
 422 1459.5359  977.0807    21     5     5  2333    13
 423 1697.7569  977.1780    22     6     5  2221    -1
 424 1576.8155  977.2372    21     6     5  2283   182
 425 1472.2843  978.5093    21     5     5  2455    37
 426 1711.3153  978.5676    21     5     5  2041   413
 427 1589.9756  978.6685    21     6     5  2261   200
 428 1485.0672  979.9488    21     6     5  2300    29
 429 1724.7445  979.9597    18     5     4  1309   434
 430 1603.1577  980.0537    21     6     5  2233   237
 431 1497.8436  981.3409    20     5     5  2295    53
 432 1616.3652  981.4923    21     5     5  2356   235
 433 1510.6652  982.7818    22     5     5  2438   104
 434 1629.5254  982.8966    21     5     5  2230   250
 435 1408.0714  983.7357    14     4     4   980   292
 436 1523.5779  984.1605    21     5     5  2346   120
 437 1642.7367  984.2998    22     5     5  2304   288
 438 1420.5869  984.9801    17     5     4  1552   284
 439 1536.5234  985.6155    21     5     5  2461    98
 440 1656.1410  985.7388    22     6     5  2256   304
 441 1433.0963  986.5597    18     5     5  1871   121
 442 1549.4967  987.0358    21     5     5  2280   128
 443 1669.4544  987.1254    22     5     5  2240   341
 444 1445.7727  988.0114    18     5     4  1956   109
 445 1562.5035  988.4314    21     5     5  2463   158
 446 1682.7470  988.5460    23     6     5  2324   366
 447 1458.4466  989.4218    21     5     5  2418    56
 448 1575.5369  989.8804    21     5     5  2296   162
 449 1696.3052  989.9777    20     5     5  2078   410
 450 1471.1677  990.8906    20     5     5  2252    66
 451 1588.5932  991.2991    22     5     5  2409   208
 452 1709.5944  991.3923    21     5     5  2025   416
 453 1483.8788  992.3035    20     5     5  2262    74
 454 1601.6978  992.7127    22     5     5  2374   202
 455 1723.0772  992.8772    16     5     4  1195    -1
 456 1496.6639  993.7698    21     5     5  2362    82
 457 1614.8543  994.1096    22     6     5  2291   199
 458 1509.5314  995.1544    20     5     5  2305    95
 459 1628.1494  995.5593    23     6     5  2348   213
 460 1522.3998  996.6331    21     5     5  2417    99
 461 1641.3788  996.9969    22     5     6  2239   238
 462 1535.3130  998.0236    19     5     5  2180   113
 463 1654.5751  998.4327    21     5     5  2328   269
 464 1548.2626  999.4992    21     5     5  2356   112
 465 1667.9238  999.8903    22     6     5  2235   339
 466 1561.2427 1000.9353    19     5     5  2147   145
 467 1681.3696 1001.2739    22     5     5  2281   399
 468 1574.2843 1002.3745    22     5     5  2375   161
 469 1694.6446 1002.7352    22     5     5  2248   408
 470 1587.3171 1003.8257    21     5     5  2275   188
 471 1708.1415 1004.0544    20     6     5  1873    -1
 472 1600.4279 1005.2290    22     5     5  2362   242
 473 1721.5418 1005.6407    20     5     5  1455   381
 474 1613.4976 1006.7005    21     5     5  2307   249
 475 1626.6579 1008.0976    21     5     5  2228   263
 476 1639.8705 1009.5465    23     6     5  2289   290
 477 1653.2108 1010.9883    18     5     4  1965   305
 478 1666.4497 1012.4479    21     5     5  2164   315
 479 1679.7542 1013.9391    18     5     4  1738   346
 480 1693.1524 1015.3524    19     5     5  1675   354
 481 1706.4612 1016.9302    18     5     4  1416   368
 482 1719.8926 1018.1380    14     4     4   863   388
 483 1657.1875 1028.9107     6     3     2   412   389
 484 1692.3673 1030.4452   135    33    11  8302     0
 485 1673.5571 1030.6714     6     3     3   370   455
