487
   0  769.6892  682.6622     6     4     2   337    -1
   1  758.6573  683.0461    69    17     6  4003   228
   2  787.3824  683.1863     5     3     3   301   451
   3  736.9444  696.7222     8     3     3   418    -1
   4  747.5692  697.3553    10     3     4   659    -1
   5  758.5000  698.2585    13     4     5  1002   453
   6  970.9902  698.4804     5     3     3   301    -1
   7  769.6388  699.1608    15     4     4  1204   389
   8  780.8287  700.0962    15     4     4  1322   381
   9  791.9463  701.0701    15     4     4  1420   362
  10  990.7366  701.5963   173    33    13 11237   454
  11  803.0337  702.0154    16     4     4  1512   350
  12  814.1920  702.9731    16     5     4  1563   329
  13  825.5090  703.9537    18     5     5  1678   319
  14  836.8262  704.8992    18     5     5  1694   322
  15  848.0355  705.8108    17     4     5  1709   298
  16  859.3643  706.7360    19     5     5  1827   258
  17  870.8806  707.6581    20     5     5  1917   257
  18  882.1232  708.5731    18     5     5  1858   234
  19  736.9118  708.9059    13     4     4   820    -1
  20  893.6988  709.4792    19     5     5  1911   237
  21  747.8664  709.7646    14     4     5  1093    -1
  22  905.0321  710.4279    18     4     5  1913   207
  23  758.8823  710.6438    17     4     5  1483   436
  24  916.6631  711.3467    19     5     5  1974   194
  25  769.9292  711.4764    17     4     5  1528   374
  26  928.0481  712.2948    20     5     5  2009   189
  27  780.9885  712.3348    17     4     5  1546   367
  28  939.7571  713.2383    19     5     5  2039   183
  29  792.0784  713.2479    17     4     5  1564   354
  30  729.2558  713.8023    32     2    19  1686    -1
  31  951.1686  714.1471    18     5     5  1920   156
  32  803.1686  714.1987    18     5     5  1597    -1
  33  962.9032  715.1220    19     5     5  1942   140
  34  814.3695  715.1429    18     5     5  1628   342
  35  974.5190  716.0338    17     5     4  1796   158
  36  825.7226  716.0980    19     5     5  1736   315
  37  986.1349  716.9884    15     4     4  1610   125
  38  836.9510  717.0729    16     4     5  1596   310
  39  997.9522  717.9707    16     4     4  1448   170
  40  848.1278  718.0369    18     5     5  1714   284
  41 1009.8012  718.9255    14     4     4  1022   245
  42  859.5247  719.0065    17     5     4  1699   290
  43  870.9345  720.0110    16     4     4  1663    -1
  44  882.2130  720.9549    17     5     4  1749   243
  45  737.2647  720.9575    11     4     4   703    -1
  46  748.1150  721.9125    15     4     4  1150    -1
  47  893.7412  721.9441    18     5     5  1812   213
  48  759.0696  722.8328    16     4     5  1425    -1
  49  905.1011  722.8789    17     5     5  1800   180
  50  770.1038  723.7900    16     4     5  1431   385
  51  916.6417  723.8816    20     5     5  1967   182
  52  781.1708  724.7113    17     4     5  1503   369
  53  928.0774  724.7843    17     4     5  1877   192
  54  792.2761  725.6582    19     5     5  1620   349
  55  939.6954  725.7897    21     5     5  2089   417
  56  803.4518  726.6009    19     5     5  1634   320
  57  951.1394  726.7131    19     5     5  2076   137
  58  814.6538  727.5685    18     5     5  1615   327
  59  962.8683  727.6885    20     5     5  2162   120
  60  825.9054  728.5166    17     4     5  1632   293
  61  974.3645  728.6646    19     5     5  2153   116
  62  837.0392  729.4445    18     4     5  1729   296
  63  986.1079  729.6238    17     4     5  1916   100
  64  848.2240  730.3812    19     5     5  1758   271
  65  997.8607  730.5745    16     4     5  1726   151
  66  859.6701  731.3707    19     5     5  1785   278
  67 1009.6351  731.4730    17     5     5  1405   291
  68  870.9907  732.3233    17     4     5  1761   251
  69  737.6267  732.9200    11     3     4   700   443
  70  882.2500  733.2741    19     5     5  1822   219
  71  748.4620  733.9701    13     4     4  1018    -1
  72  893.7972  734.2707    19     5     5  1892   218
  73  759.3168  734.9790    16     5     4  1395   371
  74  905.0679  735.2316    19     5     5  1885   171
  75  770.3764  735.9439    17     5     4  1465   377
  76  916.6687  736.1902    19     5     5  1928   154
  77  781.4670  736.9411    17     5     4  1487   345
  78  928.0424  737.1782    18     4     5  1879   163
  79  792.5980  737.9288    17     5     4  1503   337
  80  939.6305  738.1324    19     5     5  2000   152
  81  803.7026  738.8803    16     5     5  1481   318
  82  951.0983  739.1320    18     5     5  1968   118
  83  814.8879  739.8413    17     5     5  1559   325
  84  962.7829  740.1254    19     5     5  2106    83
  85  825.9915  740.8420    16     4     5  1569   313
  86  974.2865  741.0662    19     5     5  2121    76
  87  837.1167  741.8121    17     4     5  1651   297
  88  985.9992  742.0669    17     4     5  2046    60
  89  848.4186  742.7922    19     5     5  1761   268
  90  997.7166  743.0264    16     5     4  1765   103
  91  859.7877  743.7926    18     5     5  1710   292
  92 1009.3349  744.0180    14     4     4  1227   173
  93  871.0211  744.7361    17     4     5  1752   217
  94  737.8741  744.9966    11     4     4   697   399
  95  882.3286  745.7129    19     5     5  1866   209
  96  748.7850  745.9512    14     4     4  1079   391
  97  893.8640  746.7149    20     5     5  1912   239
  98  759.6837  746.9592    16     5     4  1388   388
  99  905.0844  747.6801    18     5     5  1877   176
 100  770.6941  747.9655    16     5     4  1408   380
 101  916.6483  748.6895    21     5     5  2021   144
 102  781.7281  748.9750    16     5     4  1440   376
 103  928.0389  749.6528    17     4     5  1904   233
 104  792.8192  749.9796    16     5     4  1461   341
 105  939.5905  750.6590    21     5     5  2100   143
 106  803.9020  750.9793    15     4     4  1449   368
 107  951.0508  751.6282    17     4     5  1981   113
 108  814.9945  751.9751    16     4     4  1524   359
 109  962.6949  752.6054    21     5     5  2189   195
 110  826.0782  752.9788    15     4     4  1504   312
 111  974.1694  753.5940    19     5     5  2163    74
 112  837.2731  753.9956    17     5     4  1639   351
 113  985.9280  754.5581    19     5     5  2207    50
 114  848.5684  754.9876    17     5     4  1654   335
 115  997.5457  755.5883    20     5     5  1940   426
 116  859.8694  755.9836    16     5     4  1623   249
 117 1009.1629  756.4831    16     4     5  1331    94
 118  871.0858  756.9667    16     4     4  1657   332
 119  738.2290  756.9774    13     4     4   805   393
 120  882.4082  757.9887    17     5     4  1732   331
 121  749.0903  758.0318    14     4     4  1093   439
 122  893.8567  759.0022    17     5     4  1750   201
 123  759.9556  759.0312    15     4     4  1358   434
 124  905.1125  759.9650    17     5     4  1779   304
 125  770.9279  760.0240    15     4     4  1374   445
 126  916.6071  761.0095    17     5     4  1802   309
 127  781.9561  761.0347    15     4     4  1399   352
 128  928.0309  761.9897    16     4     4  1770   135
 129  792.9668  762.0451    15     4     4  1427   402
 130  939.5108  763.0000    18     5     4  1918   357
 131  804.0137  763.0655    15     4     4  1445   328
 132  951.0173  763.9884    16     4     4  1838    -1
 133  815.0658  764.0546    16     4     4  1514   287
 134  962.5559  765.0051    17     5     4  1923   410
 135  826.1712  765.0543    16     5     4  1536   289
 136  974.0903  765.9928    17     5     4  1968    -1
 137  837.4055  766.0472    17     5     4  1612   382
 138  985.8093  767.0090    18     5     4  2067    -1
 139  848.6824  767.0557    17     5     4  1667   273
 140  997.3436  767.9932    17     5     4  1809   413
 141  859.9431  768.0796    16     4     5  1635   247
 142 1009.0207  769.0150    15     4     4  1282    -1
 143  871.0934  769.1040    18     5     5  1751   236
 144  738.5069  769.1138    11     3     4   695   395
 145  882.4737  770.0863    18     5     5  1775   186
 146  749.2613  770.0995    14     4     4  1077   384
 147  760.1131  771.0628    15     4     4  1347    -1
 148  893.9022  771.1681    18     5     5  1825   193
 149  771.0967  772.0659    15     4     4  1365   344
 150  905.0925  772.1656    18     5     5  1830   400
 151  782.0886  773.0823    15     4     4  1382   336
 152  916.6359  773.1721    19     5     5  1929   142
 153  793.1031  774.0863    15     4     4  1405   314
 154  928.0050  774.2455    17     4     5  1852   129
 155  804.1533  775.0997    17     4     5  1522   300
 156  939.4557  775.2047    19     5     5  1966   175
 157  815.2278  776.1201    16     5     5  1487   303
 158  950.9747  776.2774    17     4     5  1937   105
 159  826.3548  777.1321    18     5     5  1623   262
 160  962.4576  777.2749    20     5     5  2084    56
 161  837.5742  778.1927    19     5     5  1718   261
 162  974.0013  778.3055    17     4     5  2007    -1
 163  848.8532  779.2415    18     5     5  1724   254
 164  985.6925  779.3312    19     5     5  2129    22
 165  860.0017  780.2393    17     4     5  1717   208
 166  997.1013  780.3190    19     5     5  1878    67
 167  738.8237  780.9892    11     4     4   689   397
 168  871.1518  781.2824    18     5     5  1750   211
 169 1008.9278  781.3172    16     4     5  1347   412
 170  749.5904  782.0226    13     4     4  1004   433
 171  882.5552  782.3489    19     5     5  1837   178
 172  760.3715  783.0590    15     5     4  1326   353
 173  893.9242  783.4143    17     4     5  1807   177
 174  771.3223  784.0702    15     5     4  1341   339
 175  905.1116  784.4263    18     5     5  1863   160
 176  782.2822  785.0858    15     5     4  1356   334
 177  916.6277  785.4691    20     5     5  1971   126
 178  793.2750  786.0975    15     5     4  1381   306
 179  928.0116  786.5464    18     4     5  1934   108
 180  804.3092  787.1107    16     5     5  1455   286
 181  939.3693  787.6102    19     5     5  1975   102
 182  815.4023  788.1662    19     5     5  1636   348
 183  950.9616  788.6489    19     5     5  2031    86
 184  826.5549  789.2445    19     5     5  1678   240
 185  962.3216  789.6940    19     5     5  2043    47
 186  837.7631  790.3238    19     5     5  1733   246
 187  973.9803  790.7092    17     4     5  1964    82
 188  848.9263  791.3685    17     4     5  1671   220
 189  985.4841  791.7933    19     5     5  2082    38
 190  860.0419  792.3926    16     4     5  1647   253
 191  997.0325  792.8131    17     4     5  1789    81
 192  739.1818  792.9675    12     4     4   754   394
 193  871.2252  793.4800    19     5     5  1798   200
 194 1008.8257  793.8838    13     4     4  1132   212
 195  749.9509  793.9509    14     4     4  1077   373
 196  882.6161  794.5727    20     5     5  1853   162
 197  760.7432  794.9726    16     5     4  1384   386
 198  893.9505  795.6418    18     4     5  1810   161
 199  771.6916  796.0008    16     5     4  1395   326
 200  905.1203  796.6757    18     5     5  1856   139
 201  782.5821  797.0572    17     5     4  1471   302
 202  916.5849  797.7866    20     5     5  1942    -1
 203  793.5392  798.0972    17     5     4  1488   383
 204  927.9902  798.8042    17     4     5  1823   106
 205  804.5613  799.1120    18     5     5  1552   267
 206  939.3074  799.8823    19     5     5  1978    75
 207  815.6374  800.2105    19     5     5  1634   244
 208  950.8783  800.9213    18     5     5  1923    -1
 209  826.7696  801.3076    19     5     5  1688   425
 210  962.2406  801.9466    17     5     4  1918    44
 211  837.8924  802.3899    17     4     5  1640   226
 212  973.8662  802.9833    17     5     4  1926    58
 213  848.9914  803.4729    17     4     5  1662   215
 214  985.3500  803.9848    17     5     4  1970   409
 215  860.0865  804.5375    17     4     5  1677    -1
 216  739.4919  804.7846    10     3     4   623   398
 217  996.9237  805.0514    16     4     4  1685    69
 218  871.3275  805.5454    19     5     5  1721   196
 219  750.1250  805.9891    15     4     4  1118   387
 220 1008.5321  806.0182    14     4     4  1167   150
 221  882.6979  806.7547    19     5     5  1794   166
 222  760.9746  806.9695    15     4     4  1340   338
 223  893.9597  807.8042    16     4     5  1681   159
 224  771.9290  807.9845    15     4     4  1363   308
 225  905.1249  808.8549    17     4     5  1791   123
 226  782.8740  809.0151    15     4     4  1381    -1
 227  916.5609  809.9402    18     5     5  1836   121
 228  793.8390  810.0475    15     4     4  1402   285
 229  927.9585  810.9678    16     4     4  1764    -1
 230  804.8259  811.1012    15     4     4  1422   294
 231  871.3455  811.6337    23     5     5  2160   128
 232  939.2515  811.9830    17     5     4  1848    73
 233  815.8631  812.1468    16     4     5  1505   252
 234  950.7988  813.0368    17     5     4  1884    78
 235  826.9084  813.2790    17     4     5  1592   223
 236  962.1220  814.0608    18     5     5  1945    37
 237  837.9651  814.3859    17     4     5  1639   224
 238  973.7446  815.1101    19     5     5  2058    40
 239  849.0428  815.4685    17     4     5  1644   438
 240  985.1483  816.1598    18     5     5  2023     9
 241  739.5909  816.5744    10     3     4   621   396
 242  860.1609  816.6032    18     5     5  1714   179
 243  996.8730  817.2568    17     4     5  1775    65
 244  750.5215  817.7554    12     4     4   925   375
 245  871.4610  817.8042    18     5     5  1643   185
 246  876.4271  818.1437    10     4     4   994   330
 247 1008.2783  818.2644    14     4     5  1133   136
 248  882.7769  818.8387    17     5     5  1659    -1
 249  761.1649  818.8837    15     4     4  1326   333
 250  893.9652  819.8580    17     4     5  1727   132
 251  772.0740  819.9520    15     4     4  1365   316
 252  905.1431  820.9459    17     5     4  1783    96
 253  783.0142  820.9811    15     4     4  1386   288
 254  916.5277  821.9936    16     5     4  1740   110
 255  793.9818  822.0136    15     4     4  1410   276
 256  927.9169  823.0361    16     4     4  1757    99
 257  804.9738  823.0552    15     4     4  1438   263
 258  939.1707  824.0528    18     5     5  1884    61
 259  815.9745  824.0921    15     4     4  1456   225
 260  950.7015  825.1169    19     5     5  2002    53
 261  827.0127  825.1720    16     4     5  1547   229
 262  962.0270  826.2314    18     4     5  1976    42
 263  838.0455  826.3000    17     4     5  1620   198
 264  973.6249  827.3113    19     5     5  2079    39
 265  849.0865  827.4285    17     4     5  1619   206
 266  739.9597  828.3226    11     4     4   674   405
 267  985.0318  828.3999    18     4     5  2079     7
 268  860.2593  828.5656    19     5     5  1727    -1
 269  750.7156  829.4969    14     4     5  1020   355
 270  996.7392  829.5779    18     5     5  1799    45
 271  871.5326  829.7459    19     5     5  1747   131
 272  761.5203  830.6590    17     5     5  1391   305
 273 1008.1178  830.6868    15     4     5  1221    84
 274  882.7861  830.8557    17     5     5  1668   127
 275  772.2961  831.7953    16     5     4  1369    -1
 276  893.9761  831.9040    16     4     4  1659   424
 277  783.1799  832.9057    15     4     4  1381   447
 278  905.1448  832.9634    16     5     4  1715    91
 279  794.0964  833.9552    15     4     4  1409   282
 280  916.5074  834.0064    17     5     4  1792    93
 281  805.0551  835.0110    15     4     4  1431   404
 282  927.8969  835.0680    16     5     4  1770    92
 283  816.0633  836.0546    16     4     4  1487    -1
 284  939.1020  836.1538    18     5     5  1885    55
 285  827.0716  837.1180    16     4     4  1512   235
 286  950.6145  837.2471    19     5     5  1998    43
 287  838.1060  838.2011    15     4     5  1486    -1
 288  961.9942  838.3625    17     4     5  1977    23
 289  849.1805  839.3174    17     5     5  1595   184
 290  973.4316  839.5196    21     5     5  2175    20
 291  740.4645  840.0745    11     3     4   691   392
 292  860.3555  840.5052    19     5     5  1725   153
 293  985.0013  840.6448    17     4     5  2031     5
 294  751.0753  841.1411    14     4     4  1065   356
 295  871.5915  841.6880    19     5     5  1748   138
 296  996.4954  841.8161    18     5     5  1770    30
 297  761.7765  842.2612    17     4     5  1407   411
 298  882.8461  842.8222    17     5     5  1685    98
 299 1007.9266  842.8883    15     4     4  1247   114
 300  772.5725  843.4728    17     5     5  1402    -1
 301  893.9858  843.8975    17     4     5  1733   124
 302  783.4671  844.6367    19     5     5  1528   260
 303  905.1440  844.9617    16     5     4  1727    95
 304  794.3124  845.8148    17     5     4  1463   429
 305  916.4861  846.0080    16     5     4  1737    62
 306  805.2301  846.9183    16     5     4  1467    -1
 307  927.8522  847.0842    17     5     5  1824    64
 308  816.1932  847.9901    16     5     4  1504   232
 309  939.0549  848.1959    17     4     5  1843    49
 310  827.2044  849.0460    16     5     4  1507    -1
 311  950.5039  849.2963    19     5     5  1981    26
 312  838.2321  850.0820    16     5     4  1513   203
 313  961.9616  850.4875    17     4     5  1970    16
 314  849.2405  851.1811    17     5     5  1590   169
 315  973.2625  851.6459    19     5     5  2074    14
 316  740.6298  851.7366    11     3     4   681   437
 317  860.4044  852.3450    20     5     5  1774   115
 318  984.9296  852.7923    19     5     5  2072     0
 319  751.2401  853.0282    14     4     4  1054   430
 320  871.6439  853.5689    18     5     5  1713   147
 321  996.2215  853.9464    17     5     4  1755    29
 322  762.0050  854.0248    15     4     4  1354   317
 323  882.8936  854.7600    16     5     5  1646   109
 324 1007.8198  854.9033    14     4     4  1191   130
 325  772.8569  855.1246    15     4     4  1344   259
 326  893.9966  855.8503    16     4     5  1682   372
 327  783.7090  856.2575    19     5     5  1548   216
 328  905.1411  856.9588    16     5     4  1711    89
 329  794.5511  857.4885    17     5     5  1457   264
 330  916.4497  858.0016    17     5     4  1785    72
 331  805.4890  858.7142    19     5     5  1585   204
 332  927.8199  859.0707    17     5     4  1819    54
 333  816.4239  859.8851    17     5     4  1520   227
 334  939.0312  860.2133    17     4     5  1844    31
 335  827.3768  860.9622    17     5     4  1564   197
 336  950.3842  861.3200    21     5     5  2078    32
 337  838.3659  862.0212    17     5     4  1581   360
 338  961.9160  862.5391    18     5     5  2001    11
 339  849.4053  863.0535    16     5     4  1539   358
 340  740.7909  863.4182    10     4     3   610   407
 341  973.1816  863.7114    19     5     5  2090    13
 342  860.5156  864.1636    19     5     5  1717   146
 343  751.5888  864.7105    12     4     4   904   406
 344  984.7818  864.8822    19     5     5  2075     1
 345  871.7259  865.3950    19     5     5  1769   422
 346  762.1995  865.8796    15     4     4  1319   277
 347  996.0889  865.9482    15     4     4  1667     8
 348  882.9174  866.6161    17     5     5  1703   419
 349  773.0107  866.9745    15     4     4  1359   265
 350 1007.7051  866.9970    14     4     4  1207    35
 351  893.9861  867.7821    17     4     5  1747    97
 352  783.9315  868.0102    15     4     4  1385   401
 353  905.1440  868.9275    17     5     4  1760   421
 354  794.7987  869.1085    15     4     4  1386   230
 355  916.4291  869.9876    17     5     4  1781   301
 356  805.6651  870.2752    19     5     5  1586   363
 357  927.7769  871.0393    17     5     4  1818    51
 358  816.5798  871.5360    17     5     5  1489   403
 359  939.0131  872.1811    16     4     5  1794    28
 360  827.6083  872.7804    17     5     5  1524   174
 361  950.2519  873.3149    20     5     5  2032    34
 362  838.5714  873.9286    17     5     4  1564   361
 363  961.8154  874.5420    19     5     5  2044     4
 364  741.3029  874.9453    11     4     4   687   370
 365  849.5652  874.9811    16     5     4  1567   364
 366  973.0675  875.7246    17     4     5  1990    15
 367  860.6509  876.0324    17     5     4  1652   148
 368  751.8232  876.1829    15     4     4  1078   343
 369  984.5781  876.9020    18     5     5  2027     2
 370  871.7653  877.1418    19     5     5  1768   423
 371  762.4327  877.3423    17     5     5  1370   441
 372  995.9771  877.9626    16     4     4  1695    10
 373  882.9243  878.3578    17     4     5  1722   340
 374  773.2441  878.5955    17     4     5  1405   242
 375 1007.4526  879.0258    15     5     4  1235    68
 376  893.9994  879.5645    16     4     5  1699    -1
 377  784.0598  879.8589    15     4     4  1377   270
 378  905.1211  880.7889    17     4     5  1750   311
 379  794.9547  880.9455    15     4     4  1401   366
 380  916.4095  881.9591    17     5     4  1778   299
 381  805.8803  882.0081    15     4     4  1431   202
 382  927.7069  883.0074    17     5     4  1802   420
 383  816.7588  883.1330    17     5     4  1534   191
 384  938.9710  884.0994    15     4     4  1716   307
 385  827.6847  884.3326    19     5     5  1643   323
 386  950.1663  885.2187    17     5     5  1863   283
 387  838.6977  885.6676    18     5     5  1598   157
 388  961.6519  886.4654    19     5     5  1990   415
 389  741.5750  886.6083    10     3     4   620   378
 390  849.7182  886.8794    16     5     5  1538   172
 391  972.9915  887.6900    17     4     5  1971   269
 392  752.0196  887.9190    13     4     4  1008   347
 393  860.7503  887.9326    16     5     4  1579   274
 394  984.4313  888.8951    18     5     5  2006     3
 395  762.7947  888.9614    15     4     4  1320   266
 396  871.8394  889.0174    16     5     4  1631   107
 397  995.8777  889.9744    15     4     4  1629   295
 398  773.4284  890.1021    16     5     4  1373   280
 399  882.9462  890.1130    16     4     5  1645    80
 400 1007.1842  891.0870    14     4     4  1194   346
 401  784.2224  891.2293    14     4     5  1280   256
 402  894.0247  891.2870    17     4     5  1742   241
 403  905.1020  892.5591    17     4     5  1747   418
 404  795.0694  892.5599    16     4     5  1434   222
 405  916.3743  893.8370    19     5     5  1849   408
 406  805.9721  893.8636    15     4     4  1432   214
 407  816.8991  894.9349    15     4     4  1449   181
 408  927.6761  894.9530    17     5     4  1764   190
 409  938.9232  896.0266    16     4     4  1757   414
 410  827.8479  896.0293    15     4     4  1483   188
 411  950.0982  897.1409    18     5     5  1883   416
 412  838.7893  897.1625    17     5     4  1576   187
 413  741.6858  898.1195     9     3     4   563   379
 414  961.5168  898.3077    19     5     5  1964   149
 415  849.8000  898.4368    18     5     5  1660   133
 416  752.3993  899.2987    13     4     4   948   324
 417  972.9492  899.6034    16     4     5  1893   141
 418  860.8462  899.7397    16     5     5  1580   117
 419  762.9750  900.5942    15     4     5  1270   272
 420  984.2383  900.8189    19     5     5  2104    17
 421  871.8990  900.8990    16     4     4  1597   122
 422  773.7962  901.8547    13     4     4  1197   275
 423  995.7373  901.9282    15     5     4  1614   168
 424  882.9406  901.9874    16     4     4  1633    87
 425  784.5152  902.9579    16     5     4  1394   250
 426  894.0071  903.0993    15     4     4  1596    88
 427 1007.0455  903.1054    13     4     4  1167   248
 428  795.2266  904.1000    15     5     4  1390   231
 429  905.1007  904.2250    16     5     5  1669    85
 430  806.0908  905.2468    15     4     5  1449   205
 431  916.2841  905.5365    19     5     5  1853    41
 432  816.9839  906.6108    16     4     5  1513   199
 433  927.6438  906.8445    18     5     5  1797    27
 434  827.9248  907.8622    16     4     5  1551   145
 435  938.8944  907.9467    17     5     4  1806    24
 436  838.8885  908.9772    15     4     4  1517   155
 437  950.0667  909.0515    16     4     4  1790    -1
 438  742.3462  909.1923     6     3     3   313   390
 439  849.8815  910.0586    16     5     4  1602   134
 440  961.3868  910.1226    18     5     5  1907     6
 441  752.6355  910.8032    11     3     4   705   365
 442  860.8828  911.2227    17     4     5  1665   111
 443  972.8558  911.4168    18     5     5  1982    18
 444  763.1945  912.0303    13     4     4   997   321
 445  871.9289  912.5705    17     4     5  1687    70
 446  984.1017  912.6694    17     4     5  1995    33
 447  773.9675  913.1675    14     4     4  1100   281
 448  882.9570  913.8151    16     4     5  1660    90
 449  995.5673  913.9227    16     5     4  1647    -1
 450  784.7110  914.5096    14     4     5  1117   255
 451  894.0207  914.9435    16     4     4  1668    77
 452 1006.9344  914.9980    13     4     4  1138    -1
 453  795.5100  915.7635    16     5     4  1301   221
 454  905.1093  916.0638    16     4     4  1678    59
 455  806.2162  916.9551    15     4     4  1363   238
 456  916.2153  917.1617    17     5     5  1728    52
 457  817.0820  918.0480    14     4     4  1346   210
 458  927.5427  918.4901    19     5     5  1863    48
 459  828.0398  919.1814    16     4     5  1478   167
 460  938.8323  919.7964    17     5     5  1798    19
 461  838.9570  920.5888    16     4     5  1498   165
 462  950.0220  920.9439    16     4     4  1798    -1
 463  849.9201  921.8253    14     4     4  1407   164
 464  961.2663  922.0287    17     5     4  1877    12
 465  860.9152  922.9262    15     4     4  1475   119
 466  972.6702  923.1586    19     5     5  2031    25
 467  871.9460  924.0488    15     4     4  1519   112
 468  984.0133  924.4407    16     4     5  1930    36
 469  883.0058  925.2343    17     4     5  1629    63
 470  764.3915  925.4269    56    17     6  3224   279
 471  995.2472  925.7254    17     5     5  1653    -1
 472  893.9975  926.5948    16     4     5  1612    71
 473 1006.7441  926.8391    13     4     4  1113    -1
 474  905.0751  927.8651    15     4     4  1569   101
 475  916.2063  928.9915    16     5     4  1624    66
 476  927.4149  930.0407    17     5     4  1673    46
 477  938.7612  931.3271    19     5     5  1777    21
 478  949.9433  932.7016    16     4     5  1673    -1
 479  961.1087  933.8949    15     4     4  1578    57
 480  972.4674  934.9883    16     5     4  1566    79
 481  983.9164  936.1361    15     4     4  1492   104
 482  781.5588  937.0882     8     5     3   417   452
 483  995.1763  937.4002    14     4     5  1151    -1
 484 1006.4394  938.6515    10     3     4   698    -1
 485  969.0625  951.0625     5     3     2   298    -1
 486  986.8363  951.4225   175    31    14 11215    -1
