# x,y,X,Y,Z
7.050000000000000000e+02 1.250000000000000000e+03 0.000000000000000000e+00 7.000000000000000000e+02 1.500000000000000000e+02
7.570000000000000000e+02 1.241000000000000000e+03 7.500000000000000000e+01 7.000000000000000000e+02 1.500000000000000000e+02
8.080000000000000000e+02 1.231000000000000000e+03 1.500000000000000000e+02 7.000000000000000000e+02 1.500000000000000000e+02
8.590000000000000000e+02 1.222000000000000000e+03 2.250000000000000000e+02 7.000000000000000000e+02 1.500000000000000000e+02
9.090000000000000000e+02 1.213000000000000000e+03 3.000000000000000000e+02 7.000000000000000000e+02 1.500000000000000000e+02
9.600000000000000000e+02 1.204000000000000000e+03 3.750000000000000000e+02 7.000000000000000000e+02 1.500000000000000000e+02
1.009000000000000000e+03 1.195000000000000000e+03 4.500000000000000000e+02 7.000000000000000000e+02 1.500000000000000000e+02
1.059000000000000000e+03 1.186000000000000000e+03 5.250000000000000000e+02 7.000000000000000000e+02 1.500000000000000000e+02
1.108000000000000000e+03 1.177000000000000000e+03 6.000000000000000000e+02 7.000000000000000000e+02 1.500000000000000000e+02
1.157000000000000000e+03 1.168000000000000000e+03 6.750000000000000000e+02 7.000000000000000000e+02 1.500000000000000000e+02
1.206000000000000000e+03 1.159000000000000000e+03 7.500000000000000000e+02 7.000000000000000000e+02 1.500000000000000000e+02
1.254000000000000000e+03 1.150000000000000000e+03 8.250000000000000000e+02 7.000000000000000000e+02 1.500000000000000000e+02
1.302000000000000000e+03 1.141000000000000000e+03 9.000000000000000000e+02 7.000000000000000000e+02 1.500000000000000000e+02
1.349000000000000000e+03 1.132000000000000000e+03 9.750000000000000000e+02 7.000000000000000000e+02 1.500000000000000000e+02
1.396000000000000000e+03 1.123000000000000000e+03 1.050000000000000000e+03 7.000000000000000000e+02 1.500000000000000000e+02
1.443000000000000000e+03 1.114000000000000000e+03 1.125000000000000000e+03 7.000000000000000000e+02 1.500000000000000000e+02
1.490000000000000000e+03 1.105000000000000000e+03 1.200000000000000000e+03 7.000000000000000000e+02 1.500000000000000000e+02
1.536000000000000000e+03 1.097000000000000000e+03 1.275000000000000000e+03 7.000000000000000000e+02 1.500000000000000000e+02
1.582000000000000000e+03 1.088000000000000000e+03 1.350000000000000000e+03 7.000000000000000000e+02 1.500000000000000000e+02
1.628000000000000000e+03 1.080000000000000000e+03 1.425000000000000000e+03 7.000000000000000000e+02 1.500000000000000000e+02
1.673000000000000000e+03 1.071000000000000000e+03 1.500000000000000000e+03 7.000000000000000000e+02 1.500000000000000000e+02
1.718000000000000000e+03 1.063000000000000000e+03 1.575000000000000000e+03 7.000000000000000000e+02 1.500000000000000000e+02
1.762000000000000000e+03 1.054000000000000000e+03 1.650000000000000000e+03 7.000000000000000000e+02 1.500000000000000000e+02
1.807000000000000000e+03 1.046000000000000000e+03 1.725000000000000000e+03 7.000000000000000000e+02 1.500000000000000000e+02
1.851000000000000000e+03 1.037000000000000000e+03 1.800000000000000000e+03 7.000000000000000000e+02 1.500000000000000000e+02
7.030000000000000000e+02 1.204000000000000000e+03 0.000000000000000000e+00 7.000000000000000000e+02 2.250000000000000000e+02
7.550000000000000000e+02 1.194000000000000000e+03 7.500000000000000000e+01 7.000000000000000000e+02 2.250000000000000000e+02
8.060000000000000000e+02 1.185000000000000000e+03 1.500000000000000000e+02 7.000000000000000000e+02 2.250000000000000000e+02
8.570000000000000000e+02 1.176000000000000000e+03 2.250000000000000000e+02 7.000000000000000000e+02 2.250000000000000000e+02
9.080000000000000000e+02 1.167000000000000000e+03 3.000000000000000000e+02 7.000000000000000000e+02 2.250000000000000000e+02
9.580000000000000000e+02 1.158000000000000000e+03 3.750000000000000000e+02 7.000000000000000000e+02 2.250000000000000000e+02
1.009000000000000000e+03 1.149000000000000000e+03 4.500000000000000000e+02 7.000000000000000000e+02 2.250000000000000000e+02
1.058000000000000000e+03 1.140000000000000000e+03 5.250000000000000000e+02 7.000000000000000000e+02 2.250000000000000000e+02
1.108000000000000000e+03 1.131000000000000000e+03 6.000000000000000000e+02 7.000000000000000000e+02 2.250000000000000000e+02
1.157000000000000000e+03 1.122000000000000000e+03 6.750000000000000000e+02 7.000000000000000000e+02 2.250000000000000000e+02
1.206000000000000000e+03 1.113000000000000000e+03 7.500000000000000000e+02 7.000000000000000000e+02 2.250000000000000000e+02
1.254000000000000000e+03 1.104000000000000000e+03 8.250000000000000000e+02 7.000000000000000000e+02 2.250000000000000000e+02
1.302000000000000000e+03 1.096000000000000000e+03 9.000000000000000000e+02 7.000000000000000000e+02 2.250000000000000000e+02
1.350000000000000000e+03 1.087000000000000000e+03 9.750000000000000000e+02 7.000000000000000000e+02 2.250000000000000000e+02
1.397000000000000000e+03 1.078000000000000000e+03 1.050000000000000000e+03 7.000000000000000000e+02 2.250000000000000000e+02
1.444000000000000000e+03 1.069000000000000000e+03 1.125000000000000000e+03 7.000000000000000000e+02 2.250000000000000000e+02
1.491000000000000000e+03 1.061000000000000000e+03 1.200000000000000000e+03 7.000000000000000000e+02 2.250000000000000000e+02
1.538000000000000000e+03 1.052000000000000000e+03 1.275000000000000000e+03 7.000000000000000000e+02 2.250000000000000000e+02
1.584000000000000000e+03 1.044000000000000000e+03 1.350000000000000000e+03 7.000000000000000000e+02 2.250000000000000000e+02
1.629000000000000000e+03 1.035000000000000000e+03 1.425000000000000000e+03 7.000000000000000000e+02 2.250000000000000000e+02
1.675000000000000000e+03 1.027000000000000000e+03 1.500000000000000000e+03 7.000000000000000000e+02 2.250000000000000000e+02
1.720000000000000000e+03 1.018000000000000000e+03 1.575000000000000000e+03 7.000000000000000000e+02 2.250000000000000000e+02
1.765000000000000000e+03 1.010000000000000000e+03 1.650000000000000000e+03 7.000000000000000000e+02 2.250000000000000000e+02
1.810000000000000000e+03 1.002000000000000000e+03 1.725000000000000000e+03 7.000000000000000000e+02 2.250000000000000000e+02
1.854000000000000000e+03 9.930000000000000000e+02 1.800000000000000000e+03 7.000000000000000000e+02 2.250000000000000000e+02
7.000000000000000000e+02 1.157000000000000000e+03 0.000000000000000000e+00 7.000000000000000000e+02 3.000000000000000000e+02
7.520000000000000000e+02 1.148000000000000000e+03 7.500000000000000000e+01 7.000000000000000000e+02 3.000000000000000000e+02
8.040000000000000000e+02 1.139000000000000000e+03 1.500000000000000000e+02 7.000000000000000000e+02 3.000000000000000000e+02
8.560000000000000000e+02 1.130000000000000000e+03 2.250000000000000000e+02 7.000000000000000000e+02 3.000000000000000000e+02
9.070000000000000000e+02 1.121000000000000000e+03 3.000000000000000000e+02 7.000000000000000000e+02 3.000000000000000000e+02
9.570000000000000000e+02 1.112000000000000000e+03 3.750000000000000000e+02 7.000000000000000000e+02 3.000000000000000000e+02
1.008000000000000000e+03 1.103000000000000000e+03 4.500000000000000000e+02 7.000000000000000000e+02 3.000000000000000000e+02
1.058000000000000000e+03 1.094000000000000000e+03 5.250000000000000000e+02 7.000000000000000000e+02 3.000000000000000000e+02
1.108000000000000000e+03 1.085000000000000000e+03 6.000000000000000000e+02 7.000000000000000000e+02 3.000000000000000000e+02
1.157000000000000000e+03 1.076000000000000000e+03 6.750000000000000000e+02 7.000000000000000000e+02 3.000000000000000000e+02
1.206000000000000000e+03 1.067000000000000000e+03 7.500000000000000000e+02 7.000000000000000000e+02 3.000000000000000000e+02
1.254000000000000000e+03 1.059000000000000000e+03 8.250000000000000000e+02 7.000000000000000000e+02 3.000000000000000000e+02
1.303000000000000000e+03 1.050000000000000000e+03 9.000000000000000000e+02 7.000000000000000000e+02 3.000000000000000000e+02
1.351000000000000000e+03 1.041000000000000000e+03 9.750000000000000000e+02 7.000000000000000000e+02 3.000000000000000000e+02
1.398000000000000000e+03 1.033000000000000000e+03 1.050000000000000000e+03 7.000000000000000000e+02 3.000000000000000000e+02
1.445000000000000000e+03 1.024000000000000000e+03 1.125000000000000000e+03 7.000000000000000000e+02 3.000000000000000000e+02
1.493000000000000000e+03 1.016000000000000000e+03 1.200000000000000000e+03 7.000000000000000000e+02 3.000000000000000000e+02
1.539000000000000000e+03 1.007000000000000000e+03 1.275000000000000000e+03 7.000000000000000000e+02 3.000000000000000000e+02
1.586000000000000000e+03 9.990000000000000000e+02 1.350000000000000000e+03 7.000000000000000000e+02 3.000000000000000000e+02
1.632000000000000000e+03 9.910000000000000000e+02 1.425000000000000000e+03 7.000000000000000000e+02 3.000000000000000000e+02
1.677000000000000000e+03 9.820000000000000000e+02 1.500000000000000000e+03 7.000000000000000000e+02 3.000000000000000000e+02
1.723000000000000000e+03 9.740000000000000000e+02 1.575000000000000000e+03 7.000000000000000000e+02 3.000000000000000000e+02
1.768000000000000000e+03 9.660000000000000000e+02 1.650000000000000000e+03 7.000000000000000000e+02 3.000000000000000000e+02
1.813000000000000000e+03 9.580000000000000000e+02 1.725000000000000000e+03 7.000000000000000000e+02 3.000000000000000000e+02
1.857000000000000000e+03 9.490000000000000000e+02 1.800000000000000000e+03 7.000000000000000000e+02 3.000000000000000000e+02
6.980000000000000000e+02 1.110000000000000000e+03 0.000000000000000000e+00 7.000000000000000000e+02 3.750000000000000000e+02
7.500000000000000000e+02 1.101000000000000000e+03 7.500000000000000000e+01 7.000000000000000000e+02 3.750000000000000000e+02
8.020000000000000000e+02 1.092000000000000000e+03 1.500000000000000000e+02 7.000000000000000000e+02 3.750000000000000000e+02
8.540000000000000000e+02 1.083000000000000000e+03 2.250000000000000000e+02 7.000000000000000000e+02 3.750000000000000000e+02
9.050000000000000000e+02 1.074000000000000000e+03 3.000000000000000000e+02 7.000000000000000000e+02 3.750000000000000000e+02
9.560000000000000000e+02 1.065000000000000000e+03 3.750000000000000000e+02 7.000000000000000000e+02 3.750000000000000000e+02
1.007000000000000000e+03 1.056000000000000000e+03 4.500000000000000000e+02 7.000000000000000000e+02 3.750000000000000000e+02
1.057000000000000000e+03 1.047000000000000000e+03 5.250000000000000000e+02 7.000000000000000000e+02 3.750000000000000000e+02
1.107000000000000000e+03 1.039000000000000000e+03 6.000000000000000000e+02 7.000000000000000000e+02 3.750000000000000000e+02
1.157000000000000000e+03 1.030000000000000000e+03 6.750000000000000000e+02 7.000000000000000000e+02 3.750000000000000000e+02
1.206000000000000000e+03 1.021000000000000000e+03 7.500000000000000000e+02 7.000000000000000000e+02 3.750000000000000000e+02
1.255000000000000000e+03 1.013000000000000000e+03 8.250000000000000000e+02 7.000000000000000000e+02 3.750000000000000000e+02
1.303000000000000000e+03 1.004000000000000000e+03 9.000000000000000000e+02 7.000000000000000000e+02 3.750000000000000000e+02
1.351000000000000000e+03 9.950000000000000000e+02 9.750000000000000000e+02 7.000000000000000000e+02 3.750000000000000000e+02
1.399000000000000000e+03 9.870000000000000000e+02 1.050000000000000000e+03 7.000000000000000000e+02 3.750000000000000000e+02
1.447000000000000000e+03 9.790000000000000000e+02 1.125000000000000000e+03 7.000000000000000000e+02 3.750000000000000000e+02
1.494000000000000000e+03 9.700000000000000000e+02 1.200000000000000000e+03 7.000000000000000000e+02 3.750000000000000000e+02
1.541000000000000000e+03 9.620000000000000000e+02 1.275000000000000000e+03 7.000000000000000000e+02 3.750000000000000000e+02
1.588000000000000000e+03 9.540000000000000000e+02 1.350000000000000000e+03 7.000000000000000000e+02 3.750000000000000000e+02
1.634000000000000000e+03 9.450000000000000000e+02 1.425000000000000000e+03 7.000000000000000000e+02 3.750000000000000000e+02
1.680000000000000000e+03 9.370000000000000000e+02 1.500000000000000000e+03 7.000000000000000000e+02 3.750000000000000000e+02
1.725000000000000000e+03 9.290000000000000000e+02 1.575000000000000000e+03 7.000000000000000000e+02 3.750000000000000000e+02
1.770000000000000000e+03 9.210000000000000000e+02 1.650000000000000000e+03 7.000000000000000000e+02 3.750000000000000000e+02
1.815000000000000000e+03 9.130000000000000000e+02 1.725000000000000000e+03 7.000000000000000000e+02 3.750000000000000000e+02
1.860000000000000000e+03 9.050000000000000000e+02 1.800000000000000000e+03 7.000000000000000000e+02 3.750000000000000000e+02
6.960000000000000000e+02 1.062000000000000000e+03 0.000000000000000000e+00 7.000000000000000000e+02 4.500000000000000000e+02
7.480000000000000000e+02 1.053000000000000000e+03 7.500000000000000000e+01 7.000000000000000000e+02 4.500000000000000000e+02
8.010000000000000000e+02 1.044000000000000000e+03 1.500000000000000000e+02 7.000000000000000000e+02 4.500000000000000000e+02
8.520000000000000000e+02 1.035000000000000000e+03 2.250000000000000000e+02 7.000000000000000000e+02 4.500000000000000000e+02
9.040000000000000000e+02 1.027000000000000000e+03 3.000000000000000000e+02 7.000000000000000000e+02 4.500000000000000000e+02
9.550000000000000000e+02 1.018000000000000000e+03 3.750000000000000000e+02 7.000000000000000000e+02 4.500000000000000000e+02
1.006000000000000000e+03 1.009000000000000000e+03 4.500000000000000000e+02 7.000000000000000000e+02 4.500000000000000000e+02
1.056000000000000000e+03 1.000000000000000000e+03 5.250000000000000000e+02 7.000000000000000000e+02 4.500000000000000000e+02
1.107000000000000000e+03 9.920000000000000000e+02 6.000000000000000000e+02 7.000000000000000000e+02 4.500000000000000000e+02
1.157000000000000000e+03 9.830000000000000000e+02 6.750000000000000000e+02 7.000000000000000000e+02 4.500000000000000000e+02
1.206000000000000000e+03 9.750000000000000000e+02 7.500000000000000000e+02 7.000000000000000000e+02 4.500000000000000000e+02
1.255000000000000000e+03 9.660000000000000000e+02 8.250000000000000000e+02 7.000000000000000000e+02 4.500000000000000000e+02
1.304000000000000000e+03 9.580000000000000000e+02 9.000000000000000000e+02 7.000000000000000000e+02 4.500000000000000000e+02
1.352000000000000000e+03 9.490000000000000000e+02 9.750000000000000000e+02 7.000000000000000000e+02 4.500000000000000000e+02
1.400000000000000000e+03 9.410000000000000000e+02 1.050000000000000000e+03 7.000000000000000000e+02 4.500000000000000000e+02
1.448000000000000000e+03 9.330000000000000000e+02 1.125000000000000000e+03 7.000000000000000000e+02 4.500000000000000000e+02
1.495000000000000000e+03 9.240000000000000000e+02 1.200000000000000000e+03 7.000000000000000000e+02 4.500000000000000000e+02
1.543000000000000000e+03 9.160000000000000000e+02 1.275000000000000000e+03 7.000000000000000000e+02 4.500000000000000000e+02
1.589000000000000000e+03 9.080000000000000000e+02 1.350000000000000000e+03 7.000000000000000000e+02 4.500000000000000000e+02
1.636000000000000000e+03 9.000000000000000000e+02 1.425000000000000000e+03 7.000000000000000000e+02 4.500000000000000000e+02
1.682000000000000000e+03 8.920000000000000000e+02 1.500000000000000000e+03 7.000000000000000000e+02 4.500000000000000000e+02
1.728000000000000000e+03 8.840000000000000000e+02 1.575000000000000000e+03 7.000000000000000000e+02 4.500000000000000000e+02
1.773000000000000000e+03 8.760000000000000000e+02 1.650000000000000000e+03 7.000000000000000000e+02 4.500000000000000000e+02
1.818000000000000000e+03 8.680000000000000000e+02 1.725000000000000000e+03 7.000000000000000000e+02 4.500000000000000000e+02
1.863000000000000000e+03 8.600000000000000000e+02 1.800000000000000000e+03 7.000000000000000000e+02 4.500000000000000000e+02
6.930000000000000000e+02 1.014000000000000000e+03 0.000000000000000000e+00 7.000000000000000000e+02 5.250000000000000000e+02
7.460000000000000000e+02 1.005000000000000000e+03 7.500000000000000000e+01 7.000000000000000000e+02 5.250000000000000000e+02
7.990000000000000000e+02 9.960000000000000000e+02 1.500000000000000000e+02 7.000000000000000000e+02 5.250000000000000000e+02
8.510000000000000000e+02 9.870000000000000000e+02 2.250000000000000000e+02 7.000000000000000000e+02 5.250000000000000000e+02
9.020000000000000000e+02 9.790000000000000000e+02 3.000000000000000000e+02 7.000000000000000000e+02 5.250000000000000000e+02
9.540000000000000000e+02 9.700000000000000000e+02 3.750000000000000000e+02 7.000000000000000000e+02 5.250000000000000000e+02
1.005000000000000000e+03 9.620000000000000000e+02 4.500000000000000000e+02 7.000000000000000000e+02 5.250000000000000000e+02
1.056000000000000000e+03 9.530000000000000000e+02 5.250000000000000000e+02 7.000000000000000000e+02 5.250000000000000000e+02
1.106000000000000000e+03 9.440000000000000000e+02 6.000000000000000000e+02 7.000000000000000000e+02 5.250000000000000000e+02
1.156000000000000000e+03 9.360000000000000000e+02 6.750000000000000000e+02 7.000000000000000000e+02 5.250000000000000000e+02
1.206000000000000000e+03 9.280000000000000000e+02 7.500000000000000000e+02 7.000000000000000000e+02 5.250000000000000000e+02
1.256000000000000000e+03 9.190000000000000000e+02 8.250000000000000000e+02 7.000000000000000000e+02 5.250000000000000000e+02
1.304000000000000000e+03 9.110000000000000000e+02 9.000000000000000000e+02 7.000000000000000000e+02 5.250000000000000000e+02
1.353000000000000000e+03 9.030000000000000000e+02 9.750000000000000000e+02 7.000000000000000000e+02 5.250000000000000000e+02
1.401000000000000000e+03 8.940000000000000000e+02 1.050000000000000000e+03 7.000000000000000000e+02 5.250000000000000000e+02
1.449000000000000000e+03 8.860000000000000000e+02 1.125000000000000000e+03 7.000000000000000000e+02 5.250000000000000000e+02
1.497000000000000000e+03 8.780000000000000000e+02 1.200000000000000000e+03 7.000000000000000000e+02 5.250000000000000000e+02
1.544000000000000000e+03 8.700000000000000000e+02 1.275000000000000000e+03 7.000000000000000000e+02 5.250000000000000000e+02
1.591000000000000000e+03 8.620000000000000000e+02 1.350000000000000000e+03 7.000000000000000000e+02 5.250000000000000000e+02
1.638000000000000000e+03 8.540000000000000000e+02 1.425000000000000000e+03 7.000000000000000000e+02 5.250000000000000000e+02
1.684000000000000000e+03 8.460000000000000000e+02 1.500000000000000000e+03 7.000000000000000000e+02 5.250000000000000000e+02
1.730000000000000000e+03 8.380000000000000000e+02 1.575000000000000000e+03 7.000000000000000000e+02 5.250000000000000000e+02
1.776000000000000000e+03 8.300000000000000000e+02 1.650000000000000000e+03 7.000000000000000000e+02 5.250000000000000000e+02
1.821000000000000000e+03 8.220000000000000000e+02 1.725000000000000000e+03 7.000000000000000000e+02 5.250000000000000000e+02
1.866000000000000000e+03 8.140000000000000000e+02 1.800000000000000000e+03 7.000000000000000000e+02 5.250000000000000000e+02
6.910000000000000000e+02 9.650000000000000000e+02 0.000000000000000000e+00 7.000000000000000000e+02 6.000000000000000000e+02
7.440000000000000000e+02 9.560000000000000000e+02 7.500000000000000000e+01 7.000000000000000000e+02 6.000000000000000000e+02
7.970000000000000000e+02 9.480000000000000000e+02 1.500000000000000000e+02 7.000000000000000000e+02 6.000000000000000000e+02
8.490000000000000000e+02 9.390000000000000000e+02 2.250000000000000000e+02 7.000000000000000000e+02 6.000000000000000000e+02
9.010000000000000000e+02 9.310000000000000000e+02 3.000000000000000000e+02 7.000000000000000000e+02 6.000000000000000000e+02
9.530000000000000000e+02 9.220000000000000000e+02 3.750000000000000000e+02 7.000000000000000000e+02 6.000000000000000000e+02
1.004000000000000000e+03 9.140000000000000000e+02 4.500000000000000000e+02 7.000000000000000000e+02 6.000000000000000000e+02
1.055000000000000000e+03 9.050000000000000000e+02 5.250000000000000000e+02 7.000000000000000000e+02 6.000000000000000000e+02
1.106000000000000000e+03 8.970000000000000000e+02 6.000000000000000000e+02 7.000000000000000000e+02 6.000000000000000000e+02
1.156000000000000000e+03 8.880000000000000000e+02 6.750000000000000000e+02 7.000000000000000000e+02 6.000000000000000000e+02
1.206000000000000000e+03 8.800000000000000000e+02 7.500000000000000000e+02 7.000000000000000000e+02 6.000000000000000000e+02
1.256000000000000000e+03 8.720000000000000000e+02 8.250000000000000000e+02 7.000000000000000000e+02 6.000000000000000000e+02
1.305000000000000000e+03 8.640000000000000000e+02 9.000000000000000000e+02 7.000000000000000000e+02 6.000000000000000000e+02
1.354000000000000000e+03 8.550000000000000000e+02 9.750000000000000000e+02 7.000000000000000000e+02 6.000000000000000000e+02
1.403000000000000000e+03 8.470000000000000000e+02 1.050000000000000000e+03 7.000000000000000000e+02 6.000000000000000000e+02
1.451000000000000000e+03 8.390000000000000000e+02 1.125000000000000000e+03 7.000000000000000000e+02 6.000000000000000000e+02
1.498000000000000000e+03 8.310000000000000000e+02 1.200000000000000000e+03 7.000000000000000000e+02 6.000000000000000000e+02
1.546000000000000000e+03 8.230000000000000000e+02 1.275000000000000000e+03 7.000000000000000000e+02 6.000000000000000000e+02
1.593000000000000000e+03 8.150000000000000000e+02 1.350000000000000000e+03 7.000000000000000000e+02 6.000000000000000000e+02
1.640000000000000000e+03 8.070000000000000000e+02 1.425000000000000000e+03 7.000000000000000000e+02 6.000000000000000000e+02
1.687000000000000000e+03 8.000000000000000000e+02 1.500000000000000000e+03 7.000000000000000000e+02 6.000000000000000000e+02
1.733000000000000000e+03 7.920000000000000000e+02 1.575000000000000000e+03 7.000000000000000000e+02 6.000000000000000000e+02
1.779000000000000000e+03 7.840000000000000000e+02 1.650000000000000000e+03 7.000000000000000000e+02 6.000000000000000000e+02
1.824000000000000000e+03 7.760000000000000000e+02 1.725000000000000000e+03 7.000000000000000000e+02 6.000000000000000000e+02
1.869000000000000000e+03 7.690000000000000000e+02 1.800000000000000000e+03 7.000000000000000000e+02 6.000000000000000000e+02
6.880000000000000000e+02 9.160000000000000000e+02 0.000000000000000000e+00 7.000000000000000000e+02 6.750000000000000000e+02
7.420000000000000000e+02 9.070000000000000000e+02 7.500000000000000000e+01 7.000000000000000000e+02 6.750000000000000000e+02
7.950000000000000000e+02 8.990000000000000000e+02 1.500000000000000000e+02 7.000000000000000000e+02 6.750000000000000000e+02
8.470000000000000000e+02 8.900000000000000000e+02 2.250000000000000000e+02 7.000000000000000000e+02 6.750000000000000000e+02
9.000000000000000000e+02 8.820000000000000000e+02 3.000000000000000000e+02 7.000000000000000000e+02 6.750000000000000000e+02
9.520000000000000000e+02 8.730000000000000000e+02 3.750000000000000000e+02 7.000000000000000000e+02 6.750000000000000000e+02
1.003000000000000000e+03 8.650000000000000000e+02 4.500000000000000000e+02 7.000000000000000000e+02 6.750000000000000000e+02
1.055000000000000000e+03 8.570000000000000000e+02 5.250000000000000000e+02 7.000000000000000000e+02 6.750000000000000000e+02
1.106000000000000000e+03 8.490000000000000000e+02 6.000000000000000000e+02 7.000000000000000000e+02 6.750000000000000000e+02
1.156000000000000000e+03 8.400000000000000000e+02 6.750000000000000000e+02 7.000000000000000000e+02 6.750000000000000000e+02
1.206000000000000000e+03 8.320000000000000000e+02 7.500000000000000000e+02 7.000000000000000000e+02 6.750000000000000000e+02
1.256000000000000000e+03 8.240000000000000000e+02 8.250000000000000000e+02 7.000000000000000000e+02 6.750000000000000000e+02
1.306000000000000000e+03 8.160000000000000000e+02 9.000000000000000000e+02 7.000000000000000000e+02 6.750000000000000000e+02
1.355000000000000000e+03 8.080000000000000000e+02 9.750000000000000000e+02 7.000000000000000000e+02 6.750000000000000000e+02
1.403000000000000000e+03 8.000000000000000000e+02 1.050000000000000000e+03 7.000000000000000000e+02 6.750000000000000000e+02
1.452000000000000000e+03 7.920000000000000000e+02 1.125000000000000000e+03 7.000000000000000000e+02 6.750000000000000000e+02
1.500000000000000000e+03 7.840000000000000000e+02 1.200000000000000000e+03 7.000000000000000000e+02 6.750000000000000000e+02
1.548000000000000000e+03 7.760000000000000000e+02 1.275000000000000000e+03 7.000000000000000000e+02 6.750000000000000000e+02
1.595000000000000000e+03 7.680000000000000000e+02 1.350000000000000000e+03 7.000000000000000000e+02 6.750000000000000000e+02
1.642000000000000000e+03 7.610000000000000000e+02 1.425000000000000000e+03 7.000000000000000000e+02 6.750000000000000000e+02
1.689000000000000000e+03 7.530000000000000000e+02 1.500000000000000000e+03 7.000000000000000000e+02 6.750000000000000000e+02
1.735000000000000000e+03 7.450000000000000000e+02 1.575000000000000000e+03 7.000000000000000000e+02 6.750000000000000000e+02
1.781000000000000000e+03 7.380000000000000000e+02 1.650000000000000000e+03 7.000000000000000000e+02 6.750000000000000000e+02
1.827000000000000000e+03 7.300000000000000000e+02 1.725000000000000000e+03 7.000000000000000000e+02 6.750000000000000000e+02
1.872000000000000000e+03 7.220000000000000000e+02 1.800000000000000000e+03 7.000000000000000000e+02 6.750000000000000000e+02
6.860000000000000000e+02 8.660000000000000000e+02 0.000000000000000000e+00 7.000000000000000000e+02 7.500000000000000000e+02
7.400000000000000000e+02 8.580000000000000000e+02 7.500000000000000000e+01 7.000000000000000000e+02 7.500000000000000000e+02
7.930000000000000000e+02 8.490000000000000000e+02 1.500000000000000000e+02 7.000000000000000000e+02 7.500000000000000000e+02
8.460000000000000000e+02 8.410000000000000000e+02 2.250000000000000000e+02 7.000000000000000000e+02 7.500000000000000000e+02
8.980000000000000000e+02 8.330000000000000000e+02 3.000000000000000000e+02 7.000000000000000000e+02 7.500000000000000000e+02
9.510000000000000000e+02 8.240000000000000000e+02 3.750000000000000000e+02 7.000000000000000000e+02 7.500000000000000000e+02
1.003000000000000000e+03 8.160000000000000000e+02 4.500000000000000000e+02 7.000000000000000000e+02 7.500000000000000000e+02
1.054000000000000000e+03 8.080000000000000000e+02 5.250000000000000000e+02 7.000000000000000000e+02 7.500000000000000000e+02
1.105000000000000000e+03 8.000000000000000000e+02 6.000000000000000000e+02 7.000000000000000000e+02 7.500000000000000000e+02
1.156000000000000000e+03 7.920000000000000000e+02 6.750000000000000000e+02 7.000000000000000000e+02 7.500000000000000000e+02
1.207000000000000000e+03 7.840000000000000000e+02 7.500000000000000000e+02 7.000000000000000000e+02 7.500000000000000000e+02
1.257000000000000000e+03 7.760000000000000000e+02 8.250000000000000000e+02 7.000000000000000000e+02 7.500000000000000000e+02
1.306000000000000000e+03 7.680000000000000000e+02 9.000000000000000000e+02 7.000000000000000000e+02 7.500000000000000000e+02
1.356000000000000000e+03 7.600000000000000000e+02 9.750000000000000000e+02 7.000000000000000000e+02 7.500000000000000000e+02
1.405000000000000000e+03 7.520000000000000000e+02 1.050000000000000000e+03 7.000000000000000000e+02 7.500000000000000000e+02
1.453000000000000000e+03 7.440000000000000000e+02 1.125000000000000000e+03 7.000000000000000000e+02 7.500000000000000000e+02
1.502000000000000000e+03 7.360000000000000000e+02 1.200000000000000000e+03 7.000000000000000000e+02 7.500000000000000000e+02
1.549000000000000000e+03 7.290000000000000000e+02 1.275000000000000000e+03 7.000000000000000000e+02 7.500000000000000000e+02
1.597000000000000000e+03 7.210000000000000000e+02 1.350000000000000000e+03 7.000000000000000000e+02 7.500000000000000000e+02
1.644000000000000000e+03 7.130000000000000000e+02 1.425000000000000000e+03 7.000000000000000000e+02 7.500000000000000000e+02
1.691000000000000000e+03 7.060000000000000000e+02 1.500000000000000000e+03 7.000000000000000000e+02 7.500000000000000000e+02
1.738000000000000000e+03 6.980000000000000000e+02 1.575000000000000000e+03 7.000000000000000000e+02 7.500000000000000000e+02
1.784000000000000000e+03 6.910000000000000000e+02 1.650000000000000000e+03 7.000000000000000000e+02 7.500000000000000000e+02
1.830000000000000000e+03 6.830000000000000000e+02 1.725000000000000000e+03 7.000000000000000000e+02 7.500000000000000000e+02
1.876000000000000000e+03 6.760000000000000000e+02 1.800000000000000000e+03 7.000000000000000000e+02 7.500000000000000000e+02
6.830000000000000000e+02 8.160000000000000000e+02 0.000000000000000000e+00 7.000000000000000000e+02 8.250000000000000000e+02
7.370000000000000000e+02 8.080000000000000000e+02 7.500000000000000000e+01 7.000000000000000000e+02 8.250000000000000000e+02
7.910000000000000000e+02 7.990000000000000000e+02 1.500000000000000000e+02 7.000000000000000000e+02 8.250000000000000000e+02
8.440000000000000000e+02 7.910000000000000000e+02 2.250000000000000000e+02 7.000000000000000000e+02 8.250000000000000000e+02
8.970000000000000000e+02 7.830000000000000000e+02 3.000000000000000000e+02 7.000000000000000000e+02 8.250000000000000000e+02
9.500000000000000000e+02 7.750000000000000000e+02 3.750000000000000000e+02 7.000000000000000000e+02 8.250000000000000000e+02
1.002000000000000000e+03 7.670000000000000000e+02 4.500000000000000000e+02 7.000000000000000000e+02 8.250000000000000000e+02
1.053000000000000000e+03 7.590000000000000000e+02 5.250000000000000000e+02 7.000000000000000000e+02 8.250000000000000000e+02
1.105000000000000000e+03 7.510000000000000000e+02 6.000000000000000000e+02 7.000000000000000000e+02 8.250000000000000000e+02
1.156000000000000000e+03 7.430000000000000000e+02 6.750000000000000000e+02 7.000000000000000000e+02 8.250000000000000000e+02
1.207000000000000000e+03 7.350000000000000000e+02 7.500000000000000000e+02 7.000000000000000000e+02 8.250000000000000000e+02
1.257000000000000000e+03 7.270000000000000000e+02 8.250000000000000000e+02 7.000000000000000000e+02 8.250000000000000000e+02
1.307000000000000000e+03 7.190000000000000000e+02 9.000000000000000000e+02 7.000000000000000000e+02 8.250000000000000000e+02
1.357000000000000000e+03 7.110000000000000000e+02 9.750000000000000000e+02 7.000000000000000000e+02 8.250000000000000000e+02
1.406000000000000000e+03 7.030000000000000000e+02 1.050000000000000000e+03 7.000000000000000000e+02 8.250000000000000000e+02
1.455000000000000000e+03 6.960000000000000000e+02 1.125000000000000000e+03 7.000000000000000000e+02 8.250000000000000000e+02
1.503000000000000000e+03 6.880000000000000000e+02 1.200000000000000000e+03 7.000000000000000000e+02 8.250000000000000000e+02
1.551000000000000000e+03 6.810000000000000000e+02 1.275000000000000000e+03 7.000000000000000000e+02 8.250000000000000000e+02
1.599000000000000000e+03 6.730000000000000000e+02 1.350000000000000000e+03 7.000000000000000000e+02 8.250000000000000000e+02
1.646000000000000000e+03 6.660000000000000000e+02 1.425000000000000000e+03 7.000000000000000000e+02 8.250000000000000000e+02
1.694000000000000000e+03 6.580000000000000000e+02 1.500000000000000000e+03 7.000000000000000000e+02 8.250000000000000000e+02
1.740000000000000000e+03 6.510000000000000000e+02 1.575000000000000000e+03 7.000000000000000000e+02 8.250000000000000000e+02
1.787000000000000000e+03 6.430000000000000000e+02 1.650000000000000000e+03 7.000000000000000000e+02 8.250000000000000000e+02
1.833000000000000000e+03 6.360000000000000000e+02 1.725000000000000000e+03 7.000000000000000000e+02 8.250000000000000000e+02
1.879000000000000000e+03 6.290000000000000000e+02 1.800000000000000000e+03 7.000000000000000000e+02 8.250000000000000000e+02
6.810000000000000000e+02 7.650000000000000000e+02 0.000000000000000000e+00 7.000000000000000000e+02 9.000000000000000000e+02
7.350000000000000000e+02 7.570000000000000000e+02 7.500000000000000000e+01 7.000000000000000000e+02 9.000000000000000000e+02
7.890000000000000000e+02 7.490000000000000000e+02 1.500000000000000000e+02 7.000000000000000000e+02 9.000000000000000000e+02
8.430000000000000000e+02 7.410000000000000000e+02 2.250000000000000000e+02 7.000000000000000000e+02 9.000000000000000000e+02
8.960000000000000000e+02 7.330000000000000000e+02 3.000000000000000000e+02 7.000000000000000000e+02 9.000000000000000000e+02
9.490000000000000000e+02 7.250000000000000000e+02 3.750000000000000000e+02 7.000000000000000000e+02 9.000000000000000000e+02
1.001000000000000000e+03 7.170000000000000000e+02 4.500000000000000000e+02 7.000000000000000000e+02 9.000000000000000000e+02
1.053000000000000000e+03 7.090000000000000000e+02 5.250000000000000000e+02 7.000000000000000000e+02 9.000000000000000000e+02
1.105000000000000000e+03 7.010000000000000000e+02 6.000000000000000000e+02 7.000000000000000000e+02 9.000000000000000000e+02
1.156000000000000000e+03 6.930000000000000000e+02 6.750000000000000000e+02 7.000000000000000000e+02 9.000000000000000000e+02
1.207000000000000000e+03 6.850000000000000000e+02 7.500000000000000000e+02 7.000000000000000000e+02 9.000000000000000000e+02
1.258000000000000000e+03 6.780000000000000000e+02 8.250000000000000000e+02 7.000000000000000000e+02 9.000000000000000000e+02
1.308000000000000000e+03 6.700000000000000000e+02 9.000000000000000000e+02 7.000000000000000000e+02 9.000000000000000000e+02
1.357000000000000000e+03 6.620000000000000000e+02 9.750000000000000000e+02 7.000000000000000000e+02 9.000000000000000000e+02
1.407000000000000000e+03 6.550000000000000000e+02 1.050000000000000000e+03 7.000000000000000000e+02 9.000000000000000000e+02
1.456000000000000000e+03 6.470000000000000000e+02 1.125000000000000000e+03 7.000000000000000000e+02 9.000000000000000000e+02
1.505000000000000000e+03 6.400000000000000000e+02 1.200000000000000000e+03 7.000000000000000000e+02 9.000000000000000000e+02
1.553000000000000000e+03 6.320000000000000000e+02 1.275000000000000000e+03 7.000000000000000000e+02 9.000000000000000000e+02
1.601000000000000000e+03 6.250000000000000000e+02 1.350000000000000000e+03 7.000000000000000000e+02 9.000000000000000000e+02
1.649000000000000000e+03 6.170000000000000000e+02 1.425000000000000000e+03 7.000000000000000000e+02 9.000000000000000000e+02
1.696000000000000000e+03 6.100000000000000000e+02 1.500000000000000000e+03 7.000000000000000000e+02 9.000000000000000000e+02
1.743000000000000000e+03 6.030000000000000000e+02 1.575000000000000000e+03 7.000000000000000000e+02 9.000000000000000000e+02
1.790000000000000000e+03 5.960000000000000000e+02 1.650000000000000000e+03 7.000000000000000000e+02 9.000000000000000000e+02
1.836000000000000000e+03 5.890000000000000000e+02 1.725000000000000000e+03 7.000000000000000000e+02 9.000000000000000000e+02
1.882000000000000000e+03 5.810000000000000000e+02 1.800000000000000000e+03 7.000000000000000000e+02 9.000000000000000000e+02
6.780000000000000000e+02 7.140000000000000000e+02 0.000000000000000000e+00 7.000000000000000000e+02 9.750000000000000000e+02
7.330000000000000000e+02 7.060000000000000000e+02 7.500000000000000000e+01 7.000000000000000000e+02 9.750000000000000000e+02
7.870000000000000000e+02 6.980000000000000000e+02 1.500000000000000000e+02 7.000000000000000000e+02 9.750000000000000000e+02
8.410000000000000000e+02 6.900000000000000000e+02 2.250000000000000000e+02 7.000000000000000000e+02 9.750000000000000000e+02
8.940000000000000000e+02 6.820000000000000000e+02 3.000000000000000000e+02 7.000000000000000000e+02 9.750000000000000000e+02
9.470000000000000000e+02 6.740000000000000000e+02 3.750000000000000000e+02 7.000000000000000000e+02 9.750000000000000000e+02
1.000000000000000000e+03 6.660000000000000000e+02 4.500000000000000000e+02 7.000000000000000000e+02 9.750000000000000000e+02
1.052000000000000000e+03 6.590000000000000000e+02 5.250000000000000000e+02 7.000000000000000000e+02 9.750000000000000000e+02
1.104000000000000000e+03 6.510000000000000000e+02 6.000000000000000000e+02 7.000000000000000000e+02 9.750000000000000000e+02
1.156000000000000000e+03 6.430000000000000000e+02 6.750000000000000000e+02 7.000000000000000000e+02 9.750000000000000000e+02
1.207000000000000000e+03 6.350000000000000000e+02 7.500000000000000000e+02 7.000000000000000000e+02 9.750000000000000000e+02
1.258000000000000000e+03 6.280000000000000000e+02 8.250000000000000000e+02 7.000000000000000000e+02 9.750000000000000000e+02
1.308000000000000000e+03 6.200000000000000000e+02 9.000000000000000000e+02 7.000000000000000000e+02 9.750000000000000000e+02
1.358000000000000000e+03 6.130000000000000000e+02 9.750000000000000000e+02 7.000000000000000000e+02 9.750000000000000000e+02
1.408000000000000000e+03 6.050000000000000000e+02 1.050000000000000000e+03 7.000000000000000000e+02 9.750000000000000000e+02
1.457000000000000000e+03 5.980000000000000000e+02 1.125000000000000000e+03 7.000000000000000000e+02 9.750000000000000000e+02
1.506000000000000000e+03 5.910000000000000000e+02 1.200000000000000000e+03 7.000000000000000000e+02 9.750000000000000000e+02
1.555000000000000000e+03 5.830000000000000000e+02 1.275000000000000000e+03 7.000000000000000000e+02 9.750000000000000000e+02
1.603000000000000000e+03 5.760000000000000000e+02 1.350000000000000000e+03 7.000000000000000000e+02 9.750000000000000000e+02
1.651000000000000000e+03 5.690000000000000000e+02 1.425000000000000000e+03 7.000000000000000000e+02 9.750000000000000000e+02
1.699000000000000000e+03 5.620000000000000000e+02 1.500000000000000000e+03 7.000000000000000000e+02 9.750000000000000000e+02
1.746000000000000000e+03 5.550000000000000000e+02 1.575000000000000000e+03 7.000000000000000000e+02 9.750000000000000000e+02
1.793000000000000000e+03 5.470000000000000000e+02 1.650000000000000000e+03 7.000000000000000000e+02 9.750000000000000000e+02
1.839000000000000000e+03 5.400000000000000000e+02 1.725000000000000000e+03 7.000000000000000000e+02 9.750000000000000000e+02
1.885000000000000000e+03 5.330000000000000000e+02 1.800000000000000000e+03 7.000000000000000000e+02 9.750000000000000000e+02
6.760000000000000000e+02 6.620000000000000000e+02 0.000000000000000000e+00 7.000000000000000000e+02 1.050000000000000000e+03
7.310000000000000000e+02 6.540000000000000000e+02 7.500000000000000000e+01 7.000000000000000000e+02 1.050000000000000000e+03
7.850000000000000000e+02 6.470000000000000000e+02 1.500000000000000000e+02 7.000000000000000000e+02 1.050000000000000000e+03
8.390000000000000000e+02 6.390000000000000000e+02 2.250000000000000000e+02 7.000000000000000000e+02 1.050000000000000000e+03
8.930000000000000000e+02 6.310000000000000000e+02 3.000000000000000000e+02 7.000000000000000000e+02 1.050000000000000000e+03
9.460000000000000000e+02 6.230000000000000000e+02 3.750000000000000000e+02 7.000000000000000000e+02 1.050000000000000000e+03
9.990000000000000000e+02 6.150000000000000000e+02 4.500000000000000000e+02 7.000000000000000000e+02 1.050000000000000000e+03
1.052000000000000000e+03 6.080000000000000000e+02 5.250000000000000000e+02 7.000000000000000000e+02 1.050000000000000000e+03
1.104000000000000000e+03 6.000000000000000000e+02 6.000000000000000000e+02 7.000000000000000000e+02 1.050000000000000000e+03
1.156000000000000000e+03 5.930000000000000000e+02 6.750000000000000000e+02 7.000000000000000000e+02 1.050000000000000000e+03
1.207000000000000000e+03 5.850000000000000000e+02 7.500000000000000000e+02 7.000000000000000000e+02 1.050000000000000000e+03
1.258000000000000000e+03 5.780000000000000000e+02 8.250000000000000000e+02 7.000000000000000000e+02 1.050000000000000000e+03
1.309000000000000000e+03 5.700000000000000000e+02 9.000000000000000000e+02 7.000000000000000000e+02 1.050000000000000000e+03
1.359000000000000000e+03 5.630000000000000000e+02 9.750000000000000000e+02 7.000000000000000000e+02 1.050000000000000000e+03
1.409000000000000000e+03 5.560000000000000000e+02 1.050000000000000000e+03 7.000000000000000000e+02 1.050000000000000000e+03
1.459000000000000000e+03 5.480000000000000000e+02 1.125000000000000000e+03 7.000000000000000000e+02 1.050000000000000000e+03
1.508000000000000000e+03 5.410000000000000000e+02 1.200000000000000000e+03 7.000000000000000000e+02 1.050000000000000000e+03
1.557000000000000000e+03 5.340000000000000000e+02 1.275000000000000000e+03 7.000000000000000000e+02 1.050000000000000000e+03
1.605000000000000000e+03 5.270000000000000000e+02 1.350000000000000000e+03 7.000000000000000000e+02 1.050000000000000000e+03
1.653000000000000000e+03 5.200000000000000000e+02 1.425000000000000000e+03 7.000000000000000000e+02 1.050000000000000000e+03
1.701000000000000000e+03 5.130000000000000000e+02 1.500000000000000000e+03 7.000000000000000000e+02 1.050000000000000000e+03
1.748000000000000000e+03 5.060000000000000000e+02 1.575000000000000000e+03 7.000000000000000000e+02 1.050000000000000000e+03
1.795000000000000000e+03 4.990000000000000000e+02 1.650000000000000000e+03 7.000000000000000000e+02 1.050000000000000000e+03
1.842000000000000000e+03 4.920000000000000000e+02 1.725000000000000000e+03 7.000000000000000000e+02 1.050000000000000000e+03
1.889000000000000000e+03 4.850000000000000000e+02 1.800000000000000000e+03 7.000000000000000000e+02 1.050000000000000000e+03
6.730000000000000000e+02 6.100000000000000000e+02 0.000000000000000000e+00 7.000000000000000000e+02 1.125000000000000000e+03
7.280000000000000000e+02 6.020000000000000000e+02 7.500000000000000000e+01 7.000000000000000000e+02 1.125000000000000000e+03
7.830000000000000000e+02 5.950000000000000000e+02 1.500000000000000000e+02 7.000000000000000000e+02 1.125000000000000000e+03
8.370000000000000000e+02 5.870000000000000000e+02 2.250000000000000000e+02 7.000000000000000000e+02 1.125000000000000000e+03
8.920000000000000000e+02 5.790000000000000000e+02 3.000000000000000000e+02 7.000000000000000000e+02 1.125000000000000000e+03
9.450000000000000000e+02 5.720000000000000000e+02 3.750000000000000000e+02 7.000000000000000000e+02 1.125000000000000000e+03
9.980000000000000000e+02 5.640000000000000000e+02 4.500000000000000000e+02 7.000000000000000000e+02 1.125000000000000000e+03
1.051000000000000000e+03 5.560000000000000000e+02 5.250000000000000000e+02 7.000000000000000000e+02 1.125000000000000000e+03
1.104000000000000000e+03 5.490000000000000000e+02 6.000000000000000000e+02 7.000000000000000000e+02 1.125000000000000000e+03
1.156000000000000000e+03 5.420000000000000000e+02 6.750000000000000000e+02 7.000000000000000000e+02 1.125000000000000000e+03
1.208000000000000000e+03 5.340000000000000000e+02 7.500000000000000000e+02 7.000000000000000000e+02 1.125000000000000000e+03
1.259000000000000000e+03 5.270000000000000000e+02 8.250000000000000000e+02 7.000000000000000000e+02 1.125000000000000000e+03
1.310000000000000000e+03 5.200000000000000000e+02 9.000000000000000000e+02 7.000000000000000000e+02 1.125000000000000000e+03
1.360000000000000000e+03 5.120000000000000000e+02 9.750000000000000000e+02 7.000000000000000000e+02 1.125000000000000000e+03
1.410000000000000000e+03 5.050000000000000000e+02 1.050000000000000000e+03 7.000000000000000000e+02 1.125000000000000000e+03
1.460000000000000000e+03 4.980000000000000000e+02 1.125000000000000000e+03 7.000000000000000000e+02 1.125000000000000000e+03
1.510000000000000000e+03 4.910000000000000000e+02 1.200000000000000000e+03 7.000000000000000000e+02 1.125000000000000000e+03
1.559000000000000000e+03 4.840000000000000000e+02 1.275000000000000000e+03 7.000000000000000000e+02 1.125000000000000000e+03
1.607000000000000000e+03 4.770000000000000000e+02 1.350000000000000000e+03 7.000000000000000000e+02 1.125000000000000000e+03
1.656000000000000000e+03 4.700000000000000000e+02 1.425000000000000000e+03 7.000000000000000000e+02 1.125000000000000000e+03
1.704000000000000000e+03 4.630000000000000000e+02 1.500000000000000000e+03 7.000000000000000000e+02 1.125000000000000000e+03
1.751000000000000000e+03 4.570000000000000000e+02 1.575000000000000000e+03 7.000000000000000000e+02 1.125000000000000000e+03
1.798000000000000000e+03 4.500000000000000000e+02 1.650000000000000000e+03 7.000000000000000000e+02 1.125000000000000000e+03
1.845000000000000000e+03 4.430000000000000000e+02 1.725000000000000000e+03 7.000000000000000000e+02 1.125000000000000000e+03
1.892000000000000000e+03 4.360000000000000000e+02 1.800000000000000000e+03 7.000000000000000000e+02 1.125000000000000000e+03
6.710000000000000000e+02 5.570000000000000000e+02 0.000000000000000000e+00 7.000000000000000000e+02 1.200000000000000000e+03
7.260000000000000000e+02 5.500000000000000000e+02 7.500000000000000000e+01 7.000000000000000000e+02 1.200000000000000000e+03
7.810000000000000000e+02 5.420000000000000000e+02 1.500000000000000000e+02 7.000000000000000000e+02 1.200000000000000000e+03
8.360000000000000000e+02 5.340000000000000000e+02 2.250000000000000000e+02 7.000000000000000000e+02 1.200000000000000000e+03
8.900000000000000000e+02 5.270000000000000000e+02 3.000000000000000000e+02 7.000000000000000000e+02 1.200000000000000000e+03
9.440000000000000000e+02 5.190000000000000000e+02 3.750000000000000000e+02 7.000000000000000000e+02 1.200000000000000000e+03
9.970000000000000000e+02 5.120000000000000000e+02 4.500000000000000000e+02 7.000000000000000000e+02 1.200000000000000000e+03
1.051000000000000000e+03 5.050000000000000000e+02 5.250000000000000000e+02 7.000000000000000000e+02 1.200000000000000000e+03
1.103000000000000000e+03 4.970000000000000000e+02 6.000000000000000000e+02 7.000000000000000000e+02 1.200000000000000000e+03
1.156000000000000000e+03 4.900000000000000000e+02 6.750000000000000000e+02 7.000000000000000000e+02 1.200000000000000000e+03
1.208000000000000000e+03 4.830000000000000000e+02 7.500000000000000000e+02 7.000000000000000000e+02 1.200000000000000000e+03
1.259000000000000000e+03 4.760000000000000000e+02 8.250000000000000000e+02 7.000000000000000000e+02 1.200000000000000000e+03
1.310000000000000000e+03 4.690000000000000000e+02 9.000000000000000000e+02 7.000000000000000000e+02 1.200000000000000000e+03
1.361000000000000000e+03 4.620000000000000000e+02 9.750000000000000000e+02 7.000000000000000000e+02 1.200000000000000000e+03
1.412000000000000000e+03 4.550000000000000000e+02 1.050000000000000000e+03 7.000000000000000000e+02 1.200000000000000000e+03
1.462000000000000000e+03 4.480000000000000000e+02 1.125000000000000000e+03 7.000000000000000000e+02 1.200000000000000000e+03
1.511000000000000000e+03 4.410000000000000000e+02 1.200000000000000000e+03 7.000000000000000000e+02 1.200000000000000000e+03
1.561000000000000000e+03 4.340000000000000000e+02 1.275000000000000000e+03 7.000000000000000000e+02 1.200000000000000000e+03
1.609000000000000000e+03 4.270000000000000000e+02 1.350000000000000000e+03 7.000000000000000000e+02 1.200000000000000000e+03
1.658000000000000000e+03 4.200000000000000000e+02 1.425000000000000000e+03 7.000000000000000000e+02 1.200000000000000000e+03
1.706000000000000000e+03 4.140000000000000000e+02 1.500000000000000000e+03 7.000000000000000000e+02 1.200000000000000000e+03
1.754000000000000000e+03 4.070000000000000000e+02 1.575000000000000000e+03 7.000000000000000000e+02 1.200000000000000000e+03
1.801000000000000000e+03 4.000000000000000000e+02 1.650000000000000000e+03 7.000000000000000000e+02 1.200000000000000000e+03
1.849000000000000000e+03 3.940000000000000000e+02 1.725000000000000000e+03 7.000000000000000000e+02 1.200000000000000000e+03
1.895000000000000000e+03 3.870000000000000000e+02 1.800000000000000000e+03 7.000000000000000000e+02 1.200000000000000000e+03
6.680000000000000000e+02 5.040000000000000000e+02 0.000000000000000000e+00 7.000000000000000000e+02 1.275000000000000000e+03
7.240000000000000000e+02 4.970000000000000000e+02 7.500000000000000000e+01 7.000000000000000000e+02 1.275000000000000000e+03
7.790000000000000000e+02 4.890000000000000000e+02 1.500000000000000000e+02 7.000000000000000000e+02 1.275000000000000000e+03
8.340000000000000000e+02 4.820000000000000000e+02 2.250000000000000000e+02 7.000000000000000000e+02 1.275000000000000000e+03
8.890000000000000000e+02 4.740000000000000000e+02 3.000000000000000000e+02 7.000000000000000000e+02 1.275000000000000000e+03
9.430000000000000000e+02 4.670000000000000000e+02 3.750000000000000000e+02 7.000000000000000000e+02 1.275000000000000000e+03
9.970000000000000000e+02 4.600000000000000000e+02 4.500000000000000000e+02 7.000000000000000000e+02 1.275000000000000000e+03
1.050000000000000000e+03 4.520000000000000000e+02 5.250000000000000000e+02 7.000000000000000000e+02 1.275000000000000000e+03
1.103000000000000000e+03 4.450000000000000000e+02 6.000000000000000000e+02 7.000000000000000000e+02 1.275000000000000000e+03
1.156000000000000000e+03 4.380000000000000000e+02 6.750000000000000000e+02 7.000000000000000000e+02 1.275000000000000000e+03
1.208000000000000000e+03 4.310000000000000000e+02 7.500000000000000000e+02 7.000000000000000000e+02 1.275000000000000000e+03
1.260000000000000000e+03 4.240000000000000000e+02 8.250000000000000000e+02 7.000000000000000000e+02 1.275000000000000000e+03
1.311000000000000000e+03 4.170000000000000000e+02 9.000000000000000000e+02 7.000000000000000000e+02 1.275000000000000000e+03
1.362000000000000000e+03 4.100000000000000000e+02 9.750000000000000000e+02 7.000000000000000000e+02 1.275000000000000000e+03
1.413000000000000000e+03 4.030000000000000000e+02 1.050000000000000000e+03 7.000000000000000000e+02 1.275000000000000000e+03
1.463000000000000000e+03 3.970000000000000000e+02 1.125000000000000000e+03 7.000000000000000000e+02 1.275000000000000000e+03
1.513000000000000000e+03 3.900000000000000000e+02 1.200000000000000000e+03 7.000000000000000000e+02 1.275000000000000000e+03
1.562000000000000000e+03 3.830000000000000000e+02 1.275000000000000000e+03 7.000000000000000000e+02 1.275000000000000000e+03
1.612000000000000000e+03 3.760000000000000000e+02 1.350000000000000000e+03 7.000000000000000000e+02 1.275000000000000000e+03
1.660000000000000000e+03 3.700000000000000000e+02 1.425000000000000000e+03 7.000000000000000000e+02 1.275000000000000000e+03
1.709000000000000000e+03 3.630000000000000000e+02 1.500000000000000000e+03 7.000000000000000000e+02 1.275000000000000000e+03
1.757000000000000000e+03 3.570000000000000000e+02 1.575000000000000000e+03 7.000000000000000000e+02 1.275000000000000000e+03
1.804000000000000000e+03 3.500000000000000000e+02 1.650000000000000000e+03 7.000000000000000000e+02 1.275000000000000000e+03
1.852000000000000000e+03 3.440000000000000000e+02 1.725000000000000000e+03 7.000000000000000000e+02 1.275000000000000000e+03
1.899000000000000000e+03 3.370000000000000000e+02 1.800000000000000000e+03 7.000000000000000000e+02 1.275000000000000000e+03
