# x,y,X,Y,Z
1.004000000000000000e+03 1.771000000000000000e+03 0.000000000000000000e+00 0.000000000000000000e+00 1.500000000000000000e+02
1.064000000000000000e+03 1.758000000000000000e+03 7.500000000000000000e+01 0.000000000000000000e+00 1.500000000000000000e+02
1.123000000000000000e+03 1.746000000000000000e+03 1.500000000000000000e+02 0.000000000000000000e+00 1.500000000000000000e+02
1.182000000000000000e+03 1.733000000000000000e+03 2.250000000000000000e+02 0.000000000000000000e+00 1.500000000000000000e+02
1.240000000000000000e+03 1.720000000000000000e+03 3.000000000000000000e+02 0.000000000000000000e+00 1.500000000000000000e+02
1.298000000000000000e+03 1.707000000000000000e+03 3.750000000000000000e+02 0.000000000000000000e+00 1.500000000000000000e+02
1.355000000000000000e+03 1.694000000000000000e+03 4.500000000000000000e+02 0.000000000000000000e+00 1.500000000000000000e+02
1.412000000000000000e+03 1.681000000000000000e+03 5.250000000000000000e+02 0.000000000000000000e+00 1.500000000000000000e+02
1.468000000000000000e+03 1.669000000000000000e+03 6.000000000000000000e+02 0.000000000000000000e+00 1.500000000000000000e+02
1.524000000000000000e+03 1.656000000000000000e+03 6.750000000000000000e+02 0.000000000000000000e+00 1.500000000000000000e+02
1.580000000000000000e+03 1.644000000000000000e+03 7.500000000000000000e+02 0.000000000000000000e+00 1.500000000000000000e+02
1.635000000000000000e+03 1.631000000000000000e+03 8.250000000000000000e+02 0.000000000000000000e+00 1.500000000000000000e+02
1.689000000000000000e+03 1.619000000000000000e+03 9.000000000000000000e+02 0.000000000000000000e+00 1.500000000000000000e+02
1.743000000000000000e+03 1.606000000000000000e+03 9.750000000000000000e+02 0.000000000000000000e+00 1.500000000000000000e+02
1.797000000000000000e+03 1.594000000000000000e+03 1.050000000000000000e+03 0.000000000000000000e+00 1.500000000000000000e+02
1.850000000000000000e+03 1.582000000000000000e+03 1.125000000000000000e+03 0.000000000000000000e+00 1.500000000000000000e+02
1.903000000000000000e+03 1.570000000000000000e+03 1.200000000000000000e+03 0.000000000000000000e+00 1.500000000000000000e+02
1.955000000000000000e+03 1.558000000000000000e+03 1.275000000000000000e+03 0.000000000000000000e+00 1.500000000000000000e+02
2.007000000000000000e+03 1.546000000000000000e+03 1.350000000000000000e+03 0.000000000000000000e+00 1.500000000000000000e+02
2.058000000000000000e+03 1.534000000000000000e+03 1.425000000000000000e+03 0.000000000000000000e+00 1.500000000000000000e+02
2.109000000000000000e+03 1.522000000000000000e+03 1.500000000000000000e+03 0.000000000000000000e+00 1.500000000000000000e+02
2.160000000000000000e+03 1.510000000000000000e+03 1.575000000000000000e+03 0.000000000000000000e+00 1.500000000000000000e+02
2.210000000000000000e+03 1.499000000000000000e+03 1.650000000000000000e+03 0.000000000000000000e+00 1.500000000000000000e+02
2.259000000000000000e+03 1.487000000000000000e+03 1.725000000000000000e+03 0.000000000000000000e+00 1.500000000000000000e+02
2.309000000000000000e+03 1.476000000000000000e+03 1.800000000000000000e+03 0.000000000000000000e+00 1.500000000000000000e+02
1.003000000000000000e+03 1.720000000000000000e+03 0.000000000000000000e+00 0.000000000000000000e+00 2.250000000000000000e+02
1.063000000000000000e+03 1.707000000000000000e+03 7.500000000000000000e+01 0.000000000000000000e+00 2.250000000000000000e+02
1.123000000000000000e+03 1.694000000000000000e+03 1.500000000000000000e+02 0.000000000000000000e+00 2.250000000000000000e+02
1.182000000000000000e+03 1.681000000000000000e+03 2.250000000000000000e+02 0.000000000000000000e+00 2.250000000000000000e+02
1.240000000000000000e+03 1.669000000000000000e+03 3.000000000000000000e+02 0.000000000000000000e+00 2.250000000000000000e+02
1.298000000000000000e+03 1.656000000000000000e+03 3.750000000000000000e+02 0.000000000000000000e+00 2.250000000000000000e+02
1.356000000000000000e+03 1.643000000000000000e+03 4.500000000000000000e+02 0.000000000000000000e+00 2.250000000000000000e+02
1.413000000000000000e+03 1.631000000000000000e+03 5.250000000000000000e+02 0.000000000000000000e+00 2.250000000000000000e+02
1.470000000000000000e+03 1.618000000000000000e+03 6.000000000000000000e+02 0.000000000000000000e+00 2.250000000000000000e+02
1.526000000000000000e+03 1.606000000000000000e+03 6.750000000000000000e+02 0.000000000000000000e+00 2.250000000000000000e+02
1.582000000000000000e+03 1.593000000000000000e+03 7.500000000000000000e+02 0.000000000000000000e+00 2.250000000000000000e+02
1.637000000000000000e+03 1.581000000000000000e+03 8.250000000000000000e+02 0.000000000000000000e+00 2.250000000000000000e+02
1.692000000000000000e+03 1.569000000000000000e+03 9.000000000000000000e+02 0.000000000000000000e+00 2.250000000000000000e+02
1.746000000000000000e+03 1.556000000000000000e+03 9.750000000000000000e+02 0.000000000000000000e+00 2.250000000000000000e+02
1.800000000000000000e+03 1.544000000000000000e+03 1.050000000000000000e+03 0.000000000000000000e+00 2.250000000000000000e+02
1.853000000000000000e+03 1.532000000000000000e+03 1.125000000000000000e+03 0.000000000000000000e+00 2.250000000000000000e+02
1.906000000000000000e+03 1.520000000000000000e+03 1.200000000000000000e+03 0.000000000000000000e+00 2.250000000000000000e+02
1.959000000000000000e+03 1.508000000000000000e+03 1.275000000000000000e+03 0.000000000000000000e+00 2.250000000000000000e+02
2.011000000000000000e+03 1.497000000000000000e+03 1.350000000000000000e+03 0.000000000000000000e+00 2.250000000000000000e+02
2.063000000000000000e+03 1.485000000000000000e+03 1.425000000000000000e+03 0.000000000000000000e+00 2.250000000000000000e+02
2.114000000000000000e+03 1.473000000000000000e+03 1.500000000000000000e+03 0.000000000000000000e+00 2.250000000000000000e+02
2.165000000000000000e+03 1.462000000000000000e+03 1.575000000000000000e+03 0.000000000000000000e+00 2.250000000000000000e+02
2.215000000000000000e+03 1.450000000000000000e+03 1.650000000000000000e+03 0.000000000000000000e+00 2.250000000000000000e+02
2.265000000000000000e+03 1.438000000000000000e+03 1.725000000000000000e+03 0.000000000000000000e+00 2.250000000000000000e+02
2.315000000000000000e+03 1.427000000000000000e+03 1.800000000000000000e+03 0.000000000000000000e+00 2.250000000000000000e+02
1.002000000000000000e+03 1.668000000000000000e+03 0.000000000000000000e+00 0.000000000000000000e+00 3.000000000000000000e+02
1.062000000000000000e+03 1.655000000000000000e+03 7.500000000000000000e+01 0.000000000000000000e+00 3.000000000000000000e+02
1.122000000000000000e+03 1.642000000000000000e+03 1.500000000000000000e+02 0.000000000000000000e+00 3.000000000000000000e+02
1.181000000000000000e+03 1.630000000000000000e+03 2.250000000000000000e+02 0.000000000000000000e+00 3.000000000000000000e+02
1.240000000000000000e+03 1.617000000000000000e+03 3.000000000000000000e+02 0.000000000000000000e+00 3.000000000000000000e+02
1.299000000000000000e+03 1.604000000000000000e+03 3.750000000000000000e+02 0.000000000000000000e+00 3.000000000000000000e+02
1.357000000000000000e+03 1.592000000000000000e+03 4.500000000000000000e+02 0.000000000000000000e+00 3.000000000000000000e+02
1.414000000000000000e+03 1.579000000000000000e+03 5.250000000000000000e+02 0.000000000000000000e+00 3.000000000000000000e+02
1.471000000000000000e+03 1.567000000000000000e+03 6.000000000000000000e+02 0.000000000000000000e+00 3.000000000000000000e+02
1.528000000000000000e+03 1.555000000000000000e+03 6.750000000000000000e+02 0.000000000000000000e+00 3.000000000000000000e+02
1.584000000000000000e+03 1.542000000000000000e+03 7.500000000000000000e+02 0.000000000000000000e+00 3.000000000000000000e+02
1.639000000000000000e+03 1.530000000000000000e+03 8.250000000000000000e+02 0.000000000000000000e+00 3.000000000000000000e+02
1.695000000000000000e+03 1.518000000000000000e+03 9.000000000000000000e+02 0.000000000000000000e+00 3.000000000000000000e+02
1.749000000000000000e+03 1.506000000000000000e+03 9.750000000000000000e+02 0.000000000000000000e+00 3.000000000000000000e+02
1.803000000000000000e+03 1.494000000000000000e+03 1.050000000000000000e+03 0.000000000000000000e+00 3.000000000000000000e+02
1.857000000000000000e+03 1.482000000000000000e+03 1.125000000000000000e+03 0.000000000000000000e+00 3.000000000000000000e+02
1.910000000000000000e+03 1.470000000000000000e+03 1.200000000000000000e+03 0.000000000000000000e+00 3.000000000000000000e+02
1.963000000000000000e+03 1.458000000000000000e+03 1.275000000000000000e+03 0.000000000000000000e+00 3.000000000000000000e+02
2.016000000000000000e+03 1.447000000000000000e+03 1.350000000000000000e+03 0.000000000000000000e+00 3.000000000000000000e+02
2.067000000000000000e+03 1.435000000000000000e+03 1.425000000000000000e+03 0.000000000000000000e+00 3.000000000000000000e+02
2.119000000000000000e+03 1.424000000000000000e+03 1.500000000000000000e+03 0.000000000000000000e+00 3.000000000000000000e+02
2.170000000000000000e+03 1.412000000000000000e+03 1.575000000000000000e+03 0.000000000000000000e+00 3.000000000000000000e+02
2.221000000000000000e+03 1.401000000000000000e+03 1.650000000000000000e+03 0.000000000000000000e+00 3.000000000000000000e+02
2.271000000000000000e+03 1.389000000000000000e+03 1.725000000000000000e+03 0.000000000000000000e+00 3.000000000000000000e+02
2.321000000000000000e+03 1.378000000000000000e+03 1.800000000000000000e+03 0.000000000000000000e+00 3.000000000000000000e+02
1.000000000000000000e+03 1.615000000000000000e+03 0.000000000000000000e+00 0.000000000000000000e+00 3.750000000000000000e+02
1.061000000000000000e+03 1.602000000000000000e+03 7.500000000000000000e+01 0.000000000000000000e+00 3.750000000000000000e+02
1.121000000000000000e+03 1.590000000000000000e+03 1.500000000000000000e+02 0.000000000000000000e+00 3.750000000000000000e+02
1.181000000000000000e+03 1.577000000000000000e+03 2.250000000000000000e+02 0.000000000000000000e+00 3.750000000000000000e+02
1.241000000000000000e+03 1.565000000000000000e+03 3.000000000000000000e+02 0.000000000000000000e+00 3.750000000000000000e+02
1.299000000000000000e+03 1.552000000000000000e+03 3.750000000000000000e+02 0.000000000000000000e+00 3.750000000000000000e+02
1.358000000000000000e+03 1.540000000000000000e+03 4.500000000000000000e+02 0.000000000000000000e+00 3.750000000000000000e+02
1.415000000000000000e+03 1.528000000000000000e+03 5.250000000000000000e+02 0.000000000000000000e+00 3.750000000000000000e+02
1.473000000000000000e+03 1.515000000000000000e+03 6.000000000000000000e+02 0.000000000000000000e+00 3.750000000000000000e+02
1.530000000000000000e+03 1.503000000000000000e+03 6.750000000000000000e+02 0.000000000000000000e+00 3.750000000000000000e+02
1.586000000000000000e+03 1.491000000000000000e+03 7.500000000000000000e+02 0.000000000000000000e+00 3.750000000000000000e+02
1.642000000000000000e+03 1.479000000000000000e+03 8.250000000000000000e+02 0.000000000000000000e+00 3.750000000000000000e+02
1.697000000000000000e+03 1.467000000000000000e+03 9.000000000000000000e+02 0.000000000000000000e+00 3.750000000000000000e+02
1.752000000000000000e+03 1.455000000000000000e+03 9.750000000000000000e+02 0.000000000000000000e+00 3.750000000000000000e+02
1.807000000000000000e+03 1.443000000000000000e+03 1.050000000000000000e+03 0.000000000000000000e+00 3.750000000000000000e+02
1.861000000000000000e+03 1.431000000000000000e+03 1.125000000000000000e+03 0.000000000000000000e+00 3.750000000000000000e+02
1.914000000000000000e+03 1.420000000000000000e+03 1.200000000000000000e+03 0.000000000000000000e+00 3.750000000000000000e+02
1.967000000000000000e+03 1.408000000000000000e+03 1.275000000000000000e+03 0.000000000000000000e+00 3.750000000000000000e+02
2.020000000000000000e+03 1.396000000000000000e+03 1.350000000000000000e+03 0.000000000000000000e+00 3.750000000000000000e+02
2.072000000000000000e+03 1.385000000000000000e+03 1.425000000000000000e+03 0.000000000000000000e+00 3.750000000000000000e+02
2.124000000000000000e+03 1.373000000000000000e+03 1.500000000000000000e+03 0.000000000000000000e+00 3.750000000000000000e+02
2.175000000000000000e+03 1.362000000000000000e+03 1.575000000000000000e+03 0.000000000000000000e+00 3.750000000000000000e+02
2.226000000000000000e+03 1.351000000000000000e+03 1.650000000000000000e+03 0.000000000000000000e+00 3.750000000000000000e+02
2.277000000000000000e+03 1.340000000000000000e+03 1.725000000000000000e+03 0.000000000000000000e+00 3.750000000000000000e+02
2.327000000000000000e+03 1.329000000000000000e+03 1.800000000000000000e+03 0.000000000000000000e+00 3.750000000000000000e+02
9.990000000000000000e+02 1.562000000000000000e+03 0.000000000000000000e+00 0.000000000000000000e+00 4.500000000000000000e+02
1.060000000000000000e+03 1.549000000000000000e+03 7.500000000000000000e+01 0.000000000000000000e+00 4.500000000000000000e+02
1.121000000000000000e+03 1.537000000000000000e+03 1.500000000000000000e+02 0.000000000000000000e+00 4.500000000000000000e+02
1.181000000000000000e+03 1.524000000000000000e+03 2.250000000000000000e+02 0.000000000000000000e+00 4.500000000000000000e+02
1.241000000000000000e+03 1.512000000000000000e+03 3.000000000000000000e+02 0.000000000000000000e+00 4.500000000000000000e+02
1.300000000000000000e+03 1.499000000000000000e+03 3.750000000000000000e+02 0.000000000000000000e+00 4.500000000000000000e+02
1.359000000000000000e+03 1.487000000000000000e+03 4.500000000000000000e+02 0.000000000000000000e+00 4.500000000000000000e+02
1.417000000000000000e+03 1.475000000000000000e+03 5.250000000000000000e+02 0.000000000000000000e+00 4.500000000000000000e+02
1.475000000000000000e+03 1.463000000000000000e+03 6.000000000000000000e+02 0.000000000000000000e+00 4.500000000000000000e+02
1.532000000000000000e+03 1.451000000000000000e+03 6.750000000000000000e+02 0.000000000000000000e+00 4.500000000000000000e+02
1.588000000000000000e+03 1.439000000000000000e+03 7.500000000000000000e+02 0.000000000000000000e+00 4.500000000000000000e+02
1.645000000000000000e+03 1.427000000000000000e+03 8.250000000000000000e+02 0.000000000000000000e+00 4.500000000000000000e+02
1.700000000000000000e+03 1.415000000000000000e+03 9.000000000000000000e+02 0.000000000000000000e+00 4.500000000000000000e+02
1.756000000000000000e+03 1.403000000000000000e+03 9.750000000000000000e+02 0.000000000000000000e+00 4.500000000000000000e+02
1.810000000000000000e+03 1.391000000000000000e+03 1.050000000000000000e+03 0.000000000000000000e+00 4.500000000000000000e+02
1.865000000000000000e+03 1.380000000000000000e+03 1.125000000000000000e+03 0.000000000000000000e+00 4.500000000000000000e+02
1.918000000000000000e+03 1.368000000000000000e+03 1.200000000000000000e+03 0.000000000000000000e+00 4.500000000000000000e+02
1.972000000000000000e+03 1.357000000000000000e+03 1.275000000000000000e+03 0.000000000000000000e+00 4.500000000000000000e+02
2.025000000000000000e+03 1.345000000000000000e+03 1.350000000000000000e+03 0.000000000000000000e+00 4.500000000000000000e+02
2.077000000000000000e+03 1.334000000000000000e+03 1.425000000000000000e+03 0.000000000000000000e+00 4.500000000000000000e+02
2.129000000000000000e+03 1.323000000000000000e+03 1.500000000000000000e+03 0.000000000000000000e+00 4.500000000000000000e+02
2.181000000000000000e+03 1.312000000000000000e+03 1.575000000000000000e+03 0.000000000000000000e+00 4.500000000000000000e+02
2.232000000000000000e+03 1.301000000000000000e+03 1.650000000000000000e+03 0.000000000000000000e+00 4.500000000000000000e+02
2.282000000000000000e+03 1.289000000000000000e+03 1.725000000000000000e+03 0.000000000000000000e+00 4.500000000000000000e+02
2.333000000000000000e+03 1.278000000000000000e+03 1.800000000000000000e+03 0.000000000000000000e+00 4.500000000000000000e+02
9.980000000000000000e+02 1.508000000000000000e+03 0.000000000000000000e+00 0.000000000000000000e+00 5.250000000000000000e+02
1.059000000000000000e+03 1.495000000000000000e+03 7.500000000000000000e+01 0.000000000000000000e+00 5.250000000000000000e+02
1.120000000000000000e+03 1.483000000000000000e+03 1.500000000000000000e+02 0.000000000000000000e+00 5.250000000000000000e+02
1.181000000000000000e+03 1.470000000000000000e+03 2.250000000000000000e+02 0.000000000000000000e+00 5.250000000000000000e+02
1.241000000000000000e+03 1.458000000000000000e+03 3.000000000000000000e+02 0.000000000000000000e+00 5.250000000000000000e+02
1.301000000000000000e+03 1.446000000000000000e+03 3.750000000000000000e+02 0.000000000000000000e+00 5.250000000000000000e+02
1.360000000000000000e+03 1.434000000000000000e+03 4.500000000000000000e+02 0.000000000000000000e+00 5.250000000000000000e+02
1.418000000000000000e+03 1.422000000000000000e+03 5.250000000000000000e+02 0.000000000000000000e+00 5.250000000000000000e+02
1.476000000000000000e+03 1.410000000000000000e+03 6.000000000000000000e+02 0.000000000000000000e+00 5.250000000000000000e+02
1.534000000000000000e+03 1.398000000000000000e+03 6.750000000000000000e+02 0.000000000000000000e+00 5.250000000000000000e+02
1.591000000000000000e+03 1.386000000000000000e+03 7.500000000000000000e+02 0.000000000000000000e+00 5.250000000000000000e+02
1.647000000000000000e+03 1.374000000000000000e+03 8.250000000000000000e+02 0.000000000000000000e+00 5.250000000000000000e+02
1.703000000000000000e+03 1.362000000000000000e+03 9.000000000000000000e+02 0.000000000000000000e+00 5.250000000000000000e+02
1.759000000000000000e+03 1.351000000000000000e+03 9.750000000000000000e+02 0.000000000000000000e+00 5.250000000000000000e+02
1.814000000000000000e+03 1.339000000000000000e+03 1.050000000000000000e+03 0.000000000000000000e+00 5.250000000000000000e+02
1.868000000000000000e+03 1.328000000000000000e+03 1.125000000000000000e+03 0.000000000000000000e+00 5.250000000000000000e+02
1.922000000000000000e+03 1.316000000000000000e+03 1.200000000000000000e+03 0.000000000000000000e+00 5.250000000000000000e+02
1.976000000000000000e+03 1.305000000000000000e+03 1.275000000000000000e+03 0.000000000000000000e+00 5.250000000000000000e+02
2.029000000000000000e+03 1.294000000000000000e+03 1.350000000000000000e+03 0.000000000000000000e+00 5.250000000000000000e+02
2.082000000000000000e+03 1.283000000000000000e+03 1.425000000000000000e+03 0.000000000000000000e+00 5.250000000000000000e+02
2.134000000000000000e+03 1.271000000000000000e+03 1.500000000000000000e+03 0.000000000000000000e+00 5.250000000000000000e+02
2.186000000000000000e+03 1.260000000000000000e+03 1.575000000000000000e+03 0.000000000000000000e+00 5.250000000000000000e+02
2.237000000000000000e+03 1.249000000000000000e+03 1.650000000000000000e+03 0.000000000000000000e+00 5.250000000000000000e+02
2.288000000000000000e+03 1.239000000000000000e+03 1.725000000000000000e+03 0.000000000000000000e+00 5.250000000000000000e+02
2.339000000000000000e+03 1.228000000000000000e+03 1.800000000000000000e+03 0.000000000000000000e+00 5.250000000000000000e+02
9.970000000000000000e+02 1.453000000000000000e+03 0.000000000000000000e+00 0.000000000000000000e+00 6.000000000000000000e+02
1.059000000000000000e+03 1.440000000000000000e+03 7.500000000000000000e+01 0.000000000000000000e+00 6.000000000000000000e+02
1.120000000000000000e+03 1.428000000000000000e+03 1.500000000000000000e+02 0.000000000000000000e+00 6.000000000000000000e+02
1.181000000000000000e+03 1.416000000000000000e+03 2.250000000000000000e+02 0.000000000000000000e+00 6.000000000000000000e+02
1.241000000000000000e+03 1.404000000000000000e+03 3.000000000000000000e+02 0.000000000000000000e+00 6.000000000000000000e+02
1.301000000000000000e+03 1.392000000000000000e+03 3.750000000000000000e+02 0.000000000000000000e+00 6.000000000000000000e+02
1.361000000000000000e+03 1.380000000000000000e+03 4.500000000000000000e+02 0.000000000000000000e+00 6.000000000000000000e+02
1.419000000000000000e+03 1.368000000000000000e+03 5.250000000000000000e+02 0.000000000000000000e+00 6.000000000000000000e+02
1.478000000000000000e+03 1.356000000000000000e+03 6.000000000000000000e+02 0.000000000000000000e+00 6.000000000000000000e+02
1.536000000000000000e+03 1.344000000000000000e+03 6.750000000000000000e+02 0.000000000000000000e+00 6.000000000000000000e+02
1.593000000000000000e+03 1.333000000000000000e+03 7.500000000000000000e+02 0.000000000000000000e+00 6.000000000000000000e+02
1.650000000000000000e+03 1.321000000000000000e+03 8.250000000000000000e+02 0.000000000000000000e+00 6.000000000000000000e+02
1.706000000000000000e+03 1.309000000000000000e+03 9.000000000000000000e+02 0.000000000000000000e+00 6.000000000000000000e+02
1.762000000000000000e+03 1.298000000000000000e+03 9.750000000000000000e+02 0.000000000000000000e+00 6.000000000000000000e+02
1.817000000000000000e+03 1.286000000000000000e+03 1.050000000000000000e+03 0.000000000000000000e+00 6.000000000000000000e+02
1.872000000000000000e+03 1.275000000000000000e+03 1.125000000000000000e+03 0.000000000000000000e+00 6.000000000000000000e+02
1.927000000000000000e+03 1.264000000000000000e+03 1.200000000000000000e+03 0.000000000000000000e+00 6.000000000000000000e+02
1.981000000000000000e+03 1.253000000000000000e+03 1.275000000000000000e+03 0.000000000000000000e+00 6.000000000000000000e+02
2.034000000000000000e+03 1.242000000000000000e+03 1.350000000000000000e+03 0.000000000000000000e+00 6.000000000000000000e+02
2.087000000000000000e+03 1.231000000000000000e+03 1.425000000000000000e+03 0.000000000000000000e+00 6.000000000000000000e+02
2.140000000000000000e+03 1.220000000000000000e+03 1.500000000000000000e+03 0.000000000000000000e+00 6.000000000000000000e+02
2.192000000000000000e+03 1.209000000000000000e+03 1.575000000000000000e+03 0.000000000000000000e+00 6.000000000000000000e+02
2.243000000000000000e+03 1.198000000000000000e+03 1.650000000000000000e+03 0.000000000000000000e+00 6.000000000000000000e+02
2.294000000000000000e+03 1.187000000000000000e+03 1.725000000000000000e+03 0.000000000000000000e+00 6.000000000000000000e+02
2.345000000000000000e+03 1.176000000000000000e+03 1.800000000000000000e+03 0.000000000000000000e+00 6.000000000000000000e+02
9.950000000000000000e+02 1.397000000000000000e+03 0.000000000000000000e+00 0.000000000000000000e+00 6.750000000000000000e+02
1.058000000000000000e+03 1.385000000000000000e+03 7.500000000000000000e+01 0.000000000000000000e+00 6.750000000000000000e+02
1.120000000000000000e+03 1.373000000000000000e+03 1.500000000000000000e+02 0.000000000000000000e+00 6.750000000000000000e+02
1.181000000000000000e+03 1.361000000000000000e+03 2.250000000000000000e+02 0.000000000000000000e+00 6.750000000000000000e+02
1.242000000000000000e+03 1.349000000000000000e+03 3.000000000000000000e+02 0.000000000000000000e+00 6.750000000000000000e+02
1.302000000000000000e+03 1.337000000000000000e+03 3.750000000000000000e+02 0.000000000000000000e+00 6.750000000000000000e+02
1.361000000000000000e+03 1.325000000000000000e+03 4.500000000000000000e+02 0.000000000000000000e+00 6.750000000000000000e+02
1.421000000000000000e+03 1.314000000000000000e+03 5.250000000000000000e+02 0.000000000000000000e+00 6.750000000000000000e+02
1.480000000000000000e+03 1.302000000000000000e+03 6.000000000000000000e+02 0.000000000000000000e+00 6.750000000000000000e+02
1.538000000000000000e+03 1.290000000000000000e+03 6.750000000000000000e+02 0.000000000000000000e+00 6.750000000000000000e+02
1.595000000000000000e+03 1.279000000000000000e+03 7.500000000000000000e+02 0.000000000000000000e+00 6.750000000000000000e+02
1.653000000000000000e+03 1.267000000000000000e+03 8.250000000000000000e+02 0.000000000000000000e+00 6.750000000000000000e+02
1.709000000000000000e+03 1.256000000000000000e+03 9.000000000000000000e+02 0.000000000000000000e+00 6.750000000000000000e+02
1.765000000000000000e+03 1.244000000000000000e+03 9.750000000000000000e+02 0.000000000000000000e+00 6.750000000000000000e+02
1.821000000000000000e+03 1.233000000000000000e+03 1.050000000000000000e+03 0.000000000000000000e+00 6.750000000000000000e+02
1.876000000000000000e+03 1.222000000000000000e+03 1.125000000000000000e+03 0.000000000000000000e+00 6.750000000000000000e+02
1.931000000000000000e+03 1.211000000000000000e+03 1.200000000000000000e+03 0.000000000000000000e+00 6.750000000000000000e+02
1.985000000000000000e+03 1.200000000000000000e+03 1.275000000000000000e+03 0.000000000000000000e+00 6.750000000000000000e+02
2.039000000000000000e+03 1.189000000000000000e+03 1.350000000000000000e+03 0.000000000000000000e+00 6.750000000000000000e+02
2.092000000000000000e+03 1.178000000000000000e+03 1.425000000000000000e+03 0.000000000000000000e+00 6.750000000000000000e+02
2.145000000000000000e+03 1.167000000000000000e+03 1.500000000000000000e+03 0.000000000000000000e+00 6.750000000000000000e+02
2.197000000000000000e+03 1.157000000000000000e+03 1.575000000000000000e+03 0.000000000000000000e+00 6.750000000000000000e+02
2.249000000000000000e+03 1.146000000000000000e+03 1.650000000000000000e+03 0.000000000000000000e+00 6.750000000000000000e+02
2.301000000000000000e+03 1.135000000000000000e+03 1.725000000000000000e+03 0.000000000000000000e+00 6.750000000000000000e+02
2.351000000000000000e+03 1.125000000000000000e+03 1.800000000000000000e+03 0.000000000000000000e+00 6.750000000000000000e+02
9.940000000000000000e+02 1.341000000000000000e+03 0.000000000000000000e+00 0.000000000000000000e+00 7.500000000000000000e+02
1.057000000000000000e+03 1.329000000000000000e+03 7.500000000000000000e+01 0.000000000000000000e+00 7.500000000000000000e+02
1.119000000000000000e+03 1.317000000000000000e+03 1.500000000000000000e+02 0.000000000000000000e+00 7.500000000000000000e+02
1.181000000000000000e+03 1.305000000000000000e+03 2.250000000000000000e+02 0.000000000000000000e+00 7.500000000000000000e+02
1.242000000000000000e+03 1.293000000000000000e+03 3.000000000000000000e+02 0.000000000000000000e+00 7.500000000000000000e+02
1.302000000000000000e+03 1.282000000000000000e+03 3.750000000000000000e+02 0.000000000000000000e+00 7.500000000000000000e+02
1.363000000000000000e+03 1.270000000000000000e+03 4.500000000000000000e+02 0.000000000000000000e+00 7.500000000000000000e+02
1.422000000000000000e+03 1.258000000000000000e+03 5.250000000000000000e+02 0.000000000000000000e+00 7.500000000000000000e+02
1.481000000000000000e+03 1.247000000000000000e+03 6.000000000000000000e+02 0.000000000000000000e+00 7.500000000000000000e+02
1.540000000000000000e+03 1.235000000000000000e+03 6.750000000000000000e+02 0.000000000000000000e+00 7.500000000000000000e+02
1.598000000000000000e+03 1.224000000000000000e+03 7.500000000000000000e+02 0.000000000000000000e+00 7.500000000000000000e+02
1.655000000000000000e+03 1.213000000000000000e+03 8.250000000000000000e+02 0.000000000000000000e+00 7.500000000000000000e+02
1.712000000000000000e+03 1.201000000000000000e+03 9.000000000000000000e+02 0.000000000000000000e+00 7.500000000000000000e+02
1.769000000000000000e+03 1.190000000000000000e+03 9.750000000000000000e+02 0.000000000000000000e+00 7.500000000000000000e+02
1.825000000000000000e+03 1.179000000000000000e+03 1.050000000000000000e+03 0.000000000000000000e+00 7.500000000000000000e+02
1.880000000000000000e+03 1.168000000000000000e+03 1.125000000000000000e+03 0.000000000000000000e+00 7.500000000000000000e+02
1.935000000000000000e+03 1.157000000000000000e+03 1.200000000000000000e+03 0.000000000000000000e+00 7.500000000000000000e+02
1.990000000000000000e+03 1.146000000000000000e+03 1.275000000000000000e+03 0.000000000000000000e+00 7.500000000000000000e+02
2.044000000000000000e+03 1.136000000000000000e+03 1.350000000000000000e+03 0.000000000000000000e+00 7.500000000000000000e+02
2.097000000000000000e+03 1.125000000000000000e+03 1.425000000000000000e+03 0.000000000000000000e+00 7.500000000000000000e+02
2.150000000000000000e+03 1.114000000000000000e+03 1.500000000000000000e+03 0.000000000000000000e+00 7.500000000000000000e+02
2.203000000000000000e+03 1.104000000000000000e+03 1.575000000000000000e+03 0.000000000000000000e+00 7.500000000000000000e+02
2.255000000000000000e+03 1.093000000000000000e+03 1.650000000000000000e+03 0.000000000000000000e+00 7.500000000000000000e+02
2.306000000000000000e+03 1.083000000000000000e+03 1.725000000000000000e+03 0.000000000000000000e+00 7.500000000000000000e+02
2.358000000000000000e+03 1.072000000000000000e+03 1.800000000000000000e+03 0.000000000000000000e+00 7.500000000000000000e+02
9.930000000000000000e+02 1.284000000000000000e+03 0.000000000000000000e+00 0.000000000000000000e+00 8.250000000000000000e+02
1.056000000000000000e+03 1.272000000000000000e+03 7.500000000000000000e+01 0.000000000000000000e+00 8.250000000000000000e+02
1.119000000000000000e+03 1.261000000000000000e+03 1.500000000000000000e+02 0.000000000000000000e+00 8.250000000000000000e+02
1.181000000000000000e+03 1.249000000000000000e+03 2.250000000000000000e+02 0.000000000000000000e+00 8.250000000000000000e+02
1.242000000000000000e+03 1.237000000000000000e+03 3.000000000000000000e+02 0.000000000000000000e+00 8.250000000000000000e+02
1.303000000000000000e+03 1.226000000000000000e+03 3.750000000000000000e+02 0.000000000000000000e+00 8.250000000000000000e+02
1.364000000000000000e+03 1.214000000000000000e+03 4.500000000000000000e+02 0.000000000000000000e+00 8.250000000000000000e+02
1.424000000000000000e+03 1.203000000000000000e+03 5.250000000000000000e+02 0.000000000000000000e+00 8.250000000000000000e+02
1.483000000000000000e+03 1.191000000000000000e+03 6.000000000000000000e+02 0.000000000000000000e+00 8.250000000000000000e+02
1.542000000000000000e+03 1.180000000000000000e+03 6.750000000000000000e+02 0.000000000000000000e+00 8.250000000000000000e+02
1.600000000000000000e+03 1.169000000000000000e+03 7.500000000000000000e+02 0.000000000000000000e+00 8.250000000000000000e+02
1.658000000000000000e+03 1.158000000000000000e+03 8.250000000000000000e+02 0.000000000000000000e+00 8.250000000000000000e+02
1.715000000000000000e+03 1.146000000000000000e+03 9.000000000000000000e+02 0.000000000000000000e+00 8.250000000000000000e+02
1.772000000000000000e+03 1.135000000000000000e+03 9.750000000000000000e+02 0.000000000000000000e+00 8.250000000000000000e+02
1.828000000000000000e+03 1.125000000000000000e+03 1.050000000000000000e+03 0.000000000000000000e+00 8.250000000000000000e+02
1.884000000000000000e+03 1.114000000000000000e+03 1.125000000000000000e+03 0.000000000000000000e+00 8.250000000000000000e+02
1.939000000000000000e+03 1.103000000000000000e+03 1.200000000000000000e+03 0.000000000000000000e+00 8.250000000000000000e+02
1.994000000000000000e+03 1.092000000000000000e+03 1.275000000000000000e+03 0.000000000000000000e+00 8.250000000000000000e+02
2.048000000000000000e+03 1.082000000000000000e+03 1.350000000000000000e+03 0.000000000000000000e+00 8.250000000000000000e+02
2.102000000000000000e+03 1.071000000000000000e+03 1.425000000000000000e+03 0.000000000000000000e+00 8.250000000000000000e+02
2.155000000000000000e+03 1.061000000000000000e+03 1.500000000000000000e+03 0.000000000000000000e+00 8.250000000000000000e+02
2.208000000000000000e+03 1.050000000000000000e+03 1.575000000000000000e+03 0.000000000000000000e+00 8.250000000000000000e+02
2.261000000000000000e+03 1.040000000000000000e+03 1.650000000000000000e+03 0.000000000000000000e+00 8.250000000000000000e+02
2.313000000000000000e+03 1.030000000000000000e+03 1.725000000000000000e+03 0.000000000000000000e+00 8.250000000000000000e+02
2.364000000000000000e+03 1.019000000000000000e+03 1.800000000000000000e+03 0.000000000000000000e+00 8.250000000000000000e+02
9.920000000000000000e+02 1.227000000000000000e+03 0.000000000000000000e+00 0.000000000000000000e+00 9.000000000000000000e+02
1.055000000000000000e+03 1.215000000000000000e+03 7.500000000000000000e+01 0.000000000000000000e+00 9.000000000000000000e+02
1.118000000000000000e+03 1.203000000000000000e+03 1.500000000000000000e+02 0.000000000000000000e+00 9.000000000000000000e+02
1.181000000000000000e+03 1.192000000000000000e+03 2.250000000000000000e+02 0.000000000000000000e+00 9.000000000000000000e+02
1.242000000000000000e+03 1.180000000000000000e+03 3.000000000000000000e+02 0.000000000000000000e+00 9.000000000000000000e+02
1.304000000000000000e+03 1.169000000000000000e+03 3.750000000000000000e+02 0.000000000000000000e+00 9.000000000000000000e+02
1.365000000000000000e+03 1.157000000000000000e+03 4.500000000000000000e+02 0.000000000000000000e+00 9.000000000000000000e+02
1.425000000000000000e+03 1.146000000000000000e+03 5.250000000000000000e+02 0.000000000000000000e+00 9.000000000000000000e+02
1.485000000000000000e+03 1.135000000000000000e+03 6.000000000000000000e+02 0.000000000000000000e+00 9.000000000000000000e+02
1.544000000000000000e+03 1.124000000000000000e+03 6.750000000000000000e+02 0.000000000000000000e+00 9.000000000000000000e+02
1.603000000000000000e+03 1.113000000000000000e+03 7.500000000000000000e+02 0.000000000000000000e+00 9.000000000000000000e+02
1.661000000000000000e+03 1.102000000000000000e+03 8.250000000000000000e+02 0.000000000000000000e+00 9.000000000000000000e+02
1.718000000000000000e+03 1.091000000000000000e+03 9.000000000000000000e+02 0.000000000000000000e+00 9.000000000000000000e+02
1.775000000000000000e+03 1.080000000000000000e+03 9.750000000000000000e+02 0.000000000000000000e+00 9.000000000000000000e+02
1.832000000000000000e+03 1.069000000000000000e+03 1.050000000000000000e+03 0.000000000000000000e+00 9.000000000000000000e+02
1.888000000000000000e+03 1.059000000000000000e+03 1.125000000000000000e+03 0.000000000000000000e+00 9.000000000000000000e+02
1.944000000000000000e+03 1.048000000000000000e+03 1.200000000000000000e+03 0.000000000000000000e+00 9.000000000000000000e+02
1.999000000000000000e+03 1.037000000000000000e+03 1.275000000000000000e+03 0.000000000000000000e+00 9.000000000000000000e+02
2.053000000000000000e+03 1.027000000000000000e+03 1.350000000000000000e+03 0.000000000000000000e+00 9.000000000000000000e+02
2.107000000000000000e+03 1.017000000000000000e+03 1.425000000000000000e+03 0.000000000000000000e+00 9.000000000000000000e+02
2.161000000000000000e+03 1.006000000000000000e+03 1.500000000000000000e+03 0.000000000000000000e+00 9.000000000000000000e+02
2.214000000000000000e+03 9.960000000000000000e+02 1.575000000000000000e+03 0.000000000000000000e+00 9.000000000000000000e+02
2.267000000000000000e+03 9.860000000000000000e+02 1.650000000000000000e+03 0.000000000000000000e+00 9.000000000000000000e+02
2.319000000000000000e+03 9.760000000000000000e+02 1.725000000000000000e+03 0.000000000000000000e+00 9.000000000000000000e+02
2.371000000000000000e+03 9.660000000000000000e+02 1.800000000000000000e+03 0.000000000000000000e+00 9.000000000000000000e+02
9.910000000000000000e+02 1.168000000000000000e+03 0.000000000000000000e+00 0.000000000000000000e+00 9.750000000000000000e+02
1.054000000000000000e+03 1.157000000000000000e+03 7.500000000000000000e+01 0.000000000000000000e+00 9.750000000000000000e+02
1.118000000000000000e+03 1.145000000000000000e+03 1.500000000000000000e+02 0.000000000000000000e+00 9.750000000000000000e+02
1.181000000000000000e+03 1.134000000000000000e+03 2.250000000000000000e+02 0.000000000000000000e+00 9.750000000000000000e+02
1.243000000000000000e+03 1.122000000000000000e+03 3.000000000000000000e+02 0.000000000000000000e+00 9.750000000000000000e+02
1.304000000000000000e+03 1.111000000000000000e+03 3.750000000000000000e+02 0.000000000000000000e+00 9.750000000000000000e+02
1.366000000000000000e+03 1.100000000000000000e+03 4.500000000000000000e+02 0.000000000000000000e+00 9.750000000000000000e+02
1.426000000000000000e+03 1.089000000000000000e+03 5.250000000000000000e+02 0.000000000000000000e+00 9.750000000000000000e+02
1.487000000000000000e+03 1.078000000000000000e+03 6.000000000000000000e+02 0.000000000000000000e+00 9.750000000000000000e+02
1.546000000000000000e+03 1.067000000000000000e+03 6.750000000000000000e+02 0.000000000000000000e+00 9.750000000000000000e+02
1.605000000000000000e+03 1.056000000000000000e+03 7.500000000000000000e+02 0.000000000000000000e+00 9.750000000000000000e+02
1.664000000000000000e+03 1.045000000000000000e+03 8.250000000000000000e+02 0.000000000000000000e+00 9.750000000000000000e+02
1.722000000000000000e+03 1.035000000000000000e+03 9.000000000000000000e+02 0.000000000000000000e+00 9.750000000000000000e+02
1.779000000000000000e+03 1.024000000000000000e+03 9.750000000000000000e+02 0.000000000000000000e+00 9.750000000000000000e+02
1.836000000000000000e+03 1.013000000000000000e+03 1.050000000000000000e+03 0.000000000000000000e+00 9.750000000000000000e+02
1.892000000000000000e+03 1.003000000000000000e+03 1.125000000000000000e+03 0.000000000000000000e+00 9.750000000000000000e+02
1.948000000000000000e+03 9.920000000000000000e+02 1.200000000000000000e+03 0.000000000000000000e+00 9.750000000000000000e+02
2.003000000000000000e+03 9.820000000000000000e+02 1.275000000000000000e+03 0.000000000000000000e+00 9.750000000000000000e+02
2.058000000000000000e+03 9.720000000000000000e+02 1.350000000000000000e+03 0.000000000000000000e+00 9.750000000000000000e+02
2.113000000000000000e+03 9.620000000000000000e+02 1.425000000000000000e+03 0.000000000000000000e+00 9.750000000000000000e+02
2.166000000000000000e+03 9.520000000000000000e+02 1.500000000000000000e+03 0.000000000000000000e+00 9.750000000000000000e+02
2.220000000000000000e+03 9.410000000000000000e+02 1.575000000000000000e+03 0.000000000000000000e+00 9.750000000000000000e+02
2.273000000000000000e+03 9.320000000000000000e+02 1.650000000000000000e+03 0.000000000000000000e+00 9.750000000000000000e+02
2.325000000000000000e+03 9.220000000000000000e+02 1.725000000000000000e+03 0.000000000000000000e+00 9.750000000000000000e+02
2.377000000000000000e+03 9.120000000000000000e+02 1.800000000000000000e+03 0.000000000000000000e+00 9.750000000000000000e+02
9.890000000000000000e+02 1.109000000000000000e+03 0.000000000000000000e+00 0.000000000000000000e+00 1.050000000000000000e+03
1.053000000000000000e+03 1.098000000000000000e+03 7.500000000000000000e+01 0.000000000000000000e+00 1.050000000000000000e+03
1.117000000000000000e+03 1.087000000000000000e+03 1.500000000000000000e+02 0.000000000000000000e+00 1.050000000000000000e+03
1.180000000000000000e+03 1.075000000000000000e+03 2.250000000000000000e+02 0.000000000000000000e+00 1.050000000000000000e+03
1.243000000000000000e+03 1.064000000000000000e+03 3.000000000000000000e+02 0.000000000000000000e+00 1.050000000000000000e+03
1.305000000000000000e+03 1.053000000000000000e+03 3.750000000000000000e+02 0.000000000000000000e+00 1.050000000000000000e+03
1.367000000000000000e+03 1.042000000000000000e+03 4.500000000000000000e+02 0.000000000000000000e+00 1.050000000000000000e+03
1.428000000000000000e+03 1.031000000000000000e+03 5.250000000000000000e+02 0.000000000000000000e+00 1.050000000000000000e+03
1.488000000000000000e+03 1.020000000000000000e+03 6.000000000000000000e+02 0.000000000000000000e+00 1.050000000000000000e+03
1.548000000000000000e+03 1.009000000000000000e+03 6.750000000000000000e+02 0.000000000000000000e+00 1.050000000000000000e+03
1.608000000000000000e+03 9.990000000000000000e+02 7.500000000000000000e+02 0.000000000000000000e+00 1.050000000000000000e+03
1.666000000000000000e+03 9.880000000000000000e+02 8.250000000000000000e+02 0.000000000000000000e+00 1.050000000000000000e+03
1.725000000000000000e+03 9.780000000000000000e+02 9.000000000000000000e+02 0.000000000000000000e+00 1.050000000000000000e+03
1.782000000000000000e+03 9.670000000000000000e+02 9.750000000000000000e+02 0.000000000000000000e+00 1.050000000000000000e+03
1.840000000000000000e+03 9.570000000000000000e+02 1.050000000000000000e+03 0.000000000000000000e+00 1.050000000000000000e+03
1.896000000000000000e+03 9.460000000000000000e+02 1.125000000000000000e+03 0.000000000000000000e+00 1.050000000000000000e+03
1.953000000000000000e+03 9.360000000000000000e+02 1.200000000000000000e+03 0.000000000000000000e+00 1.050000000000000000e+03
2.008000000000000000e+03 9.260000000000000000e+02 1.275000000000000000e+03 0.000000000000000000e+00 1.050000000000000000e+03
2.063000000000000000e+03 9.160000000000000000e+02 1.350000000000000000e+03 0.000000000000000000e+00 1.050000000000000000e+03
2.118000000000000000e+03 9.060000000000000000e+02 1.425000000000000000e+03 0.000000000000000000e+00 1.050000000000000000e+03
2.172000000000000000e+03 8.960000000000000000e+02 1.500000000000000000e+03 0.000000000000000000e+00 1.050000000000000000e+03
2.226000000000000000e+03 8.860000000000000000e+02 1.575000000000000000e+03 0.000000000000000000e+00 1.050000000000000000e+03
2.279000000000000000e+03 8.770000000000000000e+02 1.650000000000000000e+03 0.000000000000000000e+00 1.050000000000000000e+03
2.332000000000000000e+03 8.670000000000000000e+02 1.725000000000000000e+03 0.000000000000000000e+00 1.050000000000000000e+03
2.384000000000000000e+03 8.570000000000000000e+02 1.800000000000000000e+03 0.000000000000000000e+00 1.050000000000000000e+03
9.880000000000000000e+02 1.049000000000000000e+03 0.000000000000000000e+00 0.000000000000000000e+00 1.125000000000000000e+03
1.053000000000000000e+03 1.038000000000000000e+03 7.500000000000000000e+01 0.000000000000000000e+00 1.125000000000000000e+03
1.117000000000000000e+03 1.027000000000000000e+03 1.500000000000000000e+02 0.000000000000000000e+00 1.125000000000000000e+03
1.180000000000000000e+03 1.016000000000000000e+03 2.250000000000000000e+02 0.000000000000000000e+00 1.125000000000000000e+03
1.243000000000000000e+03 1.005000000000000000e+03 3.000000000000000000e+02 0.000000000000000000e+00 1.125000000000000000e+03
1.306000000000000000e+03 9.940000000000000000e+02 3.750000000000000000e+02 0.000000000000000000e+00 1.125000000000000000e+03
1.368000000000000000e+03 9.830000000000000000e+02 4.500000000000000000e+02 0.000000000000000000e+00 1.125000000000000000e+03
1.429000000000000000e+03 9.720000000000000000e+02 5.250000000000000000e+02 0.000000000000000000e+00 1.125000000000000000e+03
1.490000000000000000e+03 9.620000000000000000e+02 6.000000000000000000e+02 0.000000000000000000e+00 1.125000000000000000e+03
1.550000000000000000e+03 9.510000000000000000e+02 6.750000000000000000e+02 0.000000000000000000e+00 1.125000000000000000e+03
1.610000000000000000e+03 9.410000000000000000e+02 7.500000000000000000e+02 0.000000000000000000e+00 1.125000000000000000e+03
1.669000000000000000e+03 9.300000000000000000e+02 8.250000000000000000e+02 0.000000000000000000e+00 1.125000000000000000e+03
1.728000000000000000e+03 9.200000000000000000e+02 9.000000000000000000e+02 0.000000000000000000e+00 1.125000000000000000e+03
1.786000000000000000e+03 9.100000000000000000e+02 9.750000000000000000e+02 0.000000000000000000e+00 1.125000000000000000e+03
1.843000000000000000e+03 8.990000000000000000e+02 1.050000000000000000e+03 0.000000000000000000e+00 1.125000000000000000e+03
1.900000000000000000e+03 8.890000000000000000e+02 1.125000000000000000e+03 0.000000000000000000e+00 1.125000000000000000e+03
1.957000000000000000e+03 8.790000000000000000e+02 1.200000000000000000e+03 0.000000000000000000e+00 1.125000000000000000e+03
2.013000000000000000e+03 8.690000000000000000e+02 1.275000000000000000e+03 0.000000000000000000e+00 1.125000000000000000e+03
2.068000000000000000e+03 8.600000000000000000e+02 1.350000000000000000e+03 0.000000000000000000e+00 1.125000000000000000e+03
2.123000000000000000e+03 8.500000000000000000e+02 1.425000000000000000e+03 0.000000000000000000e+00 1.125000000000000000e+03
2.178000000000000000e+03 8.400000000000000000e+02 1.500000000000000000e+03 0.000000000000000000e+00 1.125000000000000000e+03
2.231000000000000000e+03 8.300000000000000000e+02 1.575000000000000000e+03 0.000000000000000000e+00 1.125000000000000000e+03
2.285000000000000000e+03 8.210000000000000000e+02 1.650000000000000000e+03 0.000000000000000000e+00 1.125000000000000000e+03
2.338000000000000000e+03 8.110000000000000000e+02 1.725000000000000000e+03 0.000000000000000000e+00 1.125000000000000000e+03
2.390000000000000000e+03 8.020000000000000000e+02 1.800000000000000000e+03 0.000000000000000000e+00 1.125000000000000000e+03
9.870000000000000000e+02 9.890000000000000000e+02 0.000000000000000000e+00 0.000000000000000000e+00 1.200000000000000000e+03
1.052000000000000000e+03 9.780000000000000000e+02 7.500000000000000000e+01 0.000000000000000000e+00 1.200000000000000000e+03
1.116000000000000000e+03 9.670000000000000000e+02 1.500000000000000000e+02 0.000000000000000000e+00 1.200000000000000000e+03
1.180000000000000000e+03 9.560000000000000000e+02 2.250000000000000000e+02 0.000000000000000000e+00 1.200000000000000000e+03
1.244000000000000000e+03 9.450000000000000000e+02 3.000000000000000000e+02 0.000000000000000000e+00 1.200000000000000000e+03
1.307000000000000000e+03 9.340000000000000000e+02 3.750000000000000000e+02 0.000000000000000000e+00 1.200000000000000000e+03
1.369000000000000000e+03 9.240000000000000000e+02 4.500000000000000000e+02 0.000000000000000000e+00 1.200000000000000000e+03
1.431000000000000000e+03 9.130000000000000000e+02 5.250000000000000000e+02 0.000000000000000000e+00 1.200000000000000000e+03
1.492000000000000000e+03 9.030000000000000000e+02 6.000000000000000000e+02 0.000000000000000000e+00 1.200000000000000000e+03
1.553000000000000000e+03 8.920000000000000000e+02 6.750000000000000000e+02 0.000000000000000000e+00 1.200000000000000000e+03
1.613000000000000000e+03 8.820000000000000000e+02 7.500000000000000000e+02 0.000000000000000000e+00 1.200000000000000000e+03
1.672000000000000000e+03 8.720000000000000000e+02 8.250000000000000000e+02 0.000000000000000000e+00 1.200000000000000000e+03
1.731000000000000000e+03 8.620000000000000000e+02 9.000000000000000000e+02 0.000000000000000000e+00 1.200000000000000000e+03
1.790000000000000000e+03 8.520000000000000000e+02 9.750000000000000000e+02 0.000000000000000000e+00 1.200000000000000000e+03
1.847000000000000000e+03 8.410000000000000000e+02 1.050000000000000000e+03 0.000000000000000000e+00 1.200000000000000000e+03
1.905000000000000000e+03 8.320000000000000000e+02 1.125000000000000000e+03 0.000000000000000000e+00 1.200000000000000000e+03
1.962000000000000000e+03 8.220000000000000000e+02 1.200000000000000000e+03 0.000000000000000000e+00 1.200000000000000000e+03
2.018000000000000000e+03 8.120000000000000000e+02 1.275000000000000000e+03 0.000000000000000000e+00 1.200000000000000000e+03
2.073000000000000000e+03 8.020000000000000000e+02 1.350000000000000000e+03 0.000000000000000000e+00 1.200000000000000000e+03
2.129000000000000000e+03 7.930000000000000000e+02 1.425000000000000000e+03 0.000000000000000000e+00 1.200000000000000000e+03
2.183000000000000000e+03 7.830000000000000000e+02 1.500000000000000000e+03 0.000000000000000000e+00 1.200000000000000000e+03
2.237000000000000000e+03 7.740000000000000000e+02 1.575000000000000000e+03 0.000000000000000000e+00 1.200000000000000000e+03
2.291000000000000000e+03 7.640000000000000000e+02 1.650000000000000000e+03 0.000000000000000000e+00 1.200000000000000000e+03
2.344000000000000000e+03 7.550000000000000000e+02 1.725000000000000000e+03 0.000000000000000000e+00 1.200000000000000000e+03
2.397000000000000000e+03 7.460000000000000000e+02 1.800000000000000000e+03 0.000000000000000000e+00 1.200000000000000000e+03
9.850000000000000000e+02 9.280000000000000000e+02 0.000000000000000000e+00 0.000000000000000000e+00 1.275000000000000000e+03
1.051000000000000000e+03 9.170000000000000000e+02 7.500000000000000000e+01 0.000000000000000000e+00 1.275000000000000000e+03
1.116000000000000000e+03 9.060000000000000000e+02 1.500000000000000000e+02 0.000000000000000000e+00 1.275000000000000000e+03
1.180000000000000000e+03 8.950000000000000000e+02 2.250000000000000000e+02 0.000000000000000000e+00 1.275000000000000000e+03
1.244000000000000000e+03 8.840000000000000000e+02 3.000000000000000000e+02 0.000000000000000000e+00 1.275000000000000000e+03
1.307000000000000000e+03 8.740000000000000000e+02 3.750000000000000000e+02 0.000000000000000000e+00 1.275000000000000000e+03
1.370000000000000000e+03 8.630000000000000000e+02 4.500000000000000000e+02 0.000000000000000000e+00 1.275000000000000000e+03
1.432000000000000000e+03 8.530000000000000000e+02 5.250000000000000000e+02 0.000000000000000000e+00 1.275000000000000000e+03
1.494000000000000000e+03 8.430000000000000000e+02 6.000000000000000000e+02 0.000000000000000000e+00 1.275000000000000000e+03
1.555000000000000000e+03 8.330000000000000000e+02 6.750000000000000000e+02 0.000000000000000000e+00 1.275000000000000000e+03
1.615000000000000000e+03 8.230000000000000000e+02 7.500000000000000000e+02 0.000000000000000000e+00 1.275000000000000000e+03
1.675000000000000000e+03 8.130000000000000000e+02 8.250000000000000000e+02 0.000000000000000000e+00 1.275000000000000000e+03
1.734000000000000000e+03 8.030000000000000000e+02 9.000000000000000000e+02 0.000000000000000000e+00 1.275000000000000000e+03
1.793000000000000000e+03 7.930000000000000000e+02 9.750000000000000000e+02 0.000000000000000000e+00 1.275000000000000000e+03
1.851000000000000000e+03 7.830000000000000000e+02 1.050000000000000000e+03 0.000000000000000000e+00 1.275000000000000000e+03
1.909000000000000000e+03 7.730000000000000000e+02 1.125000000000000000e+03 0.000000000000000000e+00 1.275000000000000000e+03
1.966000000000000000e+03 7.640000000000000000e+02 1.200000000000000000e+03 0.000000000000000000e+00 1.275000000000000000e+03
2.023000000000000000e+03 7.540000000000000000e+02 1.275000000000000000e+03 0.000000000000000000e+00 1.275000000000000000e+03
2.079000000000000000e+03 7.450000000000000000e+02 1.350000000000000000e+03 0.000000000000000000e+00 1.275000000000000000e+03
2.134000000000000000e+03 7.350000000000000000e+02 1.425000000000000000e+03 0.000000000000000000e+00 1.275000000000000000e+03
2.189000000000000000e+03 7.260000000000000000e+02 1.500000000000000000e+03 0.000000000000000000e+00 1.275000000000000000e+03
2.243000000000000000e+03 7.170000000000000000e+02 1.575000000000000000e+03 0.000000000000000000e+00 1.275000000000000000e+03
2.297000000000000000e+03 7.070000000000000000e+02 1.650000000000000000e+03 0.000000000000000000e+00 1.275000000000000000e+03
2.351000000000000000e+03 6.980000000000000000e+02 1.725000000000000000e+03 0.000000000000000000e+00 1.275000000000000000e+03
2.404000000000000000e+03 6.890000000000000000e+02 1.800000000000000000e+03 0.000000000000000000e+00 1.275000000000000000e+03
