456
   1  1674.891  1312.396   189.531    2   82   30   10
   2  1527.918  1312.873   190.024    4   73   26   14
   3  1601.294  1312.567   189.823    3   78   28   12
   4  1454.441  1313.068   190.326    5   69   24   16
   5  1527.899  1239.318   190.070   25   99   52   33
   6  1748.169  1312.097   189.049    1   87   32    8
   7  1674.850  1238.863   189.663   21  109   55   27
   8  1380.926  1313.361   190.572    6   64   22   18
   9  1601.285  1239.057   189.918   23  103   54   30
  10  1307.440  1313.637   190.827    7   59   20   20
  11  1454.366  1239.571   190.379   27   95   50   35
  12  1674.789  1165.311   189.817   47  135   80   50
  13  1748.173  1238.585   189.159   19  114   57   24
  14  1380.886  1239.774   190.672   29   90   48   38
  15  1233.815  1313.906   191.161    8   55   18   22
  16  1307.294  1240.014   190.836   31   85   45   41
  17  1601.235  1165.589   190.048   49  129   78   53
  18  1527.723  1165.721   190.229   51  125   76   57
  19  1748.167  1165.102   189.410   45  140   82   46
  20  1380.670  1166.194   190.787   55  116   72   63
  21  1454.225  1165.978   190.552   53  121   74   60
  22  1674.665  1091.810   190.069   74  161  103   74
  23  1160.158  1314.170   191.464    9   51   16   25
  24  1233.662  1240.380   191.175   33   80   43   44
  25  1086.476  1314.395   191.816   10   47   15   28
  26  1601.138  1092.007   190.266   76  156  101   78
  27  1527.582  1092.246   190.494   78  151   99   82
  28  1307.048  1166.466   191.072   57  111   71   66
  29  1160.003  1240.590   191.508   34   76   42   48
  30  1380.471  1092.617   190.976   81  142   97   88
  31  1748.119  1091.517   189.597   72  166  105   70
  32  1454.067  1092.438   190.804   80  147   98   85
  33  1674.563  1018.224   190.289  101  186  126   96
  34  1233.431  1166.701   191.351   58  106   70   69
  35  1601.056  1018.374   190.461  103  181  125  100
  36  1012.692  1314.716   192.055   11   43   14   31
  37  1306.857  1092.840   191.252   82  137   96   89
  38  1527.454  1018.588   190.692  104  176  124  104
  39  1453.914  1018.792   190.958  105  172  123  108
  40  1086.266  1240.852   191.768   35   72   41   52
  41  1233.209  1093.098   191.454   83  132   95   93
  42  1159.743  1166.937   191.586   59  102   69   73
  43  1748.062  1017.937   189.746   99  191  128   92
  44  1674.516   944.625   190.570  127  215  151  121
  45  1012.397  1241.164   192.154   36   68   40   56
  46  1380.313  1018.976   191.150  106  167  122  111
  47  1085.915  1167.274   192.047   60   97   67   77
  48  1600.894   944.802   190.748  128  210  150  125
  49   938.982  1315.003   192.469   12   39   13   34
  50  1527.272   944.998   190.970  129  205  149  129
  51  1159.473  1093.308   191.836   84  127   94   97
  52  1747.920   944.361   189.959  126  220  152  117
  53  1306.566  1019.219   191.420  107  162  121  114
  54  1453.699   945.150   191.089  130  199  148  133
  55  1380.117   945.354   191.358  131  192  147  136
  56  1012.131  1167.545   192.399   61   93   66   81
  57  1674.392   870.943   190.782  152  240  177  145
  58  1085.636  1093.576   192.118   85  123   93  101
  59  1600.772   871.136   191.000  153  235  176  149
  60   938.715  1241.457   192.620   37   63   39   59
  61  1232.926  1019.463   191.722  108  157  120  118
  62   865.185  1315.240   192.810   13   35   12   37
  63  1159.201  1019.678   191.906  109  152  119  122
  64  1527.086   871.295   191.196  154  230  175  153
  65  1011.901  1093.879   192.416   86  118   92  105
  66  1674.240   797.361   191.133  177  266  202  170
  67  1453.550   871.498   191.472  155  224  174  157
  68  1306.405   945.534   191.555  132  187  146  139
  69   938.406  1167.822   192.737   62   88   65   84
  70  1085.363  1019.959   192.281  110  148  118  126
  71  1379.856   871.648   191.622  156  219  172  161
  72  1747.813   870.793   190.235  151  245  178  141
  73   864.837  1241.627   192.829   38   58   38   62
  74  1526.941   797.625   191.500  179  256  200  178
  75  1232.656   945.751   191.817  133  182  145  143
  76   791.349  1315.505   193.133   14   32   11   40
  77  1158.919   946.001   192.215  134  177  144  147
  78  1600.501   797.515   191.368  178  261  201  174
  79  1306.132   871.862   191.811  157  214  171  164
  80   864.503  1168.056   192.988   63   83   64   87
  81   938.083  1094.145   192.759   87  113   91  109
  82  1674.036   723.660   191.457  202  292  227  194
  83  1379.543   797.971   191.936  181  244  198  185
  84  1453.213   797.775   191.693  180  250  199  181
  85  1747.661   797.162   190.579  176  271  203  166
  86  1011.561  1020.216   192.624  111  143  117  130
  87   791.030  1241.912   193.216   39   54   37   65
  88  1526.790   723.938   191.884  204  282  225  202
  89   937.769  1020.448   192.910  112  138  116  134
  90  1600.377   723.809   191.680  203  287  226  198
  91  1232.370   872.033   192.089  158  209  170  168
  92  1085.094   946.289   192.518  135  173  143  151
  93   717.602  1315.761   193.394   15   29   10   43
  94  1305.857   798.106   192.147  182  239  197  189
  95  1453.023   724.060   192.002  205  276  224  206
  96  1011.192   946.497   192.725  136  168  142  156
  97   864.208  1094.378   193.175   88  108   90  112
  98   790.721  1168.275   193.291   64   79   63   91
  99  1747.494   723.523   190.929  201  298  228  190
 100  1158.553   872.318   192.309  159  204  169  172
 101  1232.102   798.331   192.441  183  234  196  193
 102   717.175  1242.143   193.454   40   50   36   68
 103  1673.894   650.030   191.854  227  319  253  219
 104  1600.171   650.092   191.993  228  314  252  223
 105  1379.322   724.215   192.322  206  270  223  210
 106  1084.797   872.504   192.662  160  200  168  176
 107  1158.352   798.557   192.674  184  229  195  197
 108   937.396   946.717   193.099  137  163  141  159
 109  1526.467   650.273   192.226  229  308  251  226
 110   643.799  1316.004   193.526   16   26    9   47
 111  1452.811   650.335   192.513  230  301  250  229
 112   863.858  1020.756   193.345  113  133  115  137
 113  1010.890   872.800   192.953  161  194  167  180
 114   790.389  1094.652   193.468   89  104   89  115
 115  1305.633   724.370   192.289  207  265  222  214
 116  1084.457   798.806   192.955  185  223  194  201
 117  1747.292   649.873   191.273  226  325  254  215
 118   716.861  1168.531   193.658   65   75   62   94
 119   643.371  1242.444   193.734   41   46   34   72
 120  1231.826   724.656   192.740  208  259  221  218
 121  1673.679   576.382   192.207  252  345  278  241
 122  1599.968   576.457   192.442  253  339  277  245
 123  1379.083   650.542   192.619  231  295  249  232
 124   789.936  1020.966   193.663  114  128  114  140
 125   937.013   873.022   193.325  162  188  166  184
 126  1010.588   799.046   193.243  186  218  193  205
 127  1526.292   576.541   192.589  254  334  276  249
 128  1452.562   576.670   192.820  255  328  275  253
 129   863.502   947.087   193.459  138  158  140  163
 130   716.505  1094.876   193.819   90  100   88  119
 131   569.935  1316.239   193.745   18   23    8   51
 132  1305.297   650.723   192.835  232  290  248  237
 133  1158.020   724.790   192.949  209  254  220  222
 134  1747.132   576.229   191.687  251  351  279  236
 135   642.988  1168.825   193.841   66   71   61   98
 136  1378.818   576.812   193.011  256  322  274  257
 137  1231.516   650.895   193.060  233  285  247  242
 138   936.616   799.342   193.717  187  213  192  209
 139  1084.116   725.066   193.347  210  248  219  227
 140   789.584   947.256   193.717  139  153  139  167
 141   863.067   873.305   193.698  163  183  165  188
 142  1599.722   502.765   192.829  278  365  302  270
 143   569.537  1242.669   193.753   42   42   33   76
 144  1157.706   651.101   193.331  234  280  246  246
 145   642.649  1095.113   193.932   91   96   87  123
 146   716.057  1021.265   193.981  115  124  113  144
 147   496.123  1316.482   193.835   20   20    7   55
 148  1673.453   502.727   192.682  277  370  303  266
 149  1526.046   502.843   193.028  279  360  301  274
 150  1305.010   576.933   193.213  257  316  273  262
 151  1010.239   725.251   193.569  211  243  218  231
 152  1452.344   503.005   193.291  280  354  300  278
 153   569.126  1169.157   194.083   67   67   60  102
 154   936.279   725.553   193.932  212  238  217  234
 155   862.721   799.572   194.012  188  208  191  213
 156  1083.834   651.320   193.586  235  274  245  250
 157  1599.506   429.112   193.325  303  390  327  294
 158   495.819  1242.843   194.010   44   38   31   80
 159  1378.547   503.042   193.385  281  347  299  282
 160   789.161   873.596   193.999  164  178  164  192
 161  1525.800   429.143   193.444  304  385  326  298
 162  1746.905   502.574   192.143  276  377  304  261
 163  1231.138   577.146   193.383  258  311  272  267
 164  1673.179   429.080   193.111  302  396  328  289
 165   715.677   947.551   194.138  140  149  138  171
 166   642.252  1021.473   194.159  116  120  112  148
 167  1157.385   577.333   193.693  259  305  271  271
 168  1009.943   651.567   193.996  236  268  244  254
 169  1083.454   577.570   193.909  260  299  270  275
 170  1624.996   -19.464  -171.737  473  458  470  378
 171  1304.759   503.156   193.629  282  341  298  287
 172   568.735  1095.385   194.248   92   91   86  127
 173   422.346  1316.662   193.971   22   18    6   58
 174   495.236  1169.282   194.101   68   62   59  106
 175   788.758   799.859   194.329  189  203  190  217
 176   715.254   873.849   194.272  165  174  163  196
 177   936.006   651.795   194.223  237  263  243  258
 178  1452.085   429.279   193.652  305  379  325  302
 179   862.323   725.830   194.282  213  233  216  238
 180  1746.574   428.953   192.595  301  402  329  284
 181  1009.579   577.823   194.269  261  293  269  279
 182   641.771   947.812   194.402  141  144  137  175
 183   421.903  1243.104   194.060   46   34   29   83
 184  1599.219   355.439   193.744  333  414  354  319
 185  1525.515   355.469   193.991  335  409  352  323
 186  1157.057   503.556   193.963  284  330  296  296
 187  1378.215   429.340   193.858  306  373  324  307
 188  1230.911   503.451   193.845  283  336  297  292
 189   568.315  1021.780   194.355  117  115  111  152
 190   494.827  1095.655   194.225   93   86   85  131
 191  1672.880   355.428   193.604  332  419  353  314
 192   788.435   725.958   194.542  214  228  215  243
 193   714.864   800.093   194.582  190  198  189  221
 194   862.014   651.956   194.516  238  258  242  263
 195  1451.757   355.527   194.174  339  403  351  327
 196  1304.458   429.502   194.080  307  367  323  312
 197   348.627  1316.766   194.131   24   16    5   61
 198   421.455  1169.515   194.221   69   57   58  110
 199   935.649   578.026   194.577  262  288  268  283
 200   641.350   874.096   194.563  166  169  162  200
 201  1230.587   429.651   194.322  308  362  322  317
 202  1525.185   281.861   194.587  370  430  359  349
 203   567.853   948.073   194.457  142  139  136  179
 204  1083.113   503.772   194.333  285  324  295  300
 205  1009.161   504.017   194.683  286  318  294  304
 206  1598.894   281.834   194.326  371  434  358  344
 207  1451.423   281.861   194.647  369  425  360  353
 208  1746.333   355.313   193.028  328  424  355  310
 209   861.676   578.309   195.010  263  283  267  288
 210   348.203  1243.312   194.306   48   31   27   86
 211   494.405  1022.051   194.576  118  110  110  158
 212  1377.988   355.557   194.308  343  397  350  331
 213   788.025   652.248   194.876  239  253  241  268
 214  1156.724   429.800   194.424  309  356  321  322
 215  1672.586   281.825   194.050  372  438  357  338
 216   640.973   800.362   194.821  191  195  188  225
 217  1304.143   355.722   194.447  346  391  349  336
 218   420.993  1095.922   194.433   94   81   84  135
 219   493.990   948.325   194.648  143  134  135  183
 220   274.906  1316.952   194.207   26   14    4   64
 221   714.523   726.334   194.832  215  222  214  247
 222   935.258   504.283   194.835  287  313  293  309
 223   787.695   578.545   195.225  264  277  266  293
 224   347.626  1169.734   194.346   71   53   56  113
 225   567.450   874.342   194.690  167  164  161  204
 226  1008.843   430.232   195.041  311  344  319  329
 227  1082.830   430.073   194.817  310  350  320  325
 228   420.550  1022.218   194.556  119  105  109  162
 229   640.578   726.650   195.093  216  217  213  251
 230   714.164   652.557   195.174  240  247  240  272
 231  1230.233   355.826   194.648  349  386  348  342
 232  1377.633   281.878   194.807  368  420  361  357
 233   347.169  1096.170   194.606   95   77   83  138
 234   861.252   504.490   195.318  288  309  292  315
 235   567.071   800.641   194.933  192  190  187  230
 236  1524.853   208.193   195.060  395  449  389  374
 237   493.552   874.651   194.789  168  159  160  208
 238  1598.645   208.202   194.841  396  452  388  369
 239   420.083   948.619   194.755  144  130  134  187
 240   274.427  1243.502   194.570   50   30   25   90
 241  1156.462   356.094   194.912  347  380  347  347
 242  1672.267   208.175   194.576  397  455  387  364
 243   713.778   578.746   195.526  265  272  265  297
 244   934.870   430.533   195.378  312  338  318  334
 245   273.908  1169.947   194.583   73   49   53  116
 246  1082.509   356.311   195.280  345  374  346  351
 247   346.674  1022.488   194.731  120  101  108  165
 248    47.547  1284.465   -60.476   52    3   17   54
 249  1745.980   281.695   193.492  373  442  356  333
 250  1303.852   282.071   195.004  367  415  362  362
 251   640.170   652.891   195.408  241  242  239  276
 252   860.927   430.747   195.699  313  333  317  340
 253  1377.299   208.301   195.395  393  439  391  382
 254   419.663   874.882   194.887  169  154  159  212
 255   273.405  1096.348   194.795   96   74   81  142
 256   201.262  1317.283   194.773   28   12    3   67
 257  1008.478   356.524   195.564  348  368  345  356
 258   566.591   726.833   195.299  217  212  212  255
 259  1758.351   -43.095    33.535  484  481  473  414
 260  1229.946   282.150   195.195  366  410  363  367
 261  1303.495   208.368   195.639  392  435  392  387
 262   787.382   504.801   195.651  289  303  291  320
 263  1524.509   134.586   195.789  420  460  416  399
 264   934.558   356.740   195.874  344  363  344  361
 265   493.126   800.927   195.096  193  184  186  235
 266  1450.760   134.682   195.871  419  457  417  404
 267   346.303   948.892   194.929  145  126  133  191
 268   639.813   579.036   195.749  266  267  264  301
 269  1598.223   134.624   195.469  421  463  415  393
 270  1671.941   134.675   195.375  422  465  414  388
 271   272.871  1022.737   194.798  121   98  107  169
 272  1229.649   208.546   195.828  391  431  393  392
 273  1156.089   282.371   195.321  365  404  364  372
 274  1008.104   282.777   196.100  363  392  366  381
 275   786.937   430.965   196.025  314  327  316  345
 276   713.343   504.979   195.948  290  297  290  324
 277   200.103  1170.118   194.848   75   45   51  120
 278   566.201   653.144   195.541  242  237  238  280
 279   492.687   727.146   195.368  218  207  211  259
 280  1082.065   282.574   195.793  364  398  367  377
 281  1081.773   208.779   196.291  389  421  395  403
 282   934.245   283.020   196.334  362  387  369  386
 283   419.206   801.126   195.257  194  179  185  240
 284  1524.077    61.085   196.429  443  469  446  426
 285   272.493   949.195   195.178  146  122  132  195
 286   860.629   356.997   196.125  341  358  343  366
 287   345.855   875.210   195.055  170  150  158  216
 288   492.333   653.404   195.751  243  232  237  285
 289   127.588  1317.305   194.894   30   10    2   71
 290  1007.821   209.005   196.553  388  416  396  407
 291   565.912   579.364   196.030  267  262  263  306
 292   199.612  1096.611   195.056   98   70   79  146
 293   639.451   505.373   196.146  291  291  289  328
 294  1155.674   208.652   196.001  390  426  394  398
 295   199.064  1022.986   195.070  122   94  106  173
 296   345.324   801.401   195.285  195  175  184  244
 297   418.788   727.461   195.519  219  202  210  264
 298  1597.879    61.117   196.162  444  472  444  419
 299   786.588   357.228   196.425  342  352  342  371
 300   713.006   431.279   196.280  315  321  315  350
 301   127.008  1243.799   194.877   54   24   21   99
 302  1229.220   134.837   196.325  416  447  420  420
 303   933.854   209.301   196.868  387  411  397  413
 304  1155.273   135.027   196.650  415  445  422  428
 305   126.455  1170.318   194.966   77   41   49  124
 306   491.906   579.690   196.073  268  257  262  311
 307   271.957   875.479   195.219  171  146  157  220
 308  1450.312    61.039   196.487  442  466  447  434
 309   198.675   949.391   195.290  147  117  131  199
 310  1081.407   135.162   196.968  414  440  423  435
 311  1745.273   134.587   194.735  423  468  413  383
 312   125.900  1096.778   195.189  100   65   77  150
 313   418.447   653.768   195.916  244  227  236  290
 314   639.029   431.606   196.648  316  315  314  354
 315   859.884   209.564   197.298  386  405  398  418
 316   860.230   283.266   196.649  361  381  371  391
 317  1007.431   135.368   197.226  413  436  424  440
 318   565.432   505.600   196.312  292  286  288  332
 319   344.873   727.734   195.652  220  196  209  269
 320   491.532   505.983   196.485  293  281  287  337
 321   786.233   283.425   196.922  360  375  373  397
 322   125.436  1023.190   195.216  123   89  104  177
 323   271.524   801.766   195.509  196  170  183  248
 324   198.165   875.718   195.433  172  141  156  224
 325   417.973   579.996   196.246  269  251  261  316
 326   712.710   357.539   196.846  340  346  341  376
 327  1154.883    61.417   197.377  439  456  450  453
 328   271.095   728.083   195.788  221  193  208  273
 329  1080.982    61.552   197.645  438  454  451  457
 330   933.469   135.546   197.515  412  432  425  445
 331   344.525   654.025   195.901  245  221  235  295
 332   565.137   431.856   196.737  317  310  313  360
 333   197.753   802.000   195.581  197  165  182  252
 334   124.941   949.607   195.431  148  112  130  203
 335  1228.681    61.221   196.950  440  459  449  449
 336   933.035    61.928   198.171  436  446  454  464
 337   785.891   209.780   197.614  385  399  399  427
 338  1007.025    61.691   197.824  437  450  452  461
 339   417.587   506.210   196.487  294  275  286  343
 340   638.692   357.813   197.023  338  340  340  380
 341   124.396   875.937   195.570  173  136  155  228
 342   344.033   580.332   196.300  270  246  260  321
 343   712.312   283.801   197.492  359  369  376  402
 344   491.201   432.187   196.888  318  306  312  365
 345   859.527   135.788   197.921  411  427  426  451
 346   270.637   654.354   196.090  246  216  233  299
 347    54.218  1317.374   194.810   32    8    1   75
 348   564.755   358.121   197.163  337  335  339  385
 349   711.957   210.066   197.859  384  393  400  436
 350   638.325   284.061   197.524  358  364  378  406
 351   197.184   728.327   195.881  222  189  207  277
 352    53.533  1243.929   194.774   56   21   19  103
 353   785.525   136.073   198.212  410  422  427  454
 354   123.991   802.321   195.851  198  160  181  256
 355   859.121    62.139   198.520  435  443  455  467
 356  1796.510   -14.638   110.635  474  486  472  409
 357    53.077  1170.398   194.776   79   37   47  128
 358   270.267   580.603   196.400  271  241  259  326
 359    52.404  1096.897   194.876  102   61   75  155
 360   785.170    62.388   198.827  434  441  457  470
 361   196.812   654.688   196.148  247  211  232  303
 362   637.980   210.341   198.120  383  388  401  441
 363   343.678   506.598   196.653  295  269  285  348
 364   564.388   284.345   197.599  357  359  377  412
 365   123.524   728.689   195.964  223  185  206  281
 366   417.188   432.557   196.890  319  300  311  370
 367   196.429   580.956   196.542  272  236  258  330
 368   490.719   358.430   197.196  336  329  338  390
 369   490.403   284.768   197.878  356  353  379  416
 370   711.197    62.698   199.178  433  437  458  473
 371   711.598   136.427   198.532  409  417  428  458
 372   269.852   506.947   196.726  296  264  284  352
 373   123.137   654.983   196.257  248  206  231  308
 374   637.629   136.720   198.744  408  412  429  462
 375   343.383   432.876   197.131  320  294  310  375
 376    51.924  1023.301   195.039  125   84  102  182
 377   564.076   210.682   198.297  382  382  402  446
 378    51.432   949.700   195.101  149  107  129  207
 379   416.767   358.739   197.429  334  323  337  396
 380   122.623   581.326   196.638  273  231  257  335
 381   196.018   507.315   196.900  297  260  283  358
 382   490.095   211.048   198.375  381  376  403  452
 383   637.237    63.005   199.367  432  433  459  476
 384   269.444   433.267   197.265  321  289  309  379
 385    50.885   876.106   195.165  174  131  154  233
 386   342.970   359.180   197.590  331  317  336  401
 387   563.667   137.040   198.887  407  406  430  465
 388    50.469   802.477   195.423  199  155  180  260
 389   416.511   285.105   197.939  355  348  380  425
 390   122.169   507.661   196.925  298  255  282  363
 391   195.557   433.625   197.339  322  284  308  384
 392   269.060   359.587   197.662  330  312  335  405
 393   489.669   137.460   199.051  406  400  431  468
 394   342.574   285.490   198.013  354  342  375  433
 395   271.358    52.606   -58.213  429  371  467  466
 396    50.015   728.893   195.723  224  180  205  286
 397   268.731   285.884   198.169  353  337  374  439
 398   415.835   137.801   199.177  405  394  432  471
 399   121.809   434.024   197.375  323  279  307  389
 400   563.221    63.392   199.535  431  428  461  478
 401   195.184   359.919   197.747  329  307  334  411
 402    49.569   655.223   196.052  249  201  230  313
 403   342.244   211.778   198.572  379  366  405  460
 404   489.365    63.747   199.646  430  423  462  481
 405   121.370   360.337   197.728  327  302  333  415
 406    49.144   581.542   196.146  274  226  256  341
 407   268.383   212.212   198.578  378  361  406  463
 408   194.889   286.332   198.233  352  332  372  444
 409   341.864   138.217   199.228  404  389  433  474
 410   121.079   286.757   198.153  351  326  370  450
 411    48.685   507.927   196.554  299  249  281  368
 412   116.824   -23.182   -57.141  454  384  493  484
 413   341.519    64.607   199.819  428  413  465  485
 414    48.258   434.332   196.899  324  273  306  395
 415   267.727    65.062   199.943  427  407  466  486
 416   120.780   213.143   198.723  376  349  408  469
 417   194.208   139.113   199.362  402  378  435  480
 418   335.849   217.202   435.346  377  401  404  483
 419   120.397   139.589   199.282  401  372  436  482
 420    47.935   360.629   197.259  325  296  332  422
 421   120.082    65.998   199.834  425  395  468  488
 422    47.594   287.114   197.798  350  320  368  455
 423    47.246   213.498   198.294  375  343  409  472
 424  1737.330   -54.889    91.697  485  484  498  431
 425  1718.211   -53.439    88.046  487  483  494  429
 426  1469.869    27.685   115.987  452  467  463  423
 427  1498.654   -54.564    97.659  482  477  499  447
 428  1512.100   -63.158    63.793  486  478  501  442
 429  1550.938   -61.613    96.209  490  480  497  448
 430  1484.747   -30.171    78.467  475  473  478  437
 431  1301.381    56.581    91.497  445  453  456  417
 432   275.781  1277.002   -74.693   -1    6   23   42
 433  1792.161  1343.456    94.796    0   66   -1    0
 434    43.618  1123.749   -73.872   -1   27   73  107
 435  1789.480   146.251    97.497  424  461   -1  359
 436  1453.109   211.334   194.933  394  444  390   -1
 437  1305.497   138.031   195.734  417  451  419   -1
 438  1673.254    64.071   194.944  446  474  443   -1
 439  1746.543    64.059   194.370  448  479  441   -1
 440  1328.477   121.719   289.822   -1  462  418  438
 441    -4.731   140.333   101.682  400   -1  438  475
 442   334.495   -16.436    52.106  457  418  490   -1
 443   264.855   139.361   204.322  403   -1  434  477
 444  1504.142   -27.822   -57.907  471   -1  477  408
 445  1783.036   -52.028   112.634  481   -1  496  421
 446  1720.650   -21.789   133.526  477  482   -1  424
 447  1445.601    -5.385    46.379  463  464   -1  430
 448    62.599    -0.919   108.034  451   -1   -1  489
 449    28.784  1329.920    32.618   -1    2    0   -1
 450  1438.385  -250.141   405.953   -1   -1  510  498
 451  1382.844   -51.707    83.410  478  471   -1   -1
 452  1456.011  -273.052   192.817   -1   -1  517  490
 453    33.257   -67.201  -212.096   -1   -1  507  479
 454  1442.839  -262.499   305.147   -1   -1  515  493
 455  1488.610  -280.212   490.953   -1   -1  529  499
 456   319.960     1.095   945.511   -1   -1  506  503
