1001      0.0       150.0     1400.0    
1002      75.0      150.0     1400.0    
1003      150.0     150.0     1400.0    
1004      225.0     150.0     1400.0    
1005      300.0     150.0     1400.0    
1006      375.0     150.0     1400.0    
1007      450.0     150.0     1400.0    
1008      525.0     150.0     1400.0    
1009      600.0     150.0     1400.0    
1010      675.0     150.0     1400.0    
1011      750.0     150.0     1400.0    
1012      825.0     150.0     1400.0    
1013      900.0     150.0     1400.0    
1014      975.0     150.0     1400.0    
1015      1050.0    150.0     1400.0    
1016      1125.0    150.0     1400.0    
1017      1200.0    150.0     1400.0    
1018      1275.0    150.0     1400.0    
1019      1350.0    150.0     1400.0    
1020      1425.0    150.0     1400.0    
1021      1500.0    150.0     1400.0    
1022      1575.0    150.0     1400.0    
1023      1650.0    150.0     1400.0    
1024      1725.0    150.0     1400.0    
1025      1800.0    150.0     1400.0    
1026      0.0       225.0     1400.0    
1027      75.0      225.0     1400.0    
1028      150.0     225.0     1400.0    
1029      225.0     225.0     1400.0    
1030      300.0     225.0     1400.0    
1031      375.0     225.0     1400.0    
1032      450.0     225.0     1400.0    
1033      525.0     225.0     1400.0    
1034      600.0     225.0     1400.0    
1035      675.0     225.0     1400.0    
1036      750.0     225.0     1400.0    
1037      825.0     225.0     1400.0    
1038      900.0     225.0     1400.0    
1039      975.0     225.0     1400.0    
1040      1050.0    225.0     1400.0    
1041      1125.0    225.0     1400.0    
1042      1200.0    225.0     1400.0    
1043      1275.0    225.0     1400.0    
1044      1350.0    225.0     1400.0    
1045      1425.0    225.0     1400.0    
1046      1500.0    225.0     1400.0    
1047      1575.0    225.0     1400.0    
1048      1650.0    225.0     1400.0    
1049      1725.0    225.0     1400.0    
1050      1800.0    225.0     1400.0    
1051      0.0       300.0     1400.0    
1052      75.0      300.0     1400.0    
1053      150.0     300.0     1400.0    
1054      225.0     300.0     1400.0    
1055      300.0     300.0     1400.0    
1056      375.0     300.0     1400.0    
1057      450.0     300.0     1400.0    
1058      525.0     300.0     1400.0    
1059      600.0     300.0     1400.0    
1060      675.0     300.0     1400.0    
1061      750.0     300.0     1400.0    
1062      825.0     300.0     1400.0    
1063      900.0     300.0     1400.0    
1064      975.0     300.0     1400.0    
1065      1050.0    300.0     1400.0    
1066      1125.0    300.0     1400.0    
1067      1200.0    300.0     1400.0    
1068      1275.0    300.0     1400.0    
1069      1350.0    300.0     1400.0    
1070      1425.0    300.0     1400.0    
1071      1500.0    300.0     1400.0    
1072      1575.0    300.0     1400.0    
1073      1650.0    300.0     1400.0    
1074      1725.0    300.0     1400.0    
1075      1800.0    300.0     1400.0    
1076      0.0       375.0     1400.0    
1077      75.0      375.0     1400.0    
1078      150.0     375.0     1400.0    
1079      225.0     375.0     1400.0    
1080      300.0     375.0     1400.0    
1081      375.0     375.0     1400.0    
1082      450.0     375.0     1400.0    
1083      525.0     375.0     1400.0    
1084      600.0     375.0     1400.0    
1085      675.0     375.0     1400.0    
1086      750.0     375.0     1400.0    
1087      825.0     375.0     1400.0    
1088      900.0     375.0     1400.0    
1089      975.0     375.0     1400.0    
1090      1050.0    375.0     1400.0    
1091      1125.0    375.0     1400.0    
1092      1200.0    375.0     1400.0    
1093      1275.0    375.0     1400.0    
1094      1350.0    375.0     1400.0    
1095      1425.0    375.0     1400.0    
1096      1500.0    375.0     1400.0    
1097      1575.0    375.0     1400.0    
1098      1650.0    375.0     1400.0    
1099      1725.0    375.0     1400.0    
1100      1800.0    375.0     1400.0    
1101      0.0       450.0     1400.0    
1102      75.0      450.0     1400.0    
1103      150.0     450.0     1400.0    
1104      225.0     450.0     1400.0    
1105      300.0     450.0     1400.0    
1106      375.0     450.0     1400.0    
1107      450.0     450.0     1400.0    
1108      525.0     450.0     1400.0    
1109      600.0     450.0     1400.0    
1110      675.0     450.0     1400.0    
1111      750.0     450.0     1400.0    
1112      825.0     450.0     1400.0    
1113      900.0     450.0     1400.0    
1114      975.0     450.0     1400.0    
1115      1050.0    450.0     1400.0    
1116      1125.0    450.0     1400.0    
1117      1200.0    450.0     1400.0    
1118      1275.0    450.0     1400.0    
1119      1350.0    450.0     1400.0    
1120      1425.0    450.0     1400.0    
1121      1500.0    450.0     1400.0    
1122      1575.0    450.0     1400.0    
1123      1650.0    450.0     1400.0    
1124      1725.0    450.0     1400.0    
1125      1800.0    450.0     1400.0    
1126      0.0       525.0     1400.0    
1127      75.0      525.0     1400.0    
1128      150.0     525.0     1400.0    
1129      225.0     525.0     1400.0    
1130      300.0     525.0     1400.0    
1131      375.0     525.0     1400.0    
1132      450.0     525.0     1400.0    
1133      525.0     525.0     1400.0    
1134      600.0     525.0     1400.0    
1135      675.0     525.0     1400.0    
1136      750.0     525.0     1400.0    
1137      825.0     525.0     1400.0    
1138      900.0     525.0     1400.0    
1139      975.0     525.0     1400.0    
1140      1050.0    525.0     1400.0    
1141      1125.0    525.0     1400.0    
1142      1200.0    525.0     1400.0    
1143      1275.0    525.0     1400.0    
1144      1350.0    525.0     1400.0    
1145      1425.0    525.0     1400.0    
1146      1500.0    525.0     1400.0    
1147      1575.0    525.0     1400.0    
1148      1650.0    525.0     1400.0    
1149      1725.0    525.0     1400.0    
1150      1800.0    525.0     1400.0    
1151      0.0       600.0     1400.0    
1152      75.0      600.0     1400.0    
1153      150.0     600.0     1400.0    
1154      225.0     600.0     1400.0    
1155      300.0     600.0     1400.0    
1156      375.0     600.0     1400.0    
1157      450.0     600.0     1400.0    
1158      525.0     600.0     1400.0    
1159      600.0     600.0     1400.0    
1160      675.0     600.0     1400.0    
1161      750.0     600.0     1400.0    
1162      825.0     600.0     1400.0    
1163      900.0     600.0     1400.0    
1164      975.0     600.0     1400.0    
1165      1050.0    600.0     1400.0    
1166      1125.0    600.0     1400.0    
1167      1200.0    600.0     1400.0    
1168      1275.0    600.0     1400.0    
1169      1350.0    600.0     1400.0    
1170      1425.0    600.0     1400.0    
1171      1500.0    600.0     1400.0    
1172      1575.0    600.0     1400.0    
1173      1650.0    600.0     1400.0    
1174      1725.0    600.0     1400.0    
1175      1800.0    600.0     1400.0    
1176      0.0       675.0     1400.0    
1177      75.0      675.0     1400.0    
1178      150.0     675.0     1400.0    
1179      225.0     675.0     1400.0    
1180      300.0     675.0     1400.0    
1181      375.0     675.0     1400.0    
1182      450.0     675.0     1400.0    
1183      525.0     675.0     1400.0    
1184      600.0     675.0     1400.0    
1185      675.0     675.0     1400.0    
1186      750.0     675.0     1400.0    
1187      825.0     675.0     1400.0    
1188      900.0     675.0     1400.0    
1189      975.0     675.0     1400.0    
1190      1050.0    675.0     1400.0    
1191      1125.0    675.0     1400.0    
1192      1200.0    675.0     1400.0    
1193      1275.0    675.0     1400.0    
1194      1350.0    675.0     1400.0    
1195      1425.0    675.0     1400.0    
1196      1500.0    675.0     1400.0    
1197      1575.0    675.0     1400.0    
1198      1650.0    675.0     1400.0    
1199      1725.0    675.0     1400.0    
1200      1800.0    675.0     1400.0    
1201      0.0       750.0     1400.0    
1202      75.0      750.0     1400.0    
1203      150.0     750.0     1400.0    
1204      225.0     750.0     1400.0    
1205      300.0     750.0     1400.0    
1206      375.0     750.0     1400.0    
1207      450.0     750.0     1400.0    
1208      525.0     750.0     1400.0    
1209      600.0     750.0     1400.0    
1210      675.0     750.0     1400.0    
1211      750.0     750.0     1400.0    
1212      825.0     750.0     1400.0    
1213      900.0     750.0     1400.0    
1214      975.0     750.0     1400.0    
1215      1050.0    750.0     1400.0    
1216      1125.0    750.0     1400.0    
1217      1200.0    750.0     1400.0    
1218      1275.0    750.0     1400.0    
1219      1350.0    750.0     1400.0    
1220      1425.0    750.0     1400.0    
1221      1500.0    750.0     1400.0    
1222      1575.0    750.0     1400.0    
1223      1650.0    750.0     1400.0    
1224      1725.0    750.0     1400.0    
1225      1800.0    750.0     1400.0    
1226      0.0       825.0     1400.0    
1227      75.0      825.0     1400.0    
1228      150.0     825.0     1400.0    
1229      225.0     825.0     1400.0    
1230      300.0     825.0     1400.0    
1231      375.0     825.0     1400.0    
1232      450.0     825.0     1400.0    
1233      525.0     825.0     1400.0    
1234      600.0     825.0     1400.0    
1235      675.0     825.0     1400.0    
1236      750.0     825.0     1400.0    
1237      825.0     825.0     1400.0    
1238      900.0     825.0     1400.0    
1239      975.0     825.0     1400.0    
1240      1050.0    825.0     1400.0    
1241      1125.0    825.0     1400.0    
1242      1200.0    825.0     1400.0    
1243      1275.0    825.0     1400.0    
1244      1350.0    825.0     1400.0    
1245      1425.0    825.0     1400.0    
1246      1500.0    825.0     1400.0    
1247      1575.0    825.0     1400.0    
1248      1650.0    825.0     1400.0    
1249      1725.0    825.0     1400.0    
1250      1800.0    825.0     1400.0    
1251      0.0       900.0     1400.0    
1252      75.0      900.0     1400.0    
1253      150.0     900.0     1400.0    
1254      225.0     900.0     1400.0    
1255      300.0     900.0     1400.0    
1256      375.0     900.0     1400.0    
1257      450.0     900.0     1400.0    
1258      525.0     900.0     1400.0    
1259      600.0     900.0     1400.0    
1260      675.0     900.0     1400.0    
1261      750.0     900.0     1400.0    
1262      825.0     900.0     1400.0    
1263      900.0     900.0     1400.0    
1264      975.0     900.0     1400.0    
1265      1050.0    900.0     1400.0    
1266      1125.0    900.0     1400.0    
1267      1200.0    900.0     1400.0    
1268      1275.0    900.0     1400.0    
1269      1350.0    900.0     1400.0    
1270      1425.0    900.0     1400.0    
1271      1500.0    900.0     1400.0    
1272      1575.0    900.0     1400.0    
1273      1650.0    900.0     1400.0    
1274      1725.0    900.0     1400.0    
1275      1800.0    900.0     1400.0    
1276      0.0       975.0     1400.0    
1277      75.0      975.0     1400.0    
1278      150.0     975.0     1400.0    
1279      225.0     975.0     1400.0    
1280      300.0     975.0     1400.0    
1281      375.0     975.0     1400.0    
1282      450.0     975.0     1400.0    
1283      525.0     975.0     1400.0    
1284      600.0     975.0     1400.0    
1285      675.0     975.0     1400.0    
1286      750.0     975.0     1400.0    
1287      825.0     975.0     1400.0    
1288      900.0     975.0     1400.0    
1289      975.0     975.0     1400.0    
1290      1050.0    975.0     1400.0    
1291      1125.0    975.0     1400.0    
1292      1200.0    975.0     1400.0    
1293      1275.0    975.0     1400.0    
1294      1350.0    975.0     1400.0    
1295      1425.0    975.0     1400.0    
1296      1500.0    975.0     1400.0    
1297      1575.0    975.0     1400.0    
1298      1650.0    975.0     1400.0    
1299      1725.0    975.0     1400.0    
1300      1800.0    975.0     1400.0    
1301      0.0       1050.0    1400.0    
1302      75.0      1050.0    1400.0    
1303      150.0     1050.0    1400.0    
1304      225.0     1050.0    1400.0    
1305      300.0     1050.0    1400.0    
1306      375.0     1050.0    1400.0    
1307      450.0     1050.0    1400.0    
1308      525.0     1050.0    1400.0    
1309      600.0     1050.0    1400.0    
1310      675.0     1050.0    1400.0    
1311      750.0     1050.0    1400.0    
1312      825.0     1050.0    1400.0    
1313      900.0     1050.0    1400.0    
1314      975.0     1050.0    1400.0    
1315      1050.0    1050.0    1400.0    
1316      1125.0    1050.0    1400.0    
1317      1200.0    1050.0    1400.0    
1318      1275.0    1050.0    1400.0    
1319      1350.0    1050.0    1400.0    
1320      1425.0    1050.0    1400.0    
1321      1500.0    1050.0    1400.0    
1322      1575.0    1050.0    1400.0    
1323      1650.0    1050.0    1400.0    
1324      1725.0    1050.0    1400.0    
1325      1800.0    1050.0    1400.0    
1326      0.0       1125.0    1400.0    
1327      75.0      1125.0    1400.0    
1328      150.0     1125.0    1400.0    
1329      225.0     1125.0    1400.0    
1330      300.0     1125.0    1400.0    
1331      375.0     1125.0    1400.0    
1332      450.0     1125.0    1400.0    
1333      525.0     1125.0    1400.0    
1334      600.0     1125.0    1400.0    
1335      675.0     1125.0    1400.0    
1336      750.0     1125.0    1400.0    
1337      825.0     1125.0    1400.0    
1338      900.0     1125.0    1400.0    
1339      975.0     1125.0    1400.0    
1340      1050.0    1125.0    1400.0    
1341      1125.0    1125.0    1400.0    
1342      1200.0    1125.0    1400.0    
1343      1275.0    1125.0    1400.0    
1344      1350.0    1125.0    1400.0    
1345      1425.0    1125.0    1400.0    
1346      1500.0    1125.0    1400.0    
1347      1575.0    1125.0    1400.0    
1348      1650.0    1125.0    1400.0    
1349      1725.0    1125.0    1400.0    
1350      1800.0    1125.0    1400.0    
1351      0.0       1200.0    1400.0    
1352      75.0      1200.0    1400.0    
1353      150.0     1200.0    1400.0    
1354      225.0     1200.0    1400.0    
1355      300.0     1200.0    1400.0    
1356      375.0     1200.0    1400.0    
1357      450.0     1200.0    1400.0    
1358      525.0     1200.0    1400.0    
1359      600.0     1200.0    1400.0    
1360      675.0     1200.0    1400.0    
1361      750.0     1200.0    1400.0    
1362      825.0     1200.0    1400.0    
1363      900.0     1200.0    1400.0    
1364      975.0     1200.0    1400.0    
1365      1050.0    1200.0    1400.0    
1366      1125.0    1200.0    1400.0    
1367      1200.0    1200.0    1400.0    
1368      1275.0    1200.0    1400.0    
1369      1350.0    1200.0    1400.0    
1370      1425.0    1200.0    1400.0    
1371      1500.0    1200.0    1400.0    
1372      1575.0    1200.0    1400.0    
1373      1650.0    1200.0    1400.0    
1374      1725.0    1200.0    1400.0    
1375      1800.0    1200.0    1400.0    
1376      0.0       1275.0    1400.0    
1377      75.0      1275.0    1400.0    
1378      150.0     1275.0    1400.0    
1379      225.0     1275.0    1400.0    
1380      300.0     1275.0    1400.0    
1381      375.0     1275.0    1400.0    
1382      450.0     1275.0    1400.0    
1383      525.0     1275.0    1400.0    
1384      600.0     1275.0    1400.0    
1385      675.0     1275.0    1400.0    
1386      750.0     1275.0    1400.0    
1387      825.0     1275.0    1400.0    
1388      900.0     1275.0    1400.0    
1389      975.0     1275.0    1400.0    
1390      1050.0    1275.0    1400.0    
1391      1125.0    1275.0    1400.0    
1392      1200.0    1275.0    1400.0    
1393      1275.0    1275.0    1400.0    
1394      1350.0    1275.0    1400.0    
1395      1425.0    1275.0    1400.0    
1396      1500.0    1275.0    1400.0    
1397      1575.0    1275.0    1400.0    
1398      1650.0    1275.0    1400.0    
1399      1725.0    1275.0    1400.0    
1400      1800.0    1275.0    1400.0    