2001      0.0       150.0     700.0     
2002      75.0      150.0     700.0     
2003      150.0     150.0     700.0     
2004      225.0     150.0     700.0     
2005      300.0     150.0     700.0     
2006      375.0     150.0     700.0     
2007      450.0     150.0     700.0     
2008      525.0     150.0     700.0     
2009      600.0     150.0     700.0     
2010      675.0     150.0     700.0     
2011      750.0     150.0     700.0     
2012      825.0     150.0     700.0     
2013      900.0     150.0     700.0     
2014      975.0     150.0     700.0     
2015      1050.0    150.0     700.0     
2016      1125.0    150.0     700.0     
2017      1200.0    150.0     700.0     
2018      1275.0    150.0     700.0     
2019      1350.0    150.0     700.0     
2020      1425.0    150.0     700.0     
2021      1500.0    150.0     700.0     
2022      1575.0    150.0     700.0     
2023      1650.0    150.0     700.0     
2024      1725.0    150.0     700.0     
2025      1800.0    150.0     700.0     
2026      0.0       225.0     700.0     
2027      75.0      225.0     700.0     
2028      150.0     225.0     700.0     
2029      225.0     225.0     700.0     
2030      300.0     225.0     700.0     
2031      375.0     225.0     700.0     
2032      450.0     225.0     700.0     
2033      525.0     225.0     700.0     
2034      600.0     225.0     700.0     
2035      675.0     225.0     700.0     
2036      750.0     225.0     700.0     
2037      825.0     225.0     700.0     
2038      900.0     225.0     700.0     
2039      975.0     225.0     700.0     
2040      1050.0    225.0     700.0     
2041      1125.0    225.0     700.0     
2042      1200.0    225.0     700.0     
2043      1275.0    225.0     700.0     
2044      1350.0    225.0     700.0     
2045      1425.0    225.0     700.0     
2046      1500.0    225.0     700.0     
2047      1575.0    225.0     700.0     
2048      1650.0    225.0     700.0     
2049      1725.0    225.0     700.0     
2050      1800.0    225.0     700.0     
2051      0.0       300.0     700.0     
2052      75.0      300.0     700.0     
2053      150.0     300.0     700.0     
2054      225.0     300.0     700.0     
2055      300.0     300.0     700.0     
2056      375.0     300.0     700.0     
2057      450.0     300.0     700.0     
2058      525.0     300.0     700.0     
2059      600.0     300.0     700.0     
2060      675.0     300.0     700.0     
2061      750.0     300.0     700.0     
2062      825.0     300.0     700.0     
2063      900.0     300.0     700.0     
2064      975.0     300.0     700.0     
2065      1050.0    300.0     700.0     
2066      1125.0    300.0     700.0     
2067      1200.0    300.0     700.0     
2068      1275.0    300.0     700.0     
2069      1350.0    300.0     700.0     
2070      1425.0    300.0     700.0     
2071      1500.0    300.0     700.0     
2072      1575.0    300.0     700.0     
2073      1650.0    300.0     700.0     
2074      1725.0    300.0     700.0     
2075      1800.0    300.0     700.0     
2076      0.0       375.0     700.0     
2077      75.0      375.0     700.0     
2078      150.0     375.0     700.0     
2079      225.0     375.0     700.0     
2080      300.0     375.0     700.0     
2081      375.0     375.0     700.0     
2082      450.0     375.0     700.0     
2083      525.0     375.0     700.0     
2084      600.0     375.0     700.0     
2085      675.0     375.0     700.0     
2086      750.0     375.0     700.0     
2087      825.0     375.0     700.0     
2088      900.0     375.0     700.0     
2089      975.0     375.0     700.0     
2090      1050.0    375.0     700.0     
2091      1125.0    375.0     700.0     
2092      1200.0    375.0     700.0     
2093      1275.0    375.0     700.0     
2094      1350.0    375.0     700.0     
2095      1425.0    375.0     700.0     
2096      1500.0    375.0     700.0     
2097      1575.0    375.0     700.0     
2098      1650.0    375.0     700.0     
2099      1725.0    375.0     700.0     
2100      1800.0    375.0     700.0     
2101      0.0       450.0     700.0     
2102      75.0      450.0     700.0     
2103      150.0     450.0     700.0     
2104      225.0     450.0     700.0     
2105      300.0     450.0     700.0     
2106      375.0     450.0     700.0     
2107      450.0     450.0     700.0     
2108      525.0     450.0     700.0     
2109      600.0     450.0     700.0     
2110      675.0     450.0     700.0     
2111      750.0     450.0     700.0     
2112      825.0     450.0     700.0     
2113      900.0     450.0     700.0     
2114      975.0     450.0     700.0     
2115      1050.0    450.0     700.0     
2116      1125.0    450.0     700.0     
2117      1200.0    450.0     700.0     
2118      1275.0    450.0     700.0     
2119      1350.0    450.0     700.0     
2120      1425.0    450.0     700.0     
2121      1500.0    450.0     700.0     
2122      1575.0    450.0     700.0     
2123      1650.0    450.0     700.0     
2124      1725.0    450.0     700.0     
2125      1800.0    450.0     700.0     
2126      0.0       525.0     700.0     
2127      75.0      525.0     700.0     
2128      150.0     525.0     700.0     
2129      225.0     525.0     700.0     
2130      300.0     525.0     700.0     
2131      375.0     525.0     700.0     
2132      450.0     525.0     700.0     
2133      525.0     525.0     700.0     
2134      600.0     525.0     700.0     
2135      675.0     525.0     700.0     
2136      750.0     525.0     700.0     
2137      825.0     525.0     700.0     
2138      900.0     525.0     700.0     
2139      975.0     525.0     700.0     
2140      1050.0    525.0     700.0     
2141      1125.0    525.0     700.0     
2142      1200.0    525.0     700.0     
2143      1275.0    525.0     700.0     
2144      1350.0    525.0     700.0     
2145      1425.0    525.0     700.0     
2146      1500.0    525.0     700.0     
2147      1575.0    525.0     700.0     
2148      1650.0    525.0     700.0     
2149      1725.0    525.0     700.0     
2150      1800.0    525.0     700.0     
2151      0.0       600.0     700.0     
2152      75.0      600.0     700.0     
2153      150.0     600.0     700.0     
2154      225.0     600.0     700.0     
2155      300.0     600.0     700.0     
2156      375.0     600.0     700.0     
2157      450.0     600.0     700.0     
2158      525.0     600.0     700.0     
2159      600.0     600.0     700.0     
2160      675.0     600.0     700.0     
2161      750.0     600.0     700.0     
2162      825.0     600.0     700.0     
2163      900.0     600.0     700.0     
2164      975.0     600.0     700.0     
2165      1050.0    600.0     700.0     
2166      1125.0    600.0     700.0     
2167      1200.0    600.0     700.0     
2168      1275.0    600.0     700.0     
2169      1350.0    600.0     700.0     
2170      1425.0    600.0     700.0     
2171      1500.0    600.0     700.0     
2172      1575.0    600.0     700.0     
2173      1650.0    600.0     700.0     
2174      1725.0    600.0     700.0     
2175      1800.0    600.0     700.0     
2176      0.0       675.0     700.0     
2177      75.0      675.0     700.0     
2178      150.0     675.0     700.0     
2179      225.0     675.0     700.0     
2180      300.0     675.0     700.0     
2181      375.0     675.0     700.0     
2182      450.0     675.0     700.0     
2183      525.0     675.0     700.0     
2184      600.0     675.0     700.0     
2185      675.0     675.0     700.0     
2186      750.0     675.0     700.0     
2187      825.0     675.0     700.0     
2188      900.0     675.0     700.0     
2189      975.0     675.0     700.0     
2190      1050.0    675.0     700.0     
2191      1125.0    675.0     700.0     
2192      1200.0    675.0     700.0     
2193      1275.0    675.0     700.0     
2194      1350.0    675.0     700.0     
2195      1425.0    675.0     700.0     
2196      1500.0    675.0     700.0     
2197      1575.0    675.0     700.0     
2198      1650.0    675.0     700.0     
2199      1725.0    675.0     700.0     
2200      1800.0    675.0     700.0     
2201      0.0       750.0     700.0     
2202      75.0      750.0     700.0     
2203      150.0     750.0     700.0     
2204      225.0     750.0     700.0     
2205      300.0     750.0     700.0     
2206      375.0     750.0     700.0     
2207      450.0     750.0     700.0     
2208      525.0     750.0     700.0     
2209      600.0     750.0     700.0     
2210      675.0     750.0     700.0     
2211      750.0     750.0     700.0     
2212      825.0     750.0     700.0     
2213      900.0     750.0     700.0     
2214      975.0     750.0     700.0     
2215      1050.0    750.0     700.0     
2216      1125.0    750.0     700.0     
2217      1200.0    750.0     700.0     
2218      1275.0    750.0     700.0     
2219      1350.0    750.0     700.0     
2220      1425.0    750.0     700.0     
2221      1500.0    750.0     700.0     
2222      1575.0    750.0     700.0     
2223      1650.0    750.0     700.0     
2224      1725.0    750.0     700.0     
2225      1800.0    750.0     700.0     
2226      0.0       825.0     700.0     
2227      75.0      825.0     700.0     
2228      150.0     825.0     700.0     
2229      225.0     825.0     700.0     
2230      300.0     825.0     700.0     
2231      375.0     825.0     700.0     
2232      450.0     825.0     700.0     
2233      525.0     825.0     700.0     
2234      600.0     825.0     700.0     
2235      675.0     825.0     700.0     
2236      750.0     825.0     700.0     
2237      825.0     825.0     700.0     
2238      900.0     825.0     700.0     
2239      975.0     825.0     700.0     
2240      1050.0    825.0     700.0     
2241      1125.0    825.0     700.0     
2242      1200.0    825.0     700.0     
2243      1275.0    825.0     700.0     
2244      1350.0    825.0     700.0     
2245      1425.0    825.0     700.0     
2246      1500.0    825.0     700.0     
2247      1575.0    825.0     700.0     
2248      1650.0    825.0     700.0     
2249      1725.0    825.0     700.0     
2250      1800.0    825.0     700.0     
2251      0.0       900.0     700.0     
2252      75.0      900.0     700.0     
2253      150.0     900.0     700.0     
2254      225.0     900.0     700.0     
2255      300.0     900.0     700.0     
2256      375.0     900.0     700.0     
2257      450.0     900.0     700.0     
2258      525.0     900.0     700.0     
2259      600.0     900.0     700.0     
2260      675.0     900.0     700.0     
2261      750.0     900.0     700.0     
2262      825.0     900.0     700.0     
2263      900.0     900.0     700.0     
2264      975.0     900.0     700.0     
2265      1050.0    900.0     700.0     
2266      1125.0    900.0     700.0     
2267      1200.0    900.0     700.0     
2268      1275.0    900.0     700.0     
2269      1350.0    900.0     700.0     
2270      1425.0    900.0     700.0     
2271      1500.0    900.0     700.0     
2272      1575.0    900.0     700.0     
2273      1650.0    900.0     700.0     
2274      1725.0    900.0     700.0     
2275      1800.0    900.0     700.0     
2276      0.0       975.0     700.0     
2277      75.0      975.0     700.0     
2278      150.0     975.0     700.0     
2279      225.0     975.0     700.0     
2280      300.0     975.0     700.0     
2281      375.0     975.0     700.0     
2282      450.0     975.0     700.0     
2283      525.0     975.0     700.0     
2284      600.0     975.0     700.0     
2285      675.0     975.0     700.0     
2286      750.0     975.0     700.0     
2287      825.0     975.0     700.0     
2288      900.0     975.0     700.0     
2289      975.0     975.0     700.0     
2290      1050.0    975.0     700.0     
2291      1125.0    975.0     700.0     
2292      1200.0    975.0     700.0     
2293      1275.0    975.0     700.0     
2294      1350.0    975.0     700.0     
2295      1425.0    975.0     700.0     
2296      1500.0    975.0     700.0     
2297      1575.0    975.0     700.0     
2298      1650.0    975.0     700.0     
2299      1725.0    975.0     700.0     
2300      1800.0    975.0     700.0     
2301      0.0       1050.0    700.0     
2302      75.0      1050.0    700.0     
2303      150.0     1050.0    700.0     
2304      225.0     1050.0    700.0     
2305      300.0     1050.0    700.0     
2306      375.0     1050.0    700.0     
2307      450.0     1050.0    700.0     
2308      525.0     1050.0    700.0     
2309      600.0     1050.0    700.0     
2310      675.0     1050.0    700.0     
2311      750.0     1050.0    700.0     
2312      825.0     1050.0    700.0     
2313      900.0     1050.0    700.0     
2314      975.0     1050.0    700.0     
2315      1050.0    1050.0    700.0     
2316      1125.0    1050.0    700.0     
2317      1200.0    1050.0    700.0     
2318      1275.0    1050.0    700.0     
2319      1350.0    1050.0    700.0     
2320      1425.0    1050.0    700.0     
2321      1500.0    1050.0    700.0     
2322      1575.0    1050.0    700.0     
2323      1650.0    1050.0    700.0     
2324      1725.0    1050.0    700.0     
2325      1800.0    1050.0    700.0     
2326      0.0       1125.0    700.0     
2327      75.0      1125.0    700.0     
2328      150.0     1125.0    700.0     
2329      225.0     1125.0    700.0     
2330      300.0     1125.0    700.0     
2331      375.0     1125.0    700.0     
2332      450.0     1125.0    700.0     
2333      525.0     1125.0    700.0     
2334      600.0     1125.0    700.0     
2335      675.0     1125.0    700.0     
2336      750.0     1125.0    700.0     
2337      825.0     1125.0    700.0     
2338      900.0     1125.0    700.0     
2339      975.0     1125.0    700.0     
2340      1050.0    1125.0    700.0     
2341      1125.0    1125.0    700.0     
2342      1200.0    1125.0    700.0     
2343      1275.0    1125.0    700.0     
2344      1350.0    1125.0    700.0     
2345      1425.0    1125.0    700.0     
2346      1500.0    1125.0    700.0     
2347      1575.0    1125.0    700.0     
2348      1650.0    1125.0    700.0     
2349      1725.0    1125.0    700.0     
2350      1800.0    1125.0    700.0     
2351      0.0       1200.0    700.0     
2352      75.0      1200.0    700.0     
2353      150.0     1200.0    700.0     
2354      225.0     1200.0    700.0     
2355      300.0     1200.0    700.0     
2356      375.0     1200.0    700.0     
2357      450.0     1200.0    700.0     
2358      525.0     1200.0    700.0     
2359      600.0     1200.0    700.0     
2360      675.0     1200.0    700.0     
2361      750.0     1200.0    700.0     
2362      825.0     1200.0    700.0     
2363      900.0     1200.0    700.0     
2364      975.0     1200.0    700.0     
2365      1050.0    1200.0    700.0     
2366      1125.0    1200.0    700.0     
2367      1200.0    1200.0    700.0     
2368      1275.0    1200.0    700.0     
2369      1350.0    1200.0    700.0     
2370      1425.0    1200.0    700.0     
2371      1500.0    1200.0    700.0     
2372      1575.0    1200.0    700.0     
2373      1650.0    1200.0    700.0     
2374      1725.0    1200.0    700.0     
2375      1800.0    1200.0    700.0     
2376      0.0       1275.0    700.0     
2377      75.0      1275.0    700.0     
2378      150.0     1275.0    700.0     
2379      225.0     1275.0    700.0     
2380      300.0     1275.0    700.0     
2381      375.0     1275.0    700.0     
2382      450.0     1275.0    700.0     
2383      525.0     1275.0    700.0     
2384      600.0     1275.0    700.0     
2385      675.0     1275.0    700.0     
2386      750.0     1275.0    700.0     
2387      825.0     1275.0    700.0     
2388      900.0     1275.0    700.0     
2389      975.0     1275.0    700.0     
2390      1050.0    1275.0    700.0     
2391      1125.0    1275.0    700.0     
2392      1200.0    1275.0    700.0     
2393      1275.0    1275.0    700.0     
2394      1350.0    1275.0    700.0     
2395      1425.0    1275.0    700.0     
2396      1500.0    1275.0    700.0     
2397      1575.0    1275.0    700.0     
2398      1650.0    1275.0    700.0     
2399      1725.0    1275.0    700.0     
2400      1800.0    1275.0    700.0     