1 -65 -35 0
2 -60 -35 0
3 -55 -35 0
4 -50 -35 0
5 -45 -35 0
6 -40 -35 0
7 -35 -35 0
8 -30 -35 0
9 -25 -35 0
10 -20 -35 0
11 -15 -35 0
12 -10 -35 0
13 -5 -35 0
14 0 -35 0
15 5 -35 0
16 10 -35 0
17 15 -35 0
18 20 -35 0
19 25 -35 0
20 30 -35 0
21 35 -35 0
22 40 -35 0
23 45 -35 0
24 50 -35 0
25 55 -35 0
26 60 -35 0
27 65 -35 0
28 -65 -30 0
29 -60 -30 0
30 -55 -30 0
31 -50 -30 0
32 -45 -30 0
33 -40 -30 0
34 -35 -30 0
35 -30 -30 0
36 -25 -30 0
37 -20 -30 0
38 -15 -30 0
39 -10 -30 0
40 -5 -30 0
41 0 -30 0
42 5 -30 0
43 10 -30 0
44 15 -30 0
45 20 -30 0
46 25 -30 0
47 30 -30 0
48 35 -30 0
49 40 -30 0
50 45 -30 0
51 50 -30 0
52 55 -30 0
53 60 -30 0
54 65 -30 0
55 -65 -25 0
56 -60 -25 0
57 -55 -25 0
58 -50 -25 0
59 -45 -25 0
60 -40 -25 0
61 -35 -25 0
62 -30 -25 0
63 -25 -25 0
64 -20 -25 0
65 -15 -25 0
66 -10 -25 0
67 -5 -25 0
68 0 -25 0
69 5 -25 0
70 10 -25 0
71 15 -25 0
72 20 -25 0
73 25 -25 0
74 30 -25 0
75 35 -25 0
76 40 -25 0
77 45 -25 0
78 50 -25 0
79 55 -25 0
80 60 -25 0
81 65 -25 0
82 -65 -20 0
83 -60 -20 0
84 -55 -20 0
85 -50 -20 0
86 -45 -20 0
87 -40 -20 0
88 -35 -20 0
89 -30 -20 0
90 -25 -20 0
91 -20 -20 0
92 -15 -20 0
93 -10 -20 0
94 -5 -20 0
95 0 -20 0
96 5 -20 0
97 10 -20 0
98 15 -20 0
99 20 -20 0
100 25 -20 0
101 30 -20 0
102 35 -20 0
103 40 -20 0
104 45 -20 0
105 50 -20 0
106 55 -20 0
107 60 -20 0
108 65 -20 0
109 -65 -15 0
110 -60 -15 0
111 -55 -15 0
112 -50 -15 0
113 -45 -15 0
114 -40 -15 0
115 -35 -15 0
116 -30 -15 0
117 -25 -15 0
118 -20 -15 0
119 -15 -15 0
120 -10 -15 0
121 -5 -15 0
122 0 -15 0
123 5 -15 0
124 10 -15 0
125 15 -15 0
126 20 -15 0
127 25 -15 0
128 30 -15 0
129 35 -15 0
130 40 -15 0
131 45 -15 0
132 50 -15 0
133 55 -15 0
134 60 -15 0
135 65 -15 0
136 -65 -10 0
137 -60 -10 0
138 -55 -10 0
139 -50 -10 0
140 -45 -10 0
141 -40 -10 0
142 -35 -10 0
143 -30 -10 0
144 -25 -10 0
145 -20 -10 0
146 -15 -10 0
147 -10 -10 0
148 -5 -10 0
149 0 -10 0
150 5 -10 0
151 10 -10 0
152 15 -10 0
153 20 -10 0
154 25 -10 0
155 30 -10 0
156 35 -10 0
157 40 -10 0
158 45 -10 0
159 50 -10 0
160 55 -10 0
161 60 -10 0
162 65 -10 0
163 -65 -5 0
164 -60 -5 0
165 -55 -5 0
166 -50 -5 0
167 -45 -5 0
168 -40 -5 0
169 -35 -5 0
170 -30 -5 0
171 -25 -5 0
172 -20 -5 0
173 -15 -5 0
174 -10 -5 0
175 -5 -5 0
176 0 -5 0
177 5 -5 0
178 10 -5 0
179 15 -5 0
180 20 -5 0
181 25 -5 0
182 30 -5 0
183 35 -5 0
184 40 -5 0
185 45 -5 0
186 50 -5 0
187 55 -5 0
188 60 -5 0
189 65 -5 0
190 -65 0 0
191 -60 0 0
192 -55 0 0
193 -50 0 0
194 -45 0 0
195 -40 0 0
196 -35 0 0
197 -30 0 0
198 -25 0 0
199 -20 0 0
200 -15 0 0
201 -10 0 0
202 -5 0 0
203 0 0 0
204 5 0 0
205 10 0 0
206 15 0 0
207 20 0 0
208 25 0 0
209 30 0 0
210 35 0 0
211 40 0 0
212 45 0 0
213 50 0 0
214 55 0 0
215 60 0 0
216 65 0 0
217 -65 5 0
218 -60 5 0
219 -55 5 0
220 -50 5 0
221 -45 5 0
222 -40 5 0
223 -35 5 0
224 -30 5 0
225 -25 5 0
226 -20 5 0
227 -15 5 0
228 -10 5 0
229 -5 5 0
230 0 5 0
231 5 5 0
232 10 5 0
233 15 5 0
234 20 5 0
235 25 5 0
236 30 5 0
237 35 5 0
238 40 5 0
239 45 5 0
240 50 5 0
241 55 5 0
242 60 5 0
243 65 5 0
244 -65 10 0
245 -60 10 0
246 -55 10 0
247 -50 10 0
248 -45 10 0
249 -40 10 0
250 -35 10 0
251 -30 10 0
252 -25 10 0
253 -20 10 0
254 -15 10 0
255 -10 10 0
256 -5 10 0
257 0 10 0
258 5 10 0
259 10 10 0
260 15 10 0
261 20 10 0
262 25 10 0
263 30 10 0
264 35 10 0
265 40 10 0
266 45 10 0
267 50 10 0
268 55 10 0
269 60 10 0
270 65 10 0
271 -65 15 0
272 -60 15 0
273 -55 15 0
274 -50 15 0
275 -45 15 0
276 -40 15 0
277 -35 15 0
278 -30 15 0
279 -25 15 0
280 -20 15 0
281 -15 15 0
282 -10 15 0
283 -5 15 0
284 0 15 0
285 5 15 0
286 10 15 0
287 15 15 0
288 20 15 0
289 25 15 0
290 30 15 0
291 35 15 0
292 40 15 0
293 45 15 0
294 50 15 0
295 55 15 0
296 60 15 0
297 65 15 0
298 -65 20 0
299 -60 20 0
300 -55 20 0
301 -50 20 0
302 -45 20 0
303 -40 20 0
304 -35 20 0
305 -30 20 0
306 -25 20 0
307 -20 20 0
308 -15 20 0
309 -10 20 0
310 -5 20 0
311 0 20 0
312 5 20 0
313 10 20 0
314 15 20 0
315 20 20 0
316 25 20 0
317 30 20 0
318 35 20 0
319 40 20 0
320 45 20 0
321 50 20 0
322 55 20 0
323 60 20 0
324 65 20 0
325 -65 25 0
326 -60 25 0
327 -55 25 0
328 -50 25 0
329 -45 25 0
330 -40 25 0
331 -35 25 0
332 -30 25 0
333 -25 25 0
334 -20 25 0
335 -15 25 0
336 -10 25 0
337 -5 25 0
338 0 25 0
339 5 25 0
340 10 25 0
341 15 25 0
342 20 25 0
343 25 25 0
344 30 25 0
345 35 25 0
346 40 25 0
347 45 25 0
348 50 25 0
349 55 25 0
350 60 25 0
351 65 25 0
352 -65 30 0
353 -60 30 0
354 -55 30 0
355 -50 30 0
356 -45 30 0
357 -40 30 0
358 -35 30 0
359 -30 30 0
360 -25 30 0
361 -20 30 0
362 -15 30 0
363 -10 30 0
364 -5 30 0
365 0 30 0
366 5 30 0
367 10 30 0
368 15 30 0
369 20 30 0
370 25 30 0
371 30 30 0
372 35 30 0
373 40 30 0
374 45 30 0
375 50 30 0
376 55 30 0
377 60 30 0
378 65 30 0
379 -65 35 0
380 -60 35 0
381 -55 35 0
382 -50 35 0
383 -45 35 0
384 -40 35 0
385 -35 35 0
386 -30 35 0
387 -25 35 0
388 -20 35 0
389 -15 35 0
390 -10 35 0
391 -5 35 0
392 0 35 0
393 5 35 0
394 10 35 0
395 15 35 0
396 20 35 0
397 25 35 0
398 30 35 0
399 35 35 0
400 40 35 0
401 45 35 0
402 50 35 0
403 55 35 0
404 60 35 0
405 65 35 0
