3001 -65.0 35.0 -10.0
3002 -60.0 35.0 -10.0
3003 -55.0 35.0 -10.0
3004 -50.0 35.0 -10.0
3005 -45.0 35.0 -10.0
3006 -40.0 35.0 -10.0
3007 -35.0 35.0 -10.0
3008 -30.0 35.0 -10.0
3009 -25.0 35.0 -10.0
3010 -20.0 35.0 -10.0
3011 -15.0 35.0 -10.0
3012 -10.0 35.0 -10.0
3013 -5.0 35.0 -10.0
3014 0.0 35.0 -10.0
3015 5.0 35.0 -10.0
3016 10.0 35.0 -10.0
3017 15.0 35.0 -10.0
3018 20.0 35.0 -10.0
3019 25.0 35.0 -10.0
3020 30.0 35.0 -10.0
3021 35.0 35.0 -10.0
3022 40.0 35.0 -10.0
3023 45.0 35.0 -10.0
3024 50.0 35.0 -10.0
3025 55.0 35.0 -10.0
3026 60.0 35.0 -10.0
3027 65.0 35.0 -10.0
3028 -65.0 30.0 -10.0
3029 -60.0 30.0 -10.0
3030 -55.0 30.0 -10.0
3031 -50.0 30.0 -10.0
3032 -45.0 30.0 -10.0
3033 -40.0 30.0 -10.0
3034 -35.0 30.0 -10.0
3035 -30.0 30.0 -10.0
3036 -25.0 30.0 -10.0
3037 -20.0 30.0 -10.0
3038 -15.0 30.0 -10.0
3039 -10.0 30.0 -10.0
3040 -5.0 30.0 -10.0
3041 0.0 30.0 -10.0
3042 5.0 30.0 -10.0
3043 10.0 30.0 -10.0
3044 15.0 30.0 -10.0
3045 20.0 30.0 -10.0
3046 25.0 30.0 -10.0
3047 30.0 30.0 -10.0
3048 35.0 30.0 -10.0
3049 40.0 30.0 -10.0
3050 45.0 30.0 -10.0
3051 50.0 30.0 -10.0
3052 55.0 30.0 -10.0
3053 60.0 30.0 -10.0
3054 65.0 30.0 -10.0
3055 -65.0 25.0 -10.0
3056 -60.0 25.0 -10.0
3057 -55.0 25.0 -10.0
3058 -50.0 25.0 -10.0
3059 -45.0 25.0 -10.0
3060 -40.0 25.0 -10.0
3061 -35.0 25.0 -10.0
3062 -30.0 25.0 -10.0
3063 -25.0 25.0 -10.0
3064 -20.0 25.0 -10.0
3065 -15.0 25.0 -10.0
3066 -10.0 25.0 -10.0
3067 -5.0 25.0 -10.0
3068 0.0 25.0 -10.0
3069 5.0 25.0 -10.0
3070 10.0 25.0 -10.0
3071 15.0 25.0 -10.0
3072 20.0 25.0 -10.0
3073 25.0 25.0 -10.0
3074 30.0 25.0 -10.0
3075 35.0 25.0 -10.0
3076 40.0 25.0 -10.0
3077 45.0 25.0 -10.0
3078 50.0 25.0 -10.0
3079 55.0 25.0 -10.0
3080 60.0 25.0 -10.0
3081 65.0 25.0 -10.0
3082 -65.0 20.0 -10.0
3083 -60.0 20.0 -10.0
3084 -55.0 20.0 -10.0
3085 -50.0 20.0 -10.0
3086 -45.0 20.0 -10.0
3087 -40.0 20.0 -10.0
3088 -35.0 20.0 -10.0
3089 -30.0 20.0 -10.0
3090 -25.0 20.0 -10.0
3091 -20.0 20.0 -10.0
3092 -15.0 20.0 -10.0
3093 -10.0 20.0 -10.0
3094 -5.0 20.0 -10.0
3095 0.0 20.0 -10.0
3096 5.0 20.0 -10.0
3097 10.0 20.0 -10.0
3098 15.0 20.0 -10.0
3099 20.0 20.0 -10.0
3100 25.0 20.0 -10.0
3101 30.0 20.0 -10.0
3102 35.0 20.0 -10.0
3103 40.0 20.0 -10.0
3104 45.0 20.0 -10.0
3105 50.0 20.0 -10.0
3106 55.0 20.0 -10.0
3107 60.0 20.0 -10.0
3108 65.0 20.0 -10.0
3109 -65.0 15.0 -10.0
3110 -60.0 15.0 -10.0
3111 -55.0 15.0 -10.0
3112 -50.0 15.0 -10.0
3113 -45.0 15.0 -10.0
3114 -40.0 15.0 -10.0
3115 -35.0 15.0 -10.0
3116 -30.0 15.0 -10.0
3117 -25.0 15.0 -10.0
3118 -20.0 15.0 -10.0
3119 -15.0 15.0 -10.0
3120 -10.0 15.0 -10.0
3121 -5.0 15.0 -10.0
3122 0.0 15.0 -10.0
3123 5.0 15.0 -10.0
3124 10.0 15.0 -10.0
3125 15.0 15.0 -10.0
3126 20.0 15.0 -10.0
3127 25.0 15.0 -10.0
3128 30.0 15.0 -10.0
3129 35.0 15.0 -10.0
3130 40.0 15.0 -10.0
3131 45.0 15.0 -10.0
3132 50.0 15.0 -10.0
3133 55.0 15.0 -10.0
3134 60.0 15.0 -10.0
3135 65.0 15.0 -10.0
3136 -65.0 10.0 -10.0
3137 -60.0 10.0 -10.0
3138 -55.0 10.0 -10.0
3139 -50.0 10.0 -10.0
3140 -45.0 10.0 -10.0
3141 -40.0 10.0 -10.0
3142 -35.0 10.0 -10.0
3143 -30.0 10.0 -10.0
3144 -25.0 10.0 -10.0
3145 -20.0 10.0 -10.0
3146 -15.0 10.0 -10.0
3147 -10.0 10.0 -10.0
3148 -5.0 10.0 -10.0
3149 0.0 10.0 -10.0
3150 5.0 10.0 -10.0
3151 10.0 10.0 -10.0
3152 15.0 10.0 -10.0
3153 20.0 10.0 -10.0
3154 25.0 10.0 -10.0
3155 30.0 10.0 -10.0
3156 35.0 10.0 -10.0
3157 40.0 10.0 -10.0
3158 45.0 10.0 -10.0
3159 50.0 10.0 -10.0
3160 55.0 10.0 -10.0
3161 60.0 10.0 -10.0
3162 65.0 10.0 -10.0
3163 -65.0 5.0 -10.0
3164 -60.0 5.0 -10.0
3165 -55.0 5.0 -10.0
3166 -50.0 5.0 -10.0
3167 -45.0 5.0 -10.0
3168 -40.0 5.0 -10.0
3169 -35.0 5.0 -10.0
3170 -30.0 5.0 -10.0
3171 -25.0 5.0 -10.0
3172 -20.0 5.0 -10.0
3173 -15.0 5.0 -10.0
3174 -10.0 5.0 -10.0
3175 -5.0 5.0 -10.0
3176 0.0 5.0 -10.0
3177 5.0 5.0 -10.0
3178 10.0 5.0 -10.0
3179 15.0 5.0 -10.0
3180 20.0 5.0 -10.0
3181 25.0 5.0 -10.0
3182 30.0 5.0 -10.0
3183 35.0 5.0 -10.0
3184 40.0 5.0 -10.0
3185 45.0 5.0 -10.0
3186 50.0 5.0 -10.0
3187 55.0 5.0 -10.0
3188 60.0 5.0 -10.0
3189 65.0 5.0 -10.0
3190 -65.0 -0.0 -10.0
3191 -60.0 -0.0 -10.0
3192 -55.0 -0.0 -10.0
3193 -50.0 -0.0 -10.0
3194 -45.0 -0.0 -10.0
3195 -40.0 -0.0 -10.0
3196 -35.0 -0.0 -10.0
3197 -30.0 -0.0 -10.0
3198 -25.0 -0.0 -10.0
3199 -20.0 -0.0 -10.0
3200 -15.0 -0.0 -10.0
3201 -10.0 -0.0 -10.0
3202 -5.0 -0.0 -10.0
3203 0.0 -0.0 -10.0
3204 5.0 -0.0 -10.0
3205 10.0 -0.0 -10.0
3206 15.0 -0.0 -10.0
3207 20.0 -0.0 -10.0
3208 25.0 -0.0 -10.0
3209 30.0 -0.0 -10.0
3210 35.0 -0.0 -10.0
3211 40.0 -0.0 -10.0
3212 45.0 -0.0 -10.0
3213 50.0 -0.0 -10.0
3214 55.0 -0.0 -10.0
3215 60.0 -0.0 -10.0
3216 65.0 -0.0 -10.0
3217 -65.0 -5.0 -10.0
3218 -60.0 -5.0 -10.0
3219 -55.0 -5.0 -10.0
3220 -50.0 -5.0 -10.0
3221 -45.0 -5.0 -10.0
3222 -40.0 -5.0 -10.0
3223 -35.0 -5.0 -10.0
3224 -30.0 -5.0 -10.0
3225 -25.0 -5.0 -10.0
3226 -20.0 -5.0 -10.0
3227 -15.0 -5.0 -10.0
3228 -10.0 -5.0 -10.0
3229 -5.0 -5.0 -10.0
3230 0.0 -5.0 -10.0
3231 5.0 -5.0 -10.0
3232 10.0 -5.0 -10.0
3233 15.0 -5.0 -10.0
3234 20.0 -5.0 -10.0
3235 25.0 -5.0 -10.0
3236 30.0 -5.0 -10.0
3237 35.0 -5.0 -10.0
3238 40.0 -5.0 -10.0
3239 45.0 -5.0 -10.0
3240 50.0 -5.0 -10.0
3241 55.0 -5.0 -10.0
3242 60.0 -5.0 -10.0
3243 65.0 -5.0 -10.0
3244 -65.0 -10.0 -10.0
3245 -60.0 -10.0 -10.0
3246 -55.0 -10.0 -10.0
3247 -50.0 -10.0 -10.0
3248 -45.0 -10.0 -10.0
3249 -40.0 -10.0 -10.0
3250 -35.0 -10.0 -10.0
3251 -30.0 -10.0 -10.0
3252 -25.0 -10.0 -10.0
3253 -20.0 -10.0 -10.0
3254 -15.0 -10.0 -10.0
3255 -10.0 -10.0 -10.0
3256 -5.0 -10.0 -10.0
3257 0.0 -10.0 -10.0
3258 5.0 -10.0 -10.0
3259 10.0 -10.0 -10.0
3260 15.0 -10.0 -10.0
3261 20.0 -10.0 -10.0
3262 25.0 -10.0 -10.0
3263 30.0 -10.0 -10.0
3264 35.0 -10.0 -10.0
3265 40.0 -10.0 -10.0
3266 45.0 -10.0 -10.0
3267 50.0 -10.0 -10.0
3268 55.0 -10.0 -10.0
3269 60.0 -10.0 -10.0
3270 65.0 -10.0 -10.0
3271 -65.0 -15.0 -10.0
3272 -60.0 -15.0 -10.0
3273 -55.0 -15.0 -10.0
3274 -50.0 -15.0 -10.0
3275 -45.0 -15.0 -10.0
3276 -40.0 -15.0 -10.0
3277 -35.0 -15.0 -10.0
3278 -30.0 -15.0 -10.0
3279 -25.0 -15.0 -10.0
3280 -20.0 -15.0 -10.0
3281 -15.0 -15.0 -10.0
3282 -10.0 -15.0 -10.0
3283 -5.0 -15.0 -10.0
3284 0.0 -15.0 -10.0
3285 5.0 -15.0 -10.0
3286 10.0 -15.0 -10.0
3287 15.0 -15.0 -10.0
3288 20.0 -15.0 -10.0
3289 25.0 -15.0 -10.0
3290 30.0 -15.0 -10.0
3291 35.0 -15.0 -10.0
3292 40.0 -15.0 -10.0
3293 45.0 -15.0 -10.0
3294 50.0 -15.0 -10.0
3295 55.0 -15.0 -10.0
3296 60.0 -15.0 -10.0
3297 65.0 -15.0 -10.0
3298 -65.0 -20.0 -10.0
3299 -60.0 -20.0 -10.0
3300 -55.0 -20.0 -10.0
3301 -50.0 -20.0 -10.0
3302 -45.0 -20.0 -10.0
3303 -40.0 -20.0 -10.0
3304 -35.0 -20.0 -10.0
3305 -30.0 -20.0 -10.0
3306 -25.0 -20.0 -10.0
3307 -20.0 -20.0 -10.0
3308 -15.0 -20.0 -10.0
3309 -10.0 -20.0 -10.0
3310 -5.0 -20.0 -10.0
3311 0.0 -20.0 -10.0
3312 5.0 -20.0 -10.0
3313 10.0 -20.0 -10.0
3314 15.0 -20.0 -10.0
3315 20.0 -20.0 -10.0
3316 25.0 -20.0 -10.0
3317 30.0 -20.0 -10.0
3318 35.0 -20.0 -10.0
3319 40.0 -20.0 -10.0
3320 45.0 -20.0 -10.0
3321 50.0 -20.0 -10.0
3322 55.0 -20.0 -10.0
3323 60.0 -20.0 -10.0
3324 65.0 -20.0 -10.0
3325 -65.0 -25.0 -10.0
3326 -60.0 -25.0 -10.0
3327 -55.0 -25.0 -10.0
3328 -50.0 -25.0 -10.0
3329 -45.0 -25.0 -10.0
3330 -40.0 -25.0 -10.0
3331 -35.0 -25.0 -10.0
3332 -30.0 -25.0 -10.0
3333 -25.0 -25.0 -10.0
3334 -20.0 -25.0 -10.0
3335 -15.0 -25.0 -10.0
3336 -10.0 -25.0 -10.0
3337 -5.0 -25.0 -10.0
3338 0.0 -25.0 -10.0
3339 5.0 -25.0 -10.0
3340 10.0 -25.0 -10.0
3341 15.0 -25.0 -10.0
3342 20.0 -25.0 -10.0
3343 25.0 -25.0 -10.0
3344 30.0 -25.0 -10.0
3345 35.0 -25.0 -10.0
3346 40.0 -25.0 -10.0
3347 45.0 -25.0 -10.0
3348 50.0 -25.0 -10.0
3349 55.0 -25.0 -10.0
3350 60.0 -25.0 -10.0
3351 65.0 -25.0 -10.0
3352 -65.0 -30.0 -10.0
3353 -60.0 -30.0 -10.0
3354 -55.0 -30.0 -10.0
3355 -50.0 -30.0 -10.0
3356 -45.0 -30.0 -10.0
3357 -40.0 -30.0 -10.0
3358 -35.0 -30.0 -10.0
3359 -30.0 -30.0 -10.0
3360 -25.0 -30.0 -10.0
3361 -20.0 -30.0 -10.0
3362 -15.0 -30.0 -10.0
3363 -10.0 -30.0 -10.0
3364 -5.0 -30.0 -10.0
3365 0.0 -30.0 -10.0
3366 5.0 -30.0 -10.0
3367 10.0 -30.0 -10.0
3368 15.0 -30.0 -10.0
3369 20.0 -30.0 -10.0
3370 25.0 -30.0 -10.0
3371 30.0 -30.0 -10.0
3372 35.0 -30.0 -10.0
3373 40.0 -30.0 -10.0
3374 45.0 -30.0 -10.0
3375 50.0 -30.0 -10.0
3376 55.0 -30.0 -10.0
3377 60.0 -30.0 -10.0
3378 65.0 -30.0 -10.0
3379 -65.0 -35.0 -10.0
3380 -60.0 -35.0 -10.0
3381 -55.0 -35.0 -10.0
3382 -50.0 -35.0 -10.0
3383 -45.0 -35.0 -10.0
3384 -40.0 -35.0 -10.0
3385 -35.0 -35.0 -10.0
3386 -30.0 -35.0 -10.0
3387 -25.0 -35.0 -10.0
3388 -20.0 -35.0 -10.0
3389 -15.0 -35.0 -10.0
3390 -10.0 -35.0 -10.0
3391 -5.0 -35.0 -10.0
3392 0.0 -35.0 -10.0
3393 5.0 -35.0 -10.0
3394 10.0 -35.0 -10.0
3395 15.0 -35.0 -10.0
3396 20.0 -35.0 -10.0
3397 25.0 -35.0 -10.0
3398 30.0 -35.0 -10.0
3399 35.0 -35.0 -10.0
3400 40.0 -35.0 -10.0
3401 45.0 -35.0 -10.0
3402 50.0 -35.0 -10.0
3403 55.0 -35.0 -10.0
3404 60.0 -35.0 -10.0
3405 65.0 -35.0 -10.0
