483
   0 1439.4431  819.2967    16     2    12   923   480
   1 1448.7968  839.9319    33    14    12  3604    -1
   2 1478.9663  840.1826    25     6     5  2794   477
   3 1750.2695  861.0428    26     6     6  3122   471
   4 1387.7249  861.7795    42     7     7  5284   469
   5 1407.4440  863.2688    45     7     8  7536   463
   6 1427.2711  864.5914    46     8     7  8075   460
   7 1446.8549  865.8919    49     8     8  8520   455
   8 1466.5099  867.3703    45     7     8  8612   451
   9 1486.0384  868.6139    46     8     7  8789   437
  10 1505.4771  870.0486    46     7     8  8765   432
  11 1524.7599  871.4337    46     8     7  8934   423
  12 1544.0467  872.6897    47     8     8  8941   409
  13 1563.2201  874.1621    48     8     8  8920   388
  14 1582.2775  875.4989    45     8     7  8870   385
  15 1601.2293  876.7894    47     8     8  8836   405
  16 1620.0714  878.2611    48     8     8  8837   376
  17 1638.8299  879.5382    46     8     7  8790   371
  18 1657.5088  880.8690    45     7     8  8595   387
  19 1388.0736  881.2531    45     8     8  6009   468
  20 1676.1177  882.2789    45     8     7  8470   352
  21 1407.8280  882.4998    47     8     7  8487   457
  22 1694.6024  883.5315    47     8     7  8638   378
  23 1427.6870  883.8259    48     8     8  8518   454
  24 1713.0053  884.8254    46     8     8  8314   365
  25 1447.5301  885.3041    45     7     8  8421   446
  26 1731.3326  886.2081    45     8     8  8135   367
  27 1467.2397  886.5560    46     8     7  8581   439
  28 1749.5248  887.4844    44     7     7  8171    -1
  29 1486.7276  887.8803    47     8     8  8527   431
  30 1767.6564  888.7738    44     8     7  7590   380
  31 1506.3251  889.3213    49     8     8  8699   420
  32 1785.6881  890.1230    42     7     8  6901   394
  33 1525.6267  890.5412    47     8     7  8703   412
  34 1803.6818  891.4416    43     7     7  6688   258
  35 1544.9624  891.8670    49     8     8  8717   406
  36 1821.6222  892.7208    40     7     7  6320   427
  37 1564.2236  893.2769    48     8     8  8638   379
  38 1839.2893  894.0286    34     7     6  4059   459
  39 1583.3316  894.5408    45     8     7  8617   389
  40 1602.3430  895.8197    46     8     8  8521   381
  41 1621.2492  897.2308    48     8     8  8573   346
  42 1640.0561  898.4839    47     8     7  8545   370
  43 1658.7681  899.7332    47     8     8  8396   357
  44 1388.5465  900.6893    43     7     7  6039   467
  45 1677.4482  901.1266    45     7     8  8252   348
  46 1408.3927  902.0972    49     8     8  8636   450
  47 1695.9854  902.4160    46     8     7  8303   345
  48 1428.3505  903.4466    48     8     7  8654   447
  49 1714.4370  903.6302    43     7     7  8102   363
  50 1448.1606  904.6349    47     8     8  8717   440
  51 1732.7934  904.9080    46     8     8  8016   364
  52 1467.8495  905.9972    49     8     8  8797   426
  53 1751.0770  906.2346    45     8     7  7902    -1
  54 1487.5334  907.3653    45     7     8  8589   417
  55 1769.2741  907.4557    45     8     7  7933   359
  56 1507.0950  908.5612    47     8     7  8727   407
  57 1787.3591  908.6558    43     7     7  7658   351
  58 1526.5162  909.8297    46     7     8  8654   382
  59 1805.4057  909.8991    43     7     8  7379   236
  60 1823.3554  911.1693    43     7     7  7200   361
  61 1545.9068  911.2182    49     8     8  8842   360
  62 1841.0382  912.3558    38     7     7  4791   448
  63 1565.2151  912.4788    46     8     7  8709   344
  64 1584.3764  913.6555    45     8     8  8650   350
  65 1603.4280  915.0162    47     8     8  8613   319
  66 1622.4261  916.3505    46     8     7  8606   314
  67 1641.2874  917.5542    45     8     7  8559   337
  68 1660.0527  918.7677    48     8     8  8526   325
  69 1678.7319  920.1206    49     8     8  8504   303
  70 1388.8473  920.4810    45     8     7  6152   465
  71 1697.3945  921.3712    45     7     7  8346   330
  72 1408.8163  921.6616    52     8     8  8926   444
  73 1715.8730  922.5473    46     8     7  8324   324
  74 1428.8188  923.0066    50     8     8  8921   436
  75 1734.3135  923.7529    45     8     8  8101   333
  76 1448.7134  924.3348    47     8     8  8771   425
  77 1752.6152  925.0285    46     8     8  8011   395
  78 1468.5382  925.5203    46     8     7  8710   415
  79 1770.8711  926.2631    46     8     7  7973   301
  80 1488.3070  926.7311    49     8     8  8942   401
  81 1789.0306  927.4319    46     8     7  7926   304
  82 1507.8694  928.0590    50     8     8  8962   383
  83 1807.1361  928.6158    45     8     7  7732    -1
  84 1527.4671  929.3631    49     8     8  8885   349
  85 1825.1313  929.8018    44     8     7  7326   332
  86 1546.8138  930.5114    47     8     7  8816   336
  87 1842.8971  931.0018    35     7     6  4558   433
  88 1566.1905  931.7070    47     8     8  8793   308
  89 1585.4298  933.0346    47     8     8  8732   312
  90 1604.5305  934.3363    44     7     8  8619   286
  91 1623.5422  935.4941    45     7     7  8699   275
  92 1642.4843  936.6586    44     7     8  8550   327
  93 1661.3579  937.9524    48     8     8  8571   276
  94 1680.1131  939.2428    47     8     8  8481   230
  95 1389.4449  940.3895    46     8     7  6128   464
  96 1698.7485  940.4179    45     8     7  8422   294
  97 1409.3836  941.5257    47     8     7  8656   429
  98 1717.3360  941.5662    45     8     7  8337   285
  99 1429.4185  942.6833    47     8     8  8695   419
 100 1735.8015  942.7077    45     8     7  8130   267
 101 1754.2105  943.9337    48     8     8  8162   377
 102 1449.4155  943.9574    49     8     8  8854   403
 103 1772.4996  945.1581    46     7     8  7980   227
 104 1469.2994  945.2602    50     8     8  8922   398
 105 1790.6978  946.3275    45     8     7  7901   253
 106 1489.0298  946.4512    48     8     7  8855   386
 107 1808.8499  947.4545    45     8     7  7814    -1
 108 1508.6566  947.5562    48     8     7  8893   355
 109 1826.9175  948.6030    46     8     7  7632   251
 110 1528.3301  948.7580    49     8     8  8976   313
 111 1844.7799  949.7768    38     7     7  4815   414
 112 1547.7479  950.0413    50     8     8  8990   316
 113 1567.1952  951.2991    51     8     8  8986   288
 114 1586.4723  952.4609    45     7     7  8745   268
 115 1605.5985  953.5858    48     8     7  8858   255
 116 1624.6986  954.7887    49     8     8  8803   249
 117 1643.7048  956.0503    49     8     8  8730   256
 118 1662.6249  957.2959    45     8     8  8560   217
 119 1681.4621  958.4262    45     7     7  8562   219
 120 1700.1694  959.5487    45     8     7  8435   225
 121 1389.7393  960.3310    45     8     8  6237   462
 122 1718.7736  960.6591    47     8     7  8376   224
 123 1409.8146  961.4365    48     8     8  8777   422
 124 1737.3302  961.8211    46     8     8  8202   201
 125 1429.9710  962.5639    50     8     8  8927   410
 126 1755.7558  963.0086    48     8     8  8206   188
 127 1450.0171  963.7369    50     8     8  9017   400
 128 1774.1268  964.1886    47     8     8  8046   199
 129 1469.9166  964.9757    52     8     8  9153   373
 130 1792.4173  965.3023    44     7     7  7834   195
 131 1489.7390  966.2100    49     8     8  9022   341
 132 1810.6096  966.4142    44     8     7  7782   203
 133 1509.5364  967.3772    46     7     8  8752   311
 134 1828.7104  967.4976    45     8     7  7650   243
 135 1529.2008  968.5029    47     8     7  8865   291
 136 1846.6902  968.6186    38     7     7  4928   339
 137 1548.6794  969.5774    48     8     7  8921   269
 138 1568.1802  970.7464    49     8     8  8973   228
 139 1587.5147  971.9697    46     7     8  8762   221
 140 1606.7348  973.1923    49     8     8  8931   207
 141 1625.8910  974.3692    47     8     8  8785   198
 142 1644.9485  975.4660    48     8     7  8812   175
 143 1663.9177  976.5408    48     8     7  8752   156
 144 1682.7770  977.6472    47     8     7  8593   191
 145 1701.5504  978.8060    46     7     8  8454   185
 146 1720.2690  979.9731    49     8     8  8468   142
 147 1390.2491  980.4129    44     8     7  6161   456
 148 1738.8437  981.1241    49     8     8  8403   147
 149 1410.3911  981.5024    48     8     7  8756   392
 150 1757.3705  982.2334    47     8     8  8227   181
 151 1430.5211  982.5545    50     8     8  8853   393
 152 1775.7597  983.3316    45     8     7  8065   149
 153 1450.5920  983.6921    50     8     8  8970   375
 154 1794.1039  984.3869    46     8     7  7985   117
 155 1470.5962  984.8496    51     8     8  9075   342
 156 1812.3731  985.4640    43     7     7  7698   177
 157 1490.5391  986.0342    49     8     8  9005   309
 158 1830.5244  986.5026    44     7     7  7565   162
 159 1510.3979  987.2130    49     8     8  8973   300
 160 1848.5138  987.5814    41     7     7  5083   326
 161 1530.0488  988.3369    51     8     8  9068   262
 162 1549.6444  989.4308    45     8     7  8807   209
 163 1569.2159  990.5097    47     8     7  8840   173
 164 1588.5584  991.5763    48     8     7  8904   166
 165 1607.8608  992.6938    50     8     8  8971   170
 166 1627.0939  993.8323    50     8     8  8922   180
 167 1646.2242  994.9954    51     8     8  8916   155
 168 1665.2531  996.1351    48     8     8  8714    72
 169 1684.1709  997.2403    50     8     8  8739    75
 170 1702.9766  998.3389    47     8     8  8500    81
 171 1721.7271  999.3986    45     8     7  8387   113
 172 1740.4034 1000.4418    46     7     7  8364   131
 173 1390.6512 1000.5084    45     7     7  6277   452
 174 1758.9377 1001.4837    48     8     7  8406    85
 175 1410.8341 1001.5877    52     8     8  9122   366
 176 1777.4169 1002.5206    43     7     7  7983   127
 177 1431.1518 1002.6903    50     8     8  9146   328
 178 1795.7984 1003.5343    46     8     7  8038   148
 179 1451.2904 1003.7837    49     8     8  9109   297
 180 1814.1368 1004.5805    45     8     7  7803   132
 181 1471.3638 1004.8932    51     8     8  9209   260
 182 1832.3432 1005.6049    43     7     7  7525   140
 183 1491.3521 1006.0211    51     8     8  9222   252
 184 1850.3367 1006.6793    40     7     7  4995   307
 185 1511.1933 1007.1276    52     8     8  9238   250
 186 1530.9189 1008.2330    50     8     8  9156   229
 187 1550.6060 1009.3223    46     8     8  8897   182
 188 1570.2186 1010.4084    50     8     8  9014   163
 189 1589.6407 1011.4399    46     8     7  8841   109
 190 1609.0180 1012.4949    48     8     7  8889   121
 191 1628.3060 1013.5465    45     8     7  8730   119
 192 1647.4550 1014.5798    44     7     7  8605    73
 193 1666.5078 1015.6370    47     7     8  8750    30
 194 1685.5017 1016.6762    46     7     8  8634    48
 195 1704.4039 1017.7300    47     8     8  8581    74
 196 1723.2172 1018.7792    49     8     8  8531    99
 197 1741.9105 1019.8195    48     8     8  8378    79
 198 1760.5285 1020.8367    47     8     8  8281    57
 199 1391.1424 1020.8528    50     8     8  6661   442
 200 1779.0715 1021.8368    48     8     8  8127    66
 201 1411.3768 1021.9054    51     8     8  9220   334
 202 1797.4966 1022.8572    46     7     8  7922   120
 203 1431.6606 1022.9894    52     8     8  9333   305
 204 1815.8901 1023.8448    47     8     8  7780   123
 205 1451.9009 1024.0705    51     8     8  9347   282
 206 1834.1593 1024.8398    47     8     8  7586   101
 207 1472.0322 1025.1195    51     8     8  9275   261
 208 1852.1848 1025.8564    40     7     7  4887   234
 209 1492.0742 1026.1799    51     8     8  9239   240
 210 1511.9921 1027.2265    52     8     8  9273   213
 211 1531.8112 1028.2730    50     8     8  9187   192
 212 1551.5758 1029.3108    47     8     8  8934   157
 213 1571.2422 1030.3600    51     8     8  9128   143
 214 1590.7224 1031.3834    47     8     8  8900   105
 215 1610.1941 1032.4197    49     8     8  8704   122
 216 1629.5139 1033.3948    44     7     7  8258    98
 217 1648.6985 1034.4495    46     8     7  8416    76
 218 1667.8472 1035.4648    47     8     7  8709    53
 219 1686.8907 1036.4730    48     8     7  8702    40
 220 1705.8369 1037.4697    47     8     7  8586    20
 221 1724.7017 1038.4506    46     8     7  8459    23
 222 1743.4852 1039.4487    45     7     7  8318    50
 223 1762.1618 1040.4458    46     8     7  8255    46
 224 1391.6210 1041.4046    46     7     8  6408   428
 225 1780.7477 1041.4105    45     8     7  8071    95
 226 1411.8393 1042.3717    51     8     8  9263   317
 227 1799.2508 1042.3984    47     8     7  8001    67
 228 1817.6782 1043.3626    45     8     7  7738    68
 229 1432.3301 1043.4045    51     8     8  9223   298
 230 1630.1250 1043.4425    59     8     8 10945    19
 231 1835.9937 1044.3116    46     8     7  7572    88
 232 1452.5672 1044.4106    49     8     8  9074   281
 233 1854.0722 1045.2110    39     7     7  4881   237
 234 1472.7334 1045.4126    49     8     8  9121   247
 235 1492.8189 1046.4139    48     8     8  9063   214
 236 1512.8142 1047.4148    48     8     8  9046   196
 237 1532.7145 1048.4129    48     8     8  9015   184
 238 1552.5462 1049.4176    48     8     8  8962   161
 239 1572.2839 1050.4283    50     8     8  9052   152
 240 1591.8260 1051.4089    48     8     8  8930   108
 241 1611.3538 1052.4195    50     8     8  8784    84
 242 1630.6359 1053.4232    43     7     7  8097    71
 243 1639.3144 1053.8244    32     7     7  5543   239
 244 1650.0282 1054.3946    49     8     8  8467    54
 245 1669.2232 1055.3786    51     8     8  8934    41
 246 1688.3251 1056.3376    50     8     8  8794    33
 247 1707.3355 1057.2973    49     8     8  8657    32
 248 1726.2382 1058.2393    50     8     8  8615    38
 249 1745.0506 1059.1527    50     8     8  8515    16
 250 1763.7688 1060.0798    50     8     8  8397     3
 251 1782.4387 1060.9609    49     8     8  8189    17
 252 1800.9820 1061.8603    48     8     8  7981    34
 253 1391.9970 1061.9312    50     8     8  6860   421
 254 1819.4627 1062.7378    46     7     8  7775    69
 255 1412.4160 1062.9103    53     9     8  9588   296
 256 1837.8342 1063.6349    47     8     7  7634    93
 257 1432.8800 1063.8714    54     8     8  9673   263
 258 1855.9413 1064.5589    39     7     7  4871   245
 259 1453.2570 1064.8174    50     8     8  9388   226
 260 1473.4700 1065.7989    51     9     8  9277   200
 261 1493.6001 1066.7272    51     8     8  9252   171
 262 1513.6589 1067.6784    50     8     8  9153   138
 263 1533.6240 1068.6307    50     8     8  9112   141
 264 1553.5230 1069.5877    50     8     8  9077   118
 265 1573.3166 1070.5555    49     8     8  8986   115
 266 1592.9299 1071.5069    48     8     7  8883    87
 267 1612.4898 1072.4867    45     7     7  8651    86
 268 1631.9277 1073.4483    48     8     7  8711    65
 269 1651.3186 1074.4194    49     8     8  8729    63
 270 1670.5559 1075.3294    47     8     8  8721    26
 271 1689.6905 1076.2692    50     8     8  8795     8
 272 1708.7640 1077.1770    50     8     8  8713     2
 273 1727.7245 1078.0481    50     8     8  8612     0
 274 1746.6117 1078.8992    49     8     8  8437     1
 275 1765.4175 1079.7385    47     8     8  8244    13
 276 1784.1387 1080.6165    48     8     8  8118    15
 277 1802.7427 1081.5301    46     8     7  7919    44
 278 1821.2795 1082.4654    46     8     7  7769    89
 279 1392.4677 1082.6074    45     8     8  6525   430
 280 1839.7168 1083.3809    45     8     7  7513   112
 281 1412.9635 1083.5885    52     8     8  9672   306
 282 1857.9132 1084.2190    38     7     7  4751   246
 283 1433.4737 1084.5231    51     9     9  9313   292
 284 1453.8744 1085.4364    50     8     8  9325   248
 285 1474.2418 1086.3898    52     8     8  9379   223
 286 1494.4493 1087.3147    50     8     8  9209   186
 287 1514.5601 1088.2083    49     8     8  9158   167
 288 1534.5699 1089.1214    49     8     8  9174   145
 289 1554.5107 1090.0087    50     9     8  9257   107
 290 1574.3604 1090.8768    51     8     8  9224    92
 291 1594.0532 1091.7749    51     8     8  9068    62
 292 1613.6300 1092.6417    50     8     8  9007    18
 293 1633.1906 1093.5656    48     8     8  8849    11
 294 1652.5659 1094.4973    48     8     7  8801     9
 295 1671.8910 1095.4334    49     8     8  8774    12
 296 1691.1385 1096.3422    51     8     8  8816    28
 297 1710.2554 1097.1942    51     8     8  8757    14
 298 1729.2806 1098.0100    52     8     8  8726     4
 299 1748.2209 1098.8009    50     8     8  8506     5
 300 1767.0675 1099.6168    50     8     8  8348    29
 301 1785.8284 1100.5072    47     8     7  8072    22
 302 1804.5236 1101.4092    45     7     7  7811    78
 303 1823.1091 1102.2701    51     8     8  7956    55
 304 1841.5850 1103.0458    49     8     8  7661   126
 305 1392.8050 1103.4266    45     8     7  6499   443
 306 1859.8311 1103.7742    39     7     7  4798   232
 307 1413.4784 1104.4087    51     9     8  9627   343
 308 1434.0762 1105.3060    53     8     8  9806   322
 309 1454.5610 1106.1732    53     8     8  9584   299
 310 1474.9254 1107.0612    52     8     8  9635   265
 311 1495.2642 1107.8966    51     8     8  9463   235
 312 1515.4250 1108.7847    50     8     8  9219   202
 313 1535.5115 1109.6348    51     9     8  9159   179
 314 1555.5136 1110.5082    51     9     8  9044   168
 315 1575.4132 1111.3981    50     8     8  8966   160
 316 1595.1826 1112.2540    53     8     8  9165   134
 317 1614.8271 1113.0929    51     8     8  9119   124
 318 1634.4348 1113.8955    49     8     8  9045    83
 319 1653.8671 1114.7221    53     8     8  9106    47
 320 1673.2764 1115.5775    49     8     8  8770    37
 321 1692.5407 1116.4667    48     8     7  8615    49
 322 1711.7074 1117.3383    49     8     8  8603    43
 323 1730.8003 1118.1429    50     8     8  8597    24
 324 1749.8048 1118.8920    51     8     8  8538     6
 325 1768.7153 1119.6446    51     8     8  8393     7
 326 1787.5626 1120.4958    48     8     7  8059    35
 327 1806.3127 1121.3538    50     8     8  8032    39
 328 1824.9330 1122.1021    50     8     8  7856    91
 329 1843.4725 1122.8066    46     7     8  7499   106
 330 1861.7749 1123.5852    40     7     7  4888   293
 331 1393.3746 1124.4936    43     7     7  6343   441
 332 1414.0559 1125.3667    52     8     8  9916   356
 333 1434.6707 1126.1899    51     8     8  9719   320
 334 1455.2613 1127.0182    53     8     8  9784   295
 335 1475.6614 1127.8629    53     8     8  9672   266
 336 1496.0595 1128.6887    52     8     8  9488   241
 337 1516.3140 1129.5253    52     8     9  9230   210
 338 1536.4591 1130.3426    50     8     8  9077   189
 339 1556.5168 1131.1544    51     9     8  9170   172
 340 1576.4573 1131.9588    49     8     8  9094   144
 341 1596.3239 1132.7622    50     8     8  9029   139
 342 1616.0360 1133.5532    49     8     8  8858   104
 343 1635.6464 1134.4038    50     8     8  8916   103
 344 1655.2169 1135.2338    52     8     8  9054    94
 345 1674.6159 1135.9782    52     8     8  9060    58
 346 1693.9724 1136.7257    52     8     8  8860    27
 347 1713.2262 1137.5234    48     8     8  8470    42
 348 1732.3826 1138.3830    50     8     8  8541    51
 349 1751.4464 1139.1311    49     8     8  8459    31
 350 1770.4040 1139.7903    49     8     8  8307    10
 351 1789.2795 1140.5502    47     8     8  7951    25
 352 1808.0799 1141.3974    49     8     8  7935    77
 353 1826.7791 1142.1111    50     8     8  7867    60
 354 1845.3817 1142.7474    47     8     8  7548   125
 355 1863.7399 1143.5397    39     7     7  4818   274
 356 1394.2393 1145.4703    43     8     7  5652   453
 357 1414.5815 1146.4233    48     8     8  9468   374
 358 1435.3427 1147.2533    52     8     8  9848   368
 359 1455.9065 1148.0509    53     8     8  9924   335
 360 1476.4317 1148.8239    53     8     8  9615   315
 361 1496.8207 1149.5871    52     8     8  9389   277
 362 1517.1920 1150.3922    52     8     8  9288   244
 363 1537.4072 1151.1417    52     8     8  9304   205
 364 1557.5045 1151.9284    52     9     8  9255   174
 365 1577.5235 1152.6651    50     8     8  8963   151
 366 1597.4454 1153.4529    50     8     8  8853   133
 367 1617.2644 1154.2395    52     8     8  9080   128
 368 1636.9078 1154.9750    53     8     8  9161   102
 369 1656.5111 1155.6941    51     9     8  8882    61
 370 1676.0239 1156.4756    49     8     8  8629    64
 371 1695.4508 1157.2439    50     8     8  8685    70
 372 1714.6929 1157.9278    52     8     8  8773    59
 373 1733.9283 1158.6185    52     8     8  8558    21
 374 1753.0616 1159.4404    49     8     8  8274    82
 375 1772.1083 1160.1396    52     8     8  8369    45
 376 1791.0330 1160.7618    51     8     8  8120    56
 377 1809.8852 1161.5033    48     8     7  7777    36
 378 1828.6456 1162.2660    48     8     8  7660   116
 379 1847.3035 1162.8575    50     8     8  7636   114
 380 1865.7152 1163.5587    39     7     7  4780   287
 381 1395.1556 1166.9320    32     6     7  3461   466
 382 1415.2026 1167.6104    48     8     8  9223   402
 383 1435.9497 1168.4176    52     8     9  9747   399
 384 1456.6027 1169.1533    54     8     8  9903   358
 385 1477.2236 1169.9021    52     8     8  9742   338
 386 1497.6468 1170.6558    51     8     8  9326   323
 387 1518.0596 1171.3808    54     8     9  9351   271
 388 1538.3843 1172.0905    53     8     8  9365   273
 389 1558.5331 1172.8304    53     9     8  9238   238
 390 1578.5940 1173.5573    51     8     9  8904   190
 391 1598.5747 1174.2577    51     8     8  8951   164
 392 1618.4611 1174.9720    50     9     8  9023   146
 393 1638.2155 1175.6774    50     8     8  8911   100
 394 1657.8438 1176.4111    50     8     8  8742    90
 395 1677.4443 1177.0996    50     8     8  8833   110
 396 1696.8684 1177.7557    53     8     8  8818    52
 397 1716.2477 1178.4798    49     8     8  8396   111
 398 1735.5246 1179.1910    50     9     8  8481    80
 399 1754.6872 1179.8116    51     8     8  8426    97
 400 1773.7732 1180.4943    46     8     7  7889    96
 401 1792.7557 1181.1946    50     8     8  7998   130
 402 1811.6909 1181.7703    51     8     8  7889   129
 403 1830.5238 1182.4777    47     7     7  7469   135
 404 1849.2407 1183.1533    51     8     8  7649   165
 405 1867.6788 1183.6482    41     7     7  4830   390
 406 1415.7527 1189.0485    47     8     8  7732   434
 407 1436.6172 1189.7454    52     8     8  9869   411
 408 1457.3399 1190.4281    53     8     9  9802   408
 409 1477.9589 1191.1404    54     8     8  9711   397
 410 1498.5104 1191.8427    53     9     8  9457   354
 411 1518.9679 1192.5287    55     8     9  9294   340
 412 1539.3411 1193.1738    53     8     8  9251   321
 413 1559.5548 1193.8819    53     9     8  9214   278
 414 1579.6787 1194.5475    52     8     9  8891   242
 415 1599.7126 1195.2063    51     8     8  8938   197
 416 1619.6365 1195.8774    53     8     8  9096   183
 417 1639.4872 1196.5537    54     9     9  8884   178
 418 1659.2079 1197.2025    52     8     8  8879   150
 419 1678.8105 1197.8240    53     8     8  8879   154
 420 1698.3587 1198.4913    51     8     9  8493   136
 421 1717.7540 1199.1588    53     8     8  8700   176
 422 1737.1182 1199.7475    51     8     8  8448   137
 423 1756.3741 1200.4229    50     8     8  8193   169
 424 1775.5021 1201.0298    49     8     8  8148   159
 425 1794.5517 1201.5973    50     8     8  7893   158
 426 1813.5640 1202.2802    47     8     8  7615   204
 427 1832.4070 1202.7898    49     8     8  7613   153
 428 1851.1634 1203.4609    48     8     8  7358   193
 429 1869.6905 1204.0293    43     7     8  4859   384
 430 1416.4464 1210.6488    45     7     8  8090   449
 431 1437.2758 1211.2316    53     8     8  9996   438
 432 1458.0852 1211.8384    52     8     8  9669   424
 433 1478.7084 1212.5286    53     8     9  9373   416
 434 1499.3769 1213.1266    53     8     8  9287   396
 435 1519.8541 1213.8161    54     8     8  9299   369
 436 1540.3091 1214.4139    54     8     9  9042   372
 437 1560.5863 1215.0281    52     8     8  9029   329
 438 1580.7725 1215.6795    53     8     8  8950   310
 439 1600.8671 1216.2828    52     8     8  8862   259
 440 1620.8770 1216.9151    54     8     8  9092   233
 441 1640.7516 1217.5302    54     8     9  8832   206
 442 1660.5443 1218.1220    51     8     8  8753   216
 443 1680.2666 1218.7425    51     8     8  8646   194
 444 1699.8029 1219.3607    50     8     8  8416   231
 445 1719.3319 1219.9290    52     8     8  8579   215
 446 1738.6984 1220.5268    50     8     8  8164   187
 447 1758.0134 1221.1260    53     8     8  8361   218
 448 1777.2347 1221.6399    49     8     8  7926   208
 449 1796.3686 1222.2637    50     8     8  7849   212
 450 1815.3693 1222.7545    50     8     8  7734   222
 451 1834.3051 1223.3832    50     8     8  7533   254
 452 1853.1077 1223.8757    53     8     8  7582   211
 453 1871.6938 1224.4914    42     7     7  4763   362
 454 1396.0608 1232.0467    27     6     7  1917   470
 455 1416.8817 1232.1233    50     8     8  9254   461
 456 1437.8279 1232.7727    54     8     8  9773   458
 457 1458.7097 1233.3647    55     8     9  9632   445
 458 1479.4694 1234.0341    56     9     8  9819   435
 459 1500.1781 1234.6752    56     8     9  9644   413
 460 1520.7440 1235.1936    55     8     8  9554   404
 461 1541.2510 1235.8323    55     8     8  9522   391
 462 1561.6260 1236.3613    55     8     9  9427   353
 463 1581.8595 1236.9626    55     8     8  9576   331
 464 1602.0334 1237.5351    56     8     9  9345   318
 465 1622.1096 1238.0930    54     8     8  9444   280
 466 1642.0587 1238.6806    53     8     9  9201   290
 467 1661.8811 1239.2251    53     8     8  9162   289
 468 1681.6486 1239.7911    53     8     8  9090   270
 469 1701.3050 1240.3127    52     8     8  8851   279
 470 1720.8287 1240.8617    54     8     8  8971   220
 471 1740.3033 1241.3969    52     8     8  8584   257
 472 1759.6472 1241.8966    52     8     8  8543   283
 473 1778.9494 1242.4507    51     8     9  8271   264
 474 1798.1107 1242.9140    53     8     8  8281   272
 475 1817.1906 1243.3955    49     8     8  7543   302
 476 1836.1450 1243.8328    49     8     8  7135   284
 477 1855.0496 1244.3409    47     8     7  6575   347
 478 1873.6883 1244.7422    42     7     8  4272   418
 479 1467.5926 1254.9823    10     7     4   867   472
 480 1790.2617 1271.0777    28     6     6  3188   473
 481 1439.7000 1368.5000     6     3     3   310    -1
 482 1473.8571 1370.8571     8     3     5   414    -1
