484
   0 1552.3430  672.0262    31     3    13  1913    -1
   1 1566.2385  694.7602    48    18    13  5501    -1
   2 1601.8803  695.3338    30     7     5  3443   472
   3 1493.1177  719.3576    55     8     9  8902   458
   4 1516.9311  721.3695    62     9     9 12126   452
   5 1540.7669  723.3471    61     9     9 12263   448
   6 1925.1293  724.9851    28     6     6  4049   461
   7 1564.3246  725.2736    59     9     9 12027   444
   8 1587.9417  727.2800    56     8     9 11836   434
   9 1611.2814  729.2391    59     9     9 11867   426
  10 1634.6230  731.2081    58     9     8 11640   422
  11 1657.8162  733.1916    54     8     8 11380   428
  12 1680.8448  735.1581    54     8     8 11301   423
  13 1703.7109  737.0852    52     8     8 10973   429
  14 1726.4964  739.0330    52     9     8 10883   425
  15 1749.1535  741.0144    53     8     8 10870   419
  16 1494.0872  742.4478    59     8     9  9171   456
  17 1771.5962  742.9472    51     8     8 10635   424
  18 1517.9796  744.3849    60     9     9 12033   443
  19 1793.9497  744.8517    52     8     8 10538   409
  20 1541.9235  746.3251    61     9     9 11943   436
  21 1816.1990  746.7866    53     8     8 10484    -1
  22 1565.6667  748.2497    59     9     9 11679   439
  23 1838.2966  748.7030    50     8     8 10258    -1
  24 1589.2115  750.1797    56     9     8 11341   432
  25 1860.2363  750.6109    50     8     8 10149   465
  26 1612.8312  752.1417    55     9     8 11213   411
  27 1882.0629  752.5016    50     8     9 10047   371
  28 1636.1638  754.0808    55     8     8 11124   398
  29 1903.7732  754.3946    50     8     8 10003   351
  30 1659.4043  755.9774    53     9     8 10809   413
  31 1925.3499  756.2468    51     8     8 10104   336
  32 1682.5544  757.9015    53     9     8 10662   415
  33 1946.7772  758.1196    52     8     8  9916   314
  34 1705.5213  759.7969    52     9     8 10309   418
  35 1968.1082  759.9920    51     8     8  9521   324
  36 1728.3808  761.6808    49     8     8 10016   408
  37 1989.3464  761.8420    51     8     8  9354   340
  38 1751.0833  763.5668    50     8     8 10026   405
  39 2010.4798  763.6959    50     9     8  9172   304
  40 1773.6375  765.4540    50     8     9  9785   414
  41 2031.4064  765.5188    42     7     7  6415   421
  42 1495.0550  765.8466    56     8     8  9216   455
  43 1796.0904  767.3551    50     8     8  9780   404
  44 1519.0337  767.7185    62     9     9 12263   430
  45 1818.4164  769.2229    49     8     8  9769   394
  46 1543.0368  769.5689    59     8     9 11901   417
  47 1840.5381  771.0734    49     8     8  9750   397
  48 1566.9427  771.4511    58     8     9 11648   416
  49 1862.5562  772.9016    49     8     8  9746   393
  50 1590.6504  773.2880    60     9     9 11601   392
  51 1884.4908  774.7219    47     7     8  9444    -1
  52 1614.1917  775.1660    54     8     8 11209   391
  53 1906.2934  776.5486    49     8     8  9409   403
  54 1637.6997  777.0301    54     9     8 11059   363
  55 1927.9106  778.3920    50     8     8  9471    -1
  56 1661.0422  778.9055    55     8     8 11117   358
  57 1949.4686  780.1843    48     8     8  9447   286
  58 1684.2527  780.7712    53     8     8 10678   368
  59 1970.8275  781.9189    50     8     8  9568   384
  60 1707.3161  782.6144    50     8     8 10194   380
  61 1992.1425  783.6937    52     8     8  9668   293
  62 1730.2460  784.4364    52     8     9 10214   376
  63 2013.3535  785.5014    53     8     9  9604   383
  64 1753.0384  786.2829    51     8     8 10204   370
  65 2034.3600  787.3282    44     7     8  6722   450
  66 1775.6362  788.0915    50     8     8 10098   382
  67 1496.0409  789.1985    57     8     9  9330   453
  68 1798.2256  789.9543    52     8     8 10066   373
  69 1520.0797  791.0495    58     9     8 12234   395
  70 1820.5404  791.7422    48     8     8  9719   441
  71 1544.1579  792.9479    60     9     8 12154   388
  72 1842.8023  793.5352    48     8     8  9561   438
  73 1568.1199  794.8117    58     9     9 11771   389
  74 1864.9278  795.3721    50     8     8  9653   464
  75 1592.0006  796.6235    57     8     9 11512   362
  76 1886.9153  797.1461    51     8     8  9677   435
  77 1615.7240  798.3871    58     9     9 11366   350
  78 1908.7531  798.8685    49     8     8  9596   420
  79 1639.2112  800.1660    54     8     8 11128   347
  80 1930.5086  800.6324    47     7     8  9321   437
  81 1662.6606  801.9888    53     9     8 10913   325
  82 1952.1292  802.4097    50     8     8  9445   399
  83 1685.9528  803.7812    54     8     8 10870   305
  84 1973.5729  804.1123    50     8     8  9629   442
  85 1709.1159  805.5919    52     8     9 10471   319
  86 1994.9504  805.8059    51     8     8  9679   254
  87 1732.1354  807.3500    51     8     8 10350   338
  88 2016.2326  807.5591    50     8     8  9508    -1
  89 1755.0034  809.1489    53     8     8 10401   321
  90 2037.3397  809.3357    44     7     8  6723    -1
  91 1777.6882  810.9178    51     8     8 10240   328
  92 1800.3469  812.7035    49     8     8  9857   322
  93 1497.0370  812.9679    57     9     8  9507   451
  94 1822.7648  814.4602    50     8     9  9683   323
  95 1521.1736  814.7706    62     9     9 12589   360
  96 1845.1243  816.2138    50     8     8  9848   330
  97 1545.3598  816.4647    63     9     9 12381   361
  98 1867.3276  817.9504    50     8     8  9854   316
  99 1569.4222  818.1667    60     9     9 11967   348
 100 1889.3829  819.6578    49     8     8  9575   406
 101 1593.3395  820.0271    57     9     8 11605   343
 102 1911.3438  821.3943    48     8     8  9370   320
 103 1617.1273  821.8201    54     8     8 11383   310
 104 1933.1254  823.0799    50     8     8  9617   401
 105 1640.8310  823.5696    56     8     9 11200   318
 106 1954.7730  824.7493    50     8     8  9541    -1
 107 1664.2626  825.2103    52     8     8 10863   291
 108 1976.3520  826.4472    49     8     8  9330   294
 109 1687.6729  826.9948    53     8     8 10849   261
 110 1997.7972  828.1215    52     8     8  9750    -1
 111 1710.9200  828.7507    52     8     8 10647   275
 112 2019.1473  829.7543    52     8     8  9764   287
 113 1734.0306  830.4677    52     8     9 10406   279
 114 2040.2938  831.4611    42     7     7  6572   402
 115 1756.9782  832.1858    52     8     8 10386   244
 116 1779.7483  833.9110    52     8     8 10326   248
 117 1802.4699  835.6566    48     8     8  9783   263
 118 1498.0487  836.9013    56     8     8  9434   427
 119 1825.0014  837.3385    51     8     8  9923   273
 120 1522.2643  838.5154    63     9     9 12799   337
 121 1847.4454  839.0380    49     8     8  9954   281
 122 1546.5971  840.1713    61     9     9 12412   302
 123 1869.6555  840.7230    47     8     8  9574   301
 124 1570.7840  841.9508    59     9     8 12028   278
 125 1891.8217  842.3958    49     8     8  9524   265
 126 1594.7925  843.7188    59     9     9 11824   274
 127 1913.8355  844.0271    51     8     8  9769   240
 128 1618.6185  845.2987    59     9     9 11593   276
 129 1935.7013  845.6604    51     8     8  9588   463
 130 1642.3340  847.0284    54     9     8 11247   243
 131 1957.4994  847.3143    47     7     8  9368   282
 132 1665.9558  848.7577    53     8     8 11087   201
 133 1979.1383  848.9287    51     8     8  9718   250
 134 1689.4007  850.3629    57     9     9 10966   224
 135 2000.6620  850.5451    49     8     8  9415    -1
 136 1712.7034  852.0398    52     8     8 10771   197
 137 2022.1014  852.1779    51     8     8  9775   251
 138 2043.2756  853.7233    46     7     8  6872   354
 139 1735.9104  853.7708    52     8     8 10601   207
 140 1758.9576  855.4066    52     8     9 10360   203
 141 1781.8134  857.0542    52     8     8 10430   180
 142 1804.5870  858.7656    49     8     8 10015   193
 143 1827.2475  860.3783    50     8     8  9927   200
 144 1499.0489  860.9273    56     8     8  9545   381
 145 1849.6979  862.0072    50     8     8 10059   219
 146 1523.4003  862.5090    64     9     9 13133   262
 147 1872.0850  863.6675    51     8     8  9875   236
 148 1547.8371  864.1070    62     9     9 12550   252
 149 1894.3475  865.2482    50     8     8  9748   241
 150 1572.0327  865.8758    57     8     9 12054   237
 151 1916.4478  866.8759    49     8     8  9829   208
 152 1596.0965  867.4462    58     8     9 11894   234
 153 1938.3957  868.4485    49     8     9  9479   222
 154 1620.0831  869.0673    56     8     8 11744   216
 155 1960.2344  870.0288    51     8     8  9821   187
 156 1643.9329  870.7861    56     8     9 11479   195
 157 1981.9211  871.5970    50     8     8  9610   199
 158 1667.5965  872.2983    58     9     9 11287   188
 159 2003.5341  873.1459    49     8     8  9694   229
 160 1691.1887  873.9805    55     8     8 11244   165
 161 2025.0257  874.7090    52     8     8  9859   174
 162 1714.5936  875.6338    56     9     9 10832   177
 163 2046.3195  876.3025    45     7     8  6903   292
 164 1737.8250  877.1474    53     8     8 10758   139
 165 1760.9376  878.8286    52     8     8 10577   138
 166 1783.9276  880.4141    52     8     9 10306   106
 167 1806.7415  882.0155    52     8     8 10396   122
 168 1829.4894  883.6636    49     8     8  9914   131
 169 1500.0579  885.0337    57     9     8  9726   290
 170 1852.0831  885.1726    51     8     8 10146   141
 171 1524.5317  886.7060    64     9     9 13192   189
 172 1874.5131  886.8042    49     7     8  9919   143
 173 1548.9964  888.2267    61     8     9 12667   190
 174 1896.7959  888.3070    50     8     8  9780   152
 175 1918.9877  889.8635    51     8     8  9937   164
 176 1573.3136  889.9205    62     9     9 12399   206
 177 1941.0402  891.3799    51     8     9  9729   169
 178 1597.5208  891.4445    63     9     9 12350   172
 179 1962.9456  892.9015    52     8     8  9928   154
 180 1621.5805  893.0107    59     9     8 11882   179
 181 1984.7393  894.4038    51     8     9  9683   163
 182 1645.4982  894.6646    60     9     9 11811   142
 183 2006.4562  895.9410    50     8     8  9894   162
 184 1669.2494  896.1067    54     8     8 11354   156
 185 2027.9957  897.4102    52     8     9  9826   150
 186 1692.9277  897.7811    56     8     9 11338    80
 187 2049.3524  898.9271    48     7     8  7230   288
 188 1716.3736  899.2049    57     9     9 11115   103
 189 1739.7577  900.8791    53     8     8 10938    50
 190 1762.9783  902.3639    53     8     9 10723    59
 191 1786.0263  903.9622    55     8     8 10824    39
 192 1808.9634  905.5072    53     8     9 10447    86
 193 1831.7176  907.0116    52     8     8 10413    69
 194 1854.4249  908.5793    52     8     9 10167   100
 195 1501.0610  909.5510    61     8     9 10089   258
 196 1876.9164  910.0309    53     8     8 10322   104
 197 1525.6830  911.0755    64     9     9 13174   132
 198 1899.3384  911.5889    50     8     9  9871   118
 199 1550.1902  912.5880    62     9     9 12919   144
 200 1921.5603  913.0161    48     7     8  9960   123
 201 1574.6734  914.0831    63     9     9 12601   127
 202 1943.7040  914.4971    51     8     9  9801   105
 203 1598.9584  915.6976    60     8     9 12267   120
 204 1965.6878  915.9610    50     8     8  9971   117
 205 1623.0721  917.1093    57     8     9 12011   111
 206 1987.5885  917.3832    50     8     9  9744   110
 207 1647.0935  918.7439    59     8     9 11965    96
 208 2009.3634  918.8871    51     8     8 10078   137
 209 1670.9634  920.1271    57     8     9 11746    89
 210 2030.9788  920.2828    52     8     8 10012   129
 211 2052.4141  921.7466    48     7     8  7229   221
 212 1694.7283  921.7579    59     9     9 11607    68
 213 1718.2697  923.1096    53     8     8 11151    61
 214 1741.7361  924.7535    56     8     9 11130    31
 215 1764.9839  926.1253    54     8     8 10768    45
 216 1788.1745  927.6809    53     8     9 10267    25
 217 1811.2020  929.1122    53     8     8 10301    43
 218 1834.0593  930.6584    52     8     9 10397    28
 219 1856.7537  932.0532    53     8     8 10526    27
 220 1879.3955  933.5527    52     8     9 10211    32
 221 1502.0754  934.0869    60     8     9 10044   255
 222 1901.8427  934.9695    53     8     8 10362    58
 223 1526.7844  935.6237    66     9     9 13475   149
 224 1924.1991  936.3508    53     8     9 10177    52
 225 1551.4517  937.0735    64     9     9 12945   147
 226 1946.4379  937.8462    51     8     8 10149    75
 227 1575.9911  938.5568    62     8     9 12740   128
 228 1968.4892  939.1344    50     8     8 10022    63
 229 1789.2038  939.5941    71     9     9 14081     0
 230 1600.3227  940.0092    62     9     8 12413   115
 231 1990.4502  940.6374    53     8     9 10038    82
 232 1624.6266  941.4766    62     9     9 12514    79
 233 2012.3049  941.9730    52     8     8 10258    83
 234 1648.7361  942.9534    58     9     8 11892    60
 235 2033.9918  943.3280    54     8     9 10217    99
 236 1672.6819  944.3445    60     9     9 12040    65
 237 2055.4798  944.7630    47     7     8  7252   223
 238 1696.4972  945.8789    58     9     9 11621    29
 239 1720.1605  947.1908    57     8     9 11551    19
 240 1743.7110  948.7568    56     8     9 11335    20
 241 1767.0549  950.0743    56     8     8 11027     1
 242 1790.3058  951.6002    55     8     9 10434    24
 243 1800.6014  952.2926    31     7     7  6165   168
 244 1813.4397  952.9762    51     8     8 10355     4
 245 1836.3557  954.3422    55     8     9 10769    12
 246 1859.2267  955.8432    53     8     8 10652    10
 247 1881.8468  957.1145    54     8     8 10606     2
 248 1904.4372  958.5774    54     8     9 10423    18
 249 1503.1107  959.0067    56     8     8  9822   298
 250 1926.8414  959.9171    54     8     8 10504    21
 251 1527.9304  960.3668    65     9     9 13566   161
 252 1949.1312  961.2008    51     8     8 10258    42
 253 1552.7563  961.7868    64     9     9 13088   167
 254 1971.3068  962.6543    54     8     9 10288    48
 255 1577.3109  963.1610    63     9     9 12780   140
 256 1993.3397  963.9408    52     8     8 10350    70
 257 1601.8422  964.6100    61     9     9 12651   130
 258 2015.2297  965.1949    53     8     8 10366    88
 259 1626.1069  965.9882    56     8     8 12114   135
 260 2037.0452  966.6289    55     8     9 10433    98
 261 1650.2998  967.3334    60     9     9 12329    78
 262 2058.5530  967.9043    48     7     8  7423   212
 263 1674.3781  968.8007    61     9     9 12098    77
 264 1698.2657  970.0741    58     9     9 11791    74
 265 1722.0532  971.5141    57     8     9 11795    26
 266 1745.6956  972.9312    55     9     8 11375    38
 267 1769.1514  974.1908    57     8     9 11468    23
 268 1792.4672  975.6799    57     9     9 11112     9
 269 1815.6340  977.0029    54     8     8 10857    13
 270 1838.6764  978.2413    55     8     9 10907     8
 271 1861.6123  979.7229    56     8     9 10888     6
 272 1884.3821  980.9837    52     8     8 10640    11
 273 1906.9843  982.2449    56     8     9 10753    15
 274 1929.5275  983.6590    55     9     9 10595    30
 275 1504.0789  983.9935    56     8     8  9604   364
 276 1951.8851  984.9225    55     8     8 10690    35
 277 1529.0717  985.3205    64     9     9 13525   185
 278 1974.1181  986.1264    55     8     8 10616    64
 279 1553.9778  986.6737    63     9     9 13192   184
 280 1996.2342  987.4377    54     8     9 10489    90
 281 1578.7306  988.0181    64     9     9 12931   171
 282 2018.2388  988.8039    54     8     9 10564   101
 283 1603.2438  989.3299    63     9     9 12853   157
 284 2040.0899  989.9747    55     8     8 10722    91
 285 1627.7257  990.6951    61     9     9 12690   126
 286 2061.6337  991.1410    51     8     8  7575   210
 287 1651.9983  992.0043    57     8     9 12260   119
 288 1676.1124  993.3064    61     8     9 12460   102
 289 1700.1100  994.6586    61     8     9 12398    72
 290 1723.9805  995.9761    56     8     8 11883    92
 291 1747.6474  997.2300    60     9     9 11851    47
 292 1771.2284  998.5840    58     8     9 11791    41
 293 1794.6596  999.9246    56     9     8 11346    33
 294 1817.9027 1001.1190    56     8     9 11303    16
 295 1841.0416 1002.4451    55     8     9 11245     3
 296 1864.0576 1003.7995    56     8     9 11141    14
 297 1886.8726 1004.9970    55     8     8 11010     5
 298 1909.5951 1006.1660    54     8     9 10797     7
 299 1932.1971 1007.4780    56     8     9 10903    34
 300 1504.9479 1008.7345    56     8     8  8556   335
 301 1954.6592 1008.7866    56     8     9 10845    49
 302 1976.9803 1009.9547    56     8     8 10893    51
 303 1530.2499 1010.4345    63     9     9 13268   238
 304 1999.1510 1011.0843    55     8     8 10824    67
 305 1555.2128 1011.7361    64     9     9 13196   213
 306 2021.2251 1012.3192    56     8     9 10869   121
 307 1580.0404 1013.0178    58     8    10 12584   214
 308 2043.1713 1013.5885    57     8     9 10922    97
 309 1604.7465 1014.3126    65     9     9 13161   183
 310 2064.8397 1014.8063    51     8     8  7672   218
 311 1629.2300 1015.5731    64     9     9 13054   170
 312 1653.6483 1016.8524    63     9     9 12630   153
 313 1677.9111 1018.0865    61     9     9 12492   146
 314 1701.9711 1019.3302    61     8     9 12638   114
 315 1725.9100 1020.6162    61     8     9 12430   108
 316 1749.6978 1021.8600    60     9     9 12104    54
 317 1773.2987 1023.0352    59     9     9 11787    56
 318 1796.8305 1024.2918    59     8     9 11865    53
 319 1820.1867 1025.5662    58     8     9 11703    36
 320 1843.4194 1026.8308    57     9     9 11363    40
 321 1866.4885 1027.9820    57     9     8 11227    44
 322 1889.4187 1029.1310    58     9     9 11226    17
 323 1912.2328 1030.3388    58     8     9 11249    22
 324 1934.9206 1031.5754    56     8     9 11119    46
 325 1957.4498 1032.7867    57     9     9 11109    37
 326 1979.8596 1033.9375    55     8     8 10976    57
 327 1505.8967 1034.4030    49     8     9  5843   447
 328 2002.1142 1035.0062    56     8     8 11054    85
 329 1531.4978 1035.7606    62     9     9 12368   272
 330 2024.2466 1036.0981    58     8     9 11141    93
 331 1556.5087 1036.9763    62     9     9 12397   260
 332 2046.2672 1037.2573    61     9     9 11324   124
 333 1581.4562 1038.2521    62     9     9 12695   257
 334 2068.0214 1038.3904    53     8     9  7869   192
 335 1606.2243 1039.4705    63     9     9 13038   230
 336 1630.8474 1040.6782    64     9     9 13177   226
 337 1655.2693 1041.8759    63     9     9 12838   196
 338 1679.6491 1043.0882    64     9     9 12776   186
 339 1703.8320 1044.2660    63     9     9 12804   160
 340 1727.8576 1045.4538    61     9     9 12629   159
 341 1751.7540 1046.6387    61     9     9 12467   125
 342 1775.4706 1047.8069    62     9     9 12188   109
 343 1799.0515 1048.9810    56     8     8 11805    94
 344 1822.4754 1050.1091    59     9     9 11715    76
 345 1845.7951 1051.2543    59     8     9 11767    71
 346 1868.9648 1052.4229    58     8     9 11724    81
 347 1891.9956 1053.5904    59     8     9 11600    62
 348 1914.8905 1054.7502    60     8     9 11532    66
 349 1937.6520 1055.8637    59     9     9 11386    87
 350 1960.2522 1056.9461    55     8     8 11169    55
 351 1982.7572 1057.9957    55     8     8 11090    73
 352 2005.0829 1059.0336    56     8     8 11175    84
 353 1509.0146 1059.7423    24     5     7  2471   459
 354 2027.3076 1060.1158    60     9     9 11448   113
 355 2049.3836 1061.1870    60     9     9 11486    95
 356 1532.6937 1061.2235    58     9     9  9342   344
 357 2071.2183 1062.2399    56     8     9  8174   227
 358 1557.8978 1062.5045    60     8     9 11662   299
 359 1582.8718 1063.7024    63     9     9 12920   295
 360 1607.7154 1064.8058    65     9     9 13174   271
 361 1632.3975 1065.9695    66     9    10 13225   268
 362 1656.9997 1067.1420    61     8     9 12944   249
 363 1681.3941 1068.2467    66     9     9 13158   232
 364 1705.7039 1069.3779    64     9     9 13080   211
 365 1729.8099 1070.4839    62     9     9 12858   194
 366 1753.7930 1071.5829    63     9     9 12754   182
 367 1777.6246 1072.6951    62     9     9 12465   178
 368 1801.2518 1073.8107    61     9     9 12241   166
 369 1824.8322 1074.9270    58     8     9 11868   173
 370 1848.2001 1075.9886    56     8     8 11674   148
 371 1871.4373 1077.0537    62     9     9 11859   151
 372 1894.5623 1078.1177    60     9     9 11665   155
 373 1917.5294 1079.1704    59     9     9 11589   136
 374 1940.3858 1080.2175    59     9     9 11634   134
 375 1963.0794 1081.2223    60     8     9 11689   107
 376 1985.6654 1082.2780    62     9     9 11757   133
 377 2008.0945 1083.2760    60     8     9 11668   116
 378 2030.4037 1084.3147    63     9     9 11827   145
 379 2052.5647 1085.3258    61     9     9 11766   112
 380 2074.4326 1086.2671    56     9     9  8274   215
 381 1534.1575 1086.8099    41     7     8  4222   446
 382 1559.2539 1088.2314    58     8     9 10406   367
 383 1584.2347 1089.3284    64     9     9 13252   332
 384 1609.2246 1090.3964    65     9     9 13417   315
 385 1634.0293 1091.4785    64     8     9 13591   297
 386 1658.7009 1092.5281    64     9     9 13483   277
 387 1683.1974 1093.5820    64     9     9 13427   264
 388 1707.5932 1094.6118    65     9     9 13368   245
 389 1731.8116 1095.6862    64     9     9 13133   242
 390 1755.8903 1096.7454    63     9     9 12924   246
 391 1779.8009 1097.7835    62     9     9 12692   239
 392 1803.5391 1098.8334    64     9     9 12626   235
 393 1827.1391 1099.8788    60     8     9 12267   220
 394 1850.6571 1100.8757    61     9     9 12154   205
 395 1873.9912 1101.9166    58     8     9 11962   217
 396 1897.1563 1102.9319    58     8     9 11826   202
 397 1920.2195 1103.9219    58     9     9 11730   204
 398 1943.1577 1104.9103    60     8     9 11853   191
 399 1965.9722 1105.8789    59     8     9 11742   198
 400 1988.6222 1106.8205    60     9     9 11790   181
 401 2011.1210 1107.7786    61     8     9 11868   175
 402 2033.5108 1108.7130    62     9     9 11959   176
 403 2055.7555 1109.6777    64     9     9 12154   158
 404 2077.6981 1110.5980    57     8     9  8464   454
 405 1560.7088 1114.2008    60     9     9 10285   412
 406 1585.7261 1115.2209    66     9    10 13541   366
 407 1610.9448 1116.3472    65     9    10 12663   359
 408 1635.6668 1117.2513    68     9    10 14013   352
 409 1660.4223 1118.2401    68     9    10 13906   345
 410 1685.0260 1119.2277    64     9    10 13479   346
 411 1709.5018 1120.2125    68     9    10 13634   313
 412 1733.8393 1121.1955    65     9    10 13321   312
 413 1757.9862 1122.1655    62     8    10 13034   306
 414 1781.9886 1123.1293    62     8    10 12889   296
 415 1805.8414 1124.0920    65     9    10 12849   285
 416 1829.5098 1125.0296    65     9    10 12724   269
 417 1853.0799 1125.9804    60     8    10 12343   270
 418 1876.5121 1126.9080    63     9     9 12425   253
 419 1899.8069 1127.8496    61     9     9 12254   256
 420 1922.9523 1128.7842    60     8     9 12188   247
 421 1945.9630 1129.6926    62     8     9 12341   259
 422 1968.8461 1130.5850    63     9     9 12392   233
 423 1991.5743 1131.4758    62     9     9 12324   231
 424 2014.1738 1132.3550    64     9     9 12392   228
 425 2036.6384 1133.2488    64     9     9 12288   225
 426 2058.9814 1134.1348    64     9     9 12140   209
 427 2080.9831 1134.9863    56     8     8  8459   445
 428 1536.9793 1139.8234    47     7     9  4691   457
 429 1561.9411 1140.3830    64     9     9 12507   407
 430 1587.1457 1141.2629    69     9    10 13890   390
 431 1612.2636 1142.2216    70     9    10 14506   385
 432 1637.2992 1143.1354    71     9    10 14459   387
 433 1662.1612 1144.0397    70     9    10 14388   375
 434 1686.8528 1144.9263    70     9    10 14238   365
 435 1711.4062 1145.7872    70     9    10 14107   353
 436 1735.8199 1146.7142    69     9    10 13860   356
 437 1760.0511 1147.6459    65     9     9 13566   357
 438 1784.1398 1148.5683    66     9     9 13543   349
 439 1808.0887 1149.4978    66     9     9 13456   333
 440 1831.9102 1150.3998    65     9     9 13208   327
 441 1855.5708 1151.3091    66     9     9 13080   339
 442 1879.0774 1152.1775    61     8     9 12596   311
 443 1902.4255 1153.0144    65     9    10 12636   309
 444 1925.6840 1153.8491    65     9     9 12580   308
 445 1948.7740 1154.6857    64     9     9 12657   283
 446 1971.7355 1155.5303    65     9     9 12770   289
 447 1994.5637 1156.3779    65     9     9 12658   284
 448 2017.2443 1157.1955    64     9     9 12417   280
 449 2039.7956 1157.9881    66     9    10 12427   266
 450 2062.1862 1158.7900    66     9     9 12597   267
 451 2084.2539 1159.5833    58     8     9  8779   378
 452 1537.5786 1165.7811    64     9     9 11771   449
 453 1512.2032 1166.4361    14     5     5   919   460
 454 1563.1333 1166.6113    70    10     9 14667   440
 455 1588.5261 1167.5132    72     9     9 15289   431
 456 1613.7505 1168.4582    72    10    10 15426   410
 457 1638.8791 1169.3457    76    10    10 15623   400
 458 1663.8424 1170.1643    74    10    10 15469   396
 459 1688.6725 1170.9652    72     9    10 15282   386
 460 1713.3343 1171.7758    70     9    10 14937   379
 461 1737.8307 1172.6265    70     9     9 14785   369
 462 1762.1523 1173.5223    68     9     9 14520   377
 463 1786.3500 1174.4154    68     9     9 14339   372
 464 1810.3961 1175.2269    70     9    10 14376   374
 465 1834.2697 1175.9826    67     9    10 13954   355
 466 1858.0184 1176.7528    66    10    10 13790   334
 467 1881.6406 1177.6042    67     9     9 13899   342
 468 1905.0976 1178.4511    66     9     9 13675   341
 469 1928.4268 1179.2428    68     9    10 13607   329
 470 1951.5676 1179.9167    69     9    10 13364   331
 471 1974.6545 1180.7003    68     9     9 13625   303
 472 1997.5695 1181.4904    69     9     9 13653   300
 473 2020.3577 1182.2271    68     9    10 13319   317
 474 2042.9221 1182.8572    71    10    10 13081   326
 475 2065.4405 1183.6039    69     9     9 12875   307
 476 2087.5830 1184.3217    61     9     9  8772   433
 477 1601.0441 1193.8828     8     3     5   865    -1
 478 1989.5078 1215.3209    41     7     7  6166   470
 479 2008.8651 1218.7341     6     3     3   552    -1
 480 1579.9615 1224.1308     5     3     2   315   462
 481 2023.8143 1247.7286    13     7     4   685   473
 482 2028.5600 1277.4200    27     3    21  1400    -1
 483 2008.1657 1280.8021   116     7    41  6141    -1
