486
   0 1701.7369  467.3904   463    79    16 29901    -1
   1 1788.4984  468.9168    57    10     8  5302   448
   2 1653.0077  494.1168    92    11    10  9034   434
   3 1682.8287  497.4500    99    12    11 11828   402
   4 1712.7047  500.7409    99    12    11 12346   398
   5 1742.3245  504.0677    97    11    12 12423   395
   6 2210.1495  504.9433    17     9     2   947   461
   7 1771.8222  507.3730   101    12    11 13119   392
   8 1801.0504  510.6451    99    12    11 13611   384
   9 1830.0871  513.8835   101    12    11 14202   380
  10 2187.3418  517.1235    51     9     8  4826   444
  11 1858.9185  517.1357   100    12    11 14471   371
  12 1887.5772  520.3655    99    11    11 14591   368
  13 1655.0449  522.6788    96    12    11  9827   419
  14 1915.9981  523.5841    98    12    11 14695   366
  15 1684.9866  525.8332   103    12    11 12940   393
  16 1944.2290  526.8106    98    12    11 14648   363
  17 1715.0411  529.0700   105    12    12 13585   381
  18 1972.2054  530.0277    96    12    11 14376   361
  19 1744.8396  532.3118   100    12    11 13751   376
  20 1999.9530  533.2549    97    12    11 14344   354
  21 1774.4486  535.5469   100    11    11 14218   360
  22 2027.5155  536.4487    96    11    11 14168   353
  23 1803.8364  538.7339   101    12    11 14737   357
  24 2054.8422  539.6315    95    12    11 13807   349
  25 1833.0195  541.9034   102    12    11 15206   345
  26 2081.9957  542.7901    95    12    11 13433   351
  27 1861.9884  545.0649   103    12    12 15611   341
  28 2108.9415  545.9252    89    12    10 12763   358
  29 1890.7531  548.2157    99    12    11 15590   336
  30 2135.6926  549.0129    90    11    10 12385   367
  31 1657.0545  551.3448    99    12    11 10833   400
  32 1919.3317  551.3687   100    12    11 15716   335
  33 2162.2323  552.1158    88    11    10 11661   370
  34 1687.2193  554.4944   105    12    11 14112   362
  35 1947.6430  554.5174    99    11    11 15566   328
  36 2188.5589  555.1804    88    11    10 11074   374
  37 1717.4218  557.6289   103    12    11 14693   347
  38 1975.7450  557.6579   100    12    11 15462   326
  39 2214.7310  558.2592    84    11    10 10283   378
  40 1747.3842  560.7879   102    12    11 15253   330
  41 2003.6365  560.8285    92    11    11 14911   319
  42 2240.6947  561.3280    83    11    10  9599   382
  43 1777.1206  563.9183   106    12    12 15906   318
  44 2031.3302  563.9273    95    11    11 14897   321
  45 2266.5104  564.3489    83    11    10  9046   390
  46 2058.7582  567.0019    94    12    10 14605   320
  47 1806.6479  567.0506   102    12    12 16012   313
  48 2292.1324  567.3757    77    10    10  8162   396
  49 2086.0713  570.1092    92    12    11 14040   322
  50 1835.9645  570.1411   104    12    12 16523   309
  51 2317.4088  570.2776    64     9     9  5381   427
  52 2113.1247  573.1575    92    12    11 13661   327
  53 1865.0792  573.2182   102    12    11 16774   307
  54 2139.9894  576.1955    91    12    11 13071   331
  55 1894.0002  576.2927   103    12    11 17024   295
  56 2166.6285  579.1975    92    11    11 12470   338
  57 1922.6643  579.3426   102    12    11 17020   288
  58 1659.1667  580.3869   100    12    11 11625   387
  59 2193.0789  582.1963    88    11    10 11640   346
  60 1951.1367  582.4358   102    12    11 16979   286
  61 1689.4698  583.4233   106    12    11 15228   312
  62 2219.3393  585.1838    86    11    10 11010   350
  63 1979.3706  585.5051    99    11    11 16674   279
  64 1719.7960  586.4716   106    12    11 15935   300
  65 2245.3997  588.1265    86    11    10 10369   355
  66 2007.3786  588.5657    99    11    11 16560   280
  67 1749.9221  589.5427   107    12    11 16614   282
  68 2271.3147  591.0690    85    11    10  9702   365
  69 2035.1792  591.6175   101    12    11 16450   281
  70 1779.8069  592.6010   104    12    11 16985   264
  71 2297.0923  594.0105    81    10    10  8830   375
  72 2062.7495  594.6218    99    12    11 16023   275
  73 1809.4851  595.6360   103    12    11 17264   256
  74 2322.4278  596.8377    67     9    10  5814   407
  75 2090.1516  597.6409    98    12    11 15489   274
  76 1838.9526  598.6498   106    12    11 17736   246
  77 2117.3323  600.6148    94    11    11 14887   283
  78 1868.2007  601.6477   104    12    11 18038   244
  79 2144.3106  603.5667    95    11    11 14355   289
  80 1897.2583  604.6449   104    12    11 18239   234
  81 2171.0946  606.5028    95    12    11 13546   298
  82 1926.0667  607.6368   104    12    11 18332   241
  83 2197.6445  609.4158    93    11    11 12809   305
  84 1661.3297  609.7380   102    12    11 12471   340
  85 1954.6326  610.6143   101    12    11 18181   228
  86 2224.0133  612.2764    90    12    11 11960   314
  87 1691.7116  612.6419   108    12    11 16315   248
  88 1982.9923  613.5927   102    12    11 18121   232
  89 2250.1909  615.1578    87    11    10 11183   323
  90 1722.2415  615.6198   109    12    11 17113   235
  91 2011.1510  616.5888   101    12    11 17887   233
  92 2276.2169  618.0450    86    11    10 10467   333
  93 1752.4910  618.5946   106    13    11 17738   219
  94 2039.0563  619.5462   100    12    11 17617   221
  95 2302.0732  620.8825    82    10    10  9538   339
  96 1782.5268  621.5698   106    13    11 18248   201
  97 2066.7518  622.4632   101    12    11 17274   229
  98 2327.5132  623.6126    70     9    10  6378   391
  99 1812.3447  624.5185   106    12    11 18514   196
 100 2094.2840  625.3984   101    12    11 16816   225
 101 1841.9670  627.4493   108    12    11 18996   187
 102 2121.5659  628.2828    97    11    11 16192   230
 103 1871.3466  630.3598   106    12    11 19261   186
 104 2148.6568  631.1634    95    11    11 15405   240
 105 1900.5336  633.2731   103    12    11 19295   173
 106 2175.5540  634.0146    92    11    10 14433   247
 107 1929.4851  636.1861   104    12    12 19420   164
 108 2202.2374  636.8743    94    11    11 13763   254
 109 1958.1887  639.0722   107    12    12 19614   166
 110 1663.4509  639.3425   106    12    11 13448   271
 111 2228.7336  639.6917    89    11    11 12728   260
 112 1986.6612  641.9776   105    12    12 19383   163
 113 1694.0085  642.1848   111    12    12 17411   189
 114 2255.0088  642.4548    92    12    11 12116   268
 115 2014.9435  644.8830   104    12    12 19197   172
 116 1724.6866  645.0686   115    12    12 18346   161
 117 2281.1587  645.2381    88    11    11 11232   291
 118 2042.9909  647.7733   102    12    11 18788   165
 119 1755.0828  647.9462   111    12    12 18967   143
 120 2307.1264  648.0402    86    11    10 10400   301
 121 2070.8075  650.6053   102    12    11 18428   180
 122 2332.6409  650.6706    73    10    10  6921   364
 123 1785.2544  650.8137   110    12    12 19445   144
 124 2098.4498  653.4413    98    11    11 17741   176
 125 1815.2364  653.6829   107    12    11 19674   129
 126 2125.8451  656.2552    99    12    11 17264   178
 127 1844.9701  656.5348   110    12    11 20253   116
 128 2153.0850  659.0512    96    12    11 16353   191
 129 1874.5093  659.3710   105    13    11 20283   123
 130 2180.0999  661.8438    99    12    11 15708   190
 131 1903.8376  662.1892   108    12    12 20618   106
 132 2206.8661  664.5816    98    12    11 14800   198
 133 1932.9235  665.0067   107    12    12 20631   104
 134 2233.4663  667.2943    95    11    11 13906   207
 135 1961.7576  667.8136   107    12    12 20675   105
 136 1665.6292  669.2987   106    12    12 14060   243
 137 2259.8860  670.0182    90    12    10 12837   218
 138 1990.3800  670.6447   104    12    11 20399   109
 139 1696.3190  672.0332   115    12    12 18388   122
 140 2286.1448  672.7532    90    11    11 12056   226
 141 2018.7481  673.4323   105    12    11 20233   112
 142 1727.1347  674.7893   112    12    12 19062    97
 143 2312.2103  675.3994    88    11    11 11111   245
 144 2046.9000  676.2276   102    12    11 19760   119
 145 1757.7093  677.5801   109    12    11 19677    82
 146 2337.8581  678.0197    73    10    10  7375   324
 147 2074.8924  679.0106   105    12    12 19426   107
 148 1788.0265  680.4172   111    12    11 20352    70
 149 2102.6327  681.7653   102    12    11 18874   120
 150 1818.1501  683.1801   111    12    12 20733    59
 151 2130.1999  684.5016   102    12    11 18398   126
 152 1848.0370  685.9289   110    12    12 20986    64
 153 2157.5134  687.1878    98    11    11 17462   132
 154 1877.7120  688.6640   108    12    11 21255    62
 155 2184.6329  689.9041    97    11    11 16510   137
 156 1907.1580  691.4057   109    12    11 21509    54
 157 2211.5556  692.5616    98    11    11 15701   142
 158 1936.3896  694.1442   108    12    12 21362    53
 159 2238.2771  695.1826    95    11    11 14630   157
 160 1965.3709  696.8570   106    12    12 21138    60
 161 2264.8040  697.8675    91    11    11 13610   160
 162 1667.7694  699.5194   105    12    11 14522   255
 163 1994.1113  699.5924   105    12    11 21048    56
 164 2291.1686  700.4670    93    11    11 12896   177
 165 1698.6674  702.2038   117    13    12 19084   150
 166 2022.6035  702.3063   103    12    11 20664    69
 167 2317.3440  703.0600    90    11    10 11918   200
 168 1729.6246  704.8580   117    13    12 19899   102
 169 2050.9094  705.0173   105    12    12 20418    63
 170 2343.0960  705.5989    77    10    10  7974   296
 171 1760.3311  707.5534   111    13    11 20366    76
 172 2079.0255  707.7027   105    12    11 20131    67
 173 1790.8270  710.3065   111    12    12 20913    46
 174 2106.8653  710.3514   102    12    11 19585    74
 175 1821.0791  712.9611   115    12    12 21531    30
 176 2134.5394  713.0084   101    12    12 18967    73
 177 1851.1037  715.6114   111    12    12 21740    20
 178 2162.0179  715.6442   102    12    11 18334    83
 179 2189.2488  718.2247   103    12    11 17513    86
 180 1880.9254  718.3007   112    12    12 22078    15
 181 2216.2910  720.8383    98    12    11 16360    96
 182 1910.5279  720.9146   112    13    12 22111    24
 183 2243.1247  723.3783    99    12    11 15465   103
 184 1939.8572  723.5574   108    12    11 22017    22
 185 2269.7551  725.9623    94    12    11 14360   130
 186 1968.9795  726.2199   109    12    12 21829    12
 187 2296.2452  728.4739    95    11    11 13557   153
 188 1997.8457  728.8180   108    12    12 21509    23
 189 1669.9723  730.0912   113    12    12 15220   287
 190 2322.5305  730.9981    93    11    10 12612   185
 191 2026.4972  731.4633   105    12    11 21161    27
 192 1701.0030  732.6399   117    12    12 19508   167
 193 2348.3919  733.4554    80    11    11  8394   266
 194 2054.9245  734.0806   105    12    12 20765    29
 195 1732.1304  735.2776   115    12    12 20226   125
 196 2083.1634  736.6890   103    12    11 20516    32
 197 1762.9987  737.8511   115    12    12 21065    92
 198 2111.1521  739.2494   106    12    11 20358    38
 199 1793.6511  740.4837   114    13    11 21428    57
 200 2138.9398  741.8108   105    12    11 19765    41
 201 1824.0509  743.0689   115    12    12 21854    40
 202 2166.5012  744.3310   103    12    11 18994    49
 203 1854.2086  745.5940   113    12    12 22099    26
 204 2193.8905  746.8654   104    12    11 18109    58
 205 1884.1802  748.2047   112    12    12 22386     8
 206 2221.0256  749.3431   103    12    11 17145    77
 207 1913.9108  750.7138   112    12    12 22507     3
 208 2248.0111  751.8560    99    12    11 15946    91
 209 1943.3977  753.3111   111    13    12 22350     0
 210 2274.7248  754.2703    97    12    11 15026   111
 211 1972.6434  755.8238   109    12    12 22073     1
 212 2301.3546  756.7614    95    11    11 14074   133
 213 2001.6209  758.3794   105    12    11 21530     2
 214 2327.7376  759.1355    96    11    11 13129   156
 215 2030.4386  760.8630   101    12    12 19734     4
 216 1672.1718  760.9429   112    12    12 15493   310
 217 2353.7262  761.5453    81    10    11  8771   252
 218 2059.0519  763.4154   107    12    11 20747     6
 219 1703.3740  763.4438   119    13    12 19851   195
 220 2087.3589  765.9377   104    12    12 20701     9
 221 1734.6810  765.9402   120    13    12 20847   145
 222 2115.4713  768.4230   104    12    11 20563    21
 223 1765.7124  768.4641   117    13    12 21357   108
 224 2143.3732  770.8878   103    12    12 19916    28
 225 1796.4715  770.9593   119    13    12 21960    89
 226 2171.0743  773.3346   106    12    11 19506    34
 227 1827.0407  773.4615   114    12    12 21920    61
 228 2032.3939  775.7092   129    13    12 23600     5
 229 2198.5602  775.7659   103    12    11 18413    50
 230 1857.3557  775.9311   117    13    12 22410    47
 231 2225.8291  778.1533    99    12    11 17204    52
 232 1887.4696  778.4267   112    13    11 22426    33
 233 2252.9262  780.5515   103    12    11 16520    79
 234 1917.3400  780.8376   117    13    12 22821    19
 235 2279.8073  782.9385   100    12    11 15338    94
 236 1946.9744  783.3407   113    12    12 22649    11
 237 2306.5146  785.2682    95    11    11 14294   115
 238 1976.3522  785.7367   113    13    12 22478     7
 239 2333.0233  787.6530   100    12    11 13530   134
 240 2005.4369  788.2339   109    13    12 21675    10
 241 2359.0981  789.9102    82    10    10  9024   237
 242 2034.3639  790.6872   101    11    11 19380    14
 243 2047.2480  791.8754    69    11    10 12044    13
 244 1674.4511  792.1964   113    12    12 15884   348
 245 2063.1609  793.1172   109    12    12 20780    18
 246 1705.8185  794.5592   120    13    13 20312   250
 247 2091.5721  795.4946   109    13    11 21446    17
 248 1737.2461  796.9451   120    13    12 21204   210
 249 2119.8120  797.8730   110    12    12 21014    16
 250 1768.4185  799.3761   118    13    12 21713   174
 251 2147.8532  800.2760   107    12    11 20333    25
 252 1799.3439  801.7605   120    13    12 22159   147
 253 2175.6685  802.6195   106    12    11 19623    31
 254 1830.0815  804.1949   117    12    12 22161   127
 255 2203.3068  804.9313   105    12    12 18544    42
 256 1860.5623  806.5398   116    13    12 22327   101
 257 2230.6795  807.2445   103    12    11 17573    45
 258 1890.7989  808.9031   115    12    12 22641    87
 259 2257.9047  809.5467   103    12    11 16661    66
 260 1920.8277  811.3183   116    12    12 22783    75
 261 2284.9054  811.8472   104    12    11 15675    88
 262 1950.5780  813.6167   113    13    12 22601    55
 263 2311.6926  814.0833    99    12    11 14514    98
 264 1980.0989  816.0179   113    12    12 22645    48
 265 2338.3199  816.3340    96    11    11 13474   136
 266 2009.3751  818.3768   110    13    12 22380    43
 267 2364.5080  818.5814    87    11    11  9214   213
 268 2038.4264  820.6881   112    13    12 22147    36
 269 2067.2584  823.0803   110    12    12 21799    39
 270 1676.6696  823.6653   114    13    12 16071   386
 271 2095.8538  825.3713   109    12    11 21485    35
 272 1708.2285  825.9946   123    13    12 21286   299
 273 2124.2290  827.6263   107    12    11 20934    37
 274 1739.8445  828.2998   121    13    12 21762   277
 275 2152.3835  829.9268   108    12    12 20273    44
 276 1771.1574  830.5864   121    13    13 22213   242
 277 2180.3226  832.1974   108    12    12 19618    51
 278 1802.2511  832.8852   120    13    12 22338   215
 279 2208.0651  834.4163   107    12    11 18726    65
 280 1833.1328  835.2277   119    12    12 22283   194
 281 2235.5762  836.6335   103    12    11 17516    78
 282 1863.7857  837.5068   119    13    13 22427   171
 283 2262.9197  838.8338   105    12    11 16596    84
 284 1894.1330  839.7442   118    12    12 22731   152
 285 2290.0271  841.0220   103    12    12 15457    95
 286 1924.2970  842.0384   119    13    12 22897   135
 287 2316.9329  843.1884   101    12    11 14550   118
 288 1954.2040  844.3269   114    12    12 22535   114
 289 2343.6774  845.3496    97    11    11 13374   138
 290 1983.8479  846.5313   113    12    12 22306    99
 291 2369.9485  847.4784    84    10    11  9025   227
 292 2013.2894  848.7803   115    12    12 22551    90
 293 2042.4756  851.0755   115    13    12 22379    85
 294 2071.4170  853.3302   113    13    12 21982    81
 295 1678.8751  855.4498   112    12    12 16634   399
 296 2100.1606  855.4979   110    12    11 21471    72
 297 2128.6539  857.6672   110    12    12 20947    68
 298 1710.6694  857.7642   125    13    12 22616   342
 299 2156.9188  859.8681   110    12    12 20277    71
 300 1742.4331  859.9388   123    13    12 22747   317
 301 2185.0170  862.0610   110    12    12 19492    80
 302 1773.9399  862.1603   121    12    12 22555   304
 303 2212.8757  864.2092   112    12    12 18609    93
 304 1805.1692  864.3629   119    13    12 22093   278
 305 2240.5241  866.3259   105    12    11 17405   100
 306 1836.1946  866.5629   120    13    13 22015   259
 307 2267.9686  868.4132   104    12    11 16467   124
 308 1866.9788  868.7418   118    12    12 22209   238
 309 2295.2123  870.5114   103    12    11 15412   139
 310 1897.5445  870.9277   121    13    12 22614   216
 311 2322.2603  872.6011   101    12    11 14382   159
 312 1927.8577  873.1103   118    12    12 22529   204
 313 2349.1134  874.6778   100    12    11 13371   182
 314 1957.8861  875.2886   117    12    12 22262   183
 315 2375.5059  876.7278    87    11    11  9077   265
 316 1987.6818  877.4314   119    13    12 22009   162
 317 2017.2284  879.5330   116    12    12 22054   149
 318 2046.5513  881.6783   117    13    12 22184   140
 319 2075.6282  883.8211   113    13    12 21693   128
 320 2104.5114  885.9568   115    13    12 21324   117
 321 1681.0892  887.5193   111    12    11 16358   415
 322 2133.1546  888.0860   112    12    12 20696   110
 323 1713.1881  889.7461   122    13    12 23730   377
 324 2161.5387  890.1820   112    13    12 20057   113
 325 1745.0642  891.8833   121    12    12 23347   359
 326 2189.7522  892.2393   109    12    12 19086   121
 327 1776.7579  894.0483   123    13    12 22741   343
 328 2217.7465  894.2874   106    12    11 18048   131
 329 1808.1537  896.1655   120    12    12 22168   329
 330 2245.5122  896.2994   106    13    11 17147   141
 331 1839.3141  898.2501   124    13    12 22019   315
 332 2273.1029  898.3017   107    12    11 16267   154
 333 2300.4559  900.2904   102    11    11 15061   179
 334 1870.2414  900.3354   121    13    12 21812   297
 335 2327.6080  902.2751   102    12    11 14116   197
 336 1900.9668  902.4213   121    12    13 22010   272
 337 2354.5577  904.2484   100    11    11 13089   224
 338 1931.3998  904.4867   120    13    13 21923    -1
 339 2381.0271  906.0787    86    10    11  8874   306
 340 1961.5849  906.5478   119    13    12 21901    -1
 341 1991.5442  908.6040   118    13    12 21745    -1
 342 2021.2199  910.6254   119    12    12 21933    -1
 343 2050.6729  912.6630   114    13    12 21643    -1
 344 2079.8725  914.6746   114    12    12 21345    -1
 345 2108.8745  916.6837   114    12    12 20962   417
 346 1685.5108  918.0789    23     5     7  1796   445
 347 2137.6454  918.6897   112    12    12 20308   414
 348 2166.2017  920.6604   113    12    12 19730   413
 349 1715.8395  921.0420    95    11    12 11925   385
 350 2194.5248  922.6260   110    13    12 18762   409
 351 1747.8678  924.1508   120    12    13 21823   388
 352 2222.6507  924.5842   110    12    11 17946   403
 353 1779.5805  926.2719   126    13    13 22970   379
 354 2250.5641  926.5233   108    12    11 16910   404
 355 1811.1211  928.2583   123    12    13 21775    -1
 356 2278.2588  928.4495   105    12    11 15860   406
 357 1842.4644  930.2672   124    13    12 21425    -1
 358 2305.7239  930.3672   104    12    11 14830   408
 359 2333.0111  932.2581   103    12    11 13834   410
 360 1873.5889  932.2621   122    13    12 21302    -1
 361 2360.0707  934.1278   104    12    12 12935   412
 362 1904.4096  934.2221   123    13    12 21471   458
 363 2386.6715  935.9180    85    11    10  8583   433
 364 1935.0091  936.1904   119    12    12 21420   457
 365 1965.3302  938.1575   120    13    12 21478   456
 366 1995.4234  940.1172   122    13    12 21555   442
 367 2025.2526  942.0560   118    13    12 21387   439
 368 2054.8379  943.9810   118    12    12 21329   438
 369 2084.1831  945.8986   117    12    12 20958   435
 370 2113.3235  947.7750   116    13    12 20471   431
 371 2142.2248  949.6580   116    12    12 19970   430
 372 2170.8855  951.5495   111    12    12 19031   423
 373 2199.3561  953.4522   110    12    11 18206   422
 374 2227.6250  955.3298   110    12    12 17381   418
 375 1750.8396  956.9430   117    12    12 18883    -1
 376 2255.6478  957.1223   109    12    12 16428   420
 377 1782.4407  958.8691   124    13    12 22455   446
 378 2283.4739  958.8860   104    11    12 15255   421
 379 2311.0657  960.6450   104    12    11 14339   424
 380 1814.2378  960.7935   124    13    12 20771   443
 381 2338.4666  962.4821   103    11    11 13475   425
 382 1845.7011  962.6865   128    13    13 20940   440
 383 2365.6565  964.2844   100    11    11 12387   428
 384 1876.9273  964.5362   124    12    13 20559   436
 385 2392.3580  965.9559    83    11    10  8171   441
 386 1907.9106  966.3598   122    12    13 20436   432
 387 1938.6716  968.2206   123    13    12 20706   253
 388 1969.1220  970.0831   121    12    12 20800   222
 389 1999.3546  971.9338   123    13    12 20914   208
 390 2029.3216  973.7555   122    13    12 20807   192
 391 2059.0513  975.5977   118    12    12 20429   168
 392 2088.5416  977.4303   117    13    12 19992   155
 393 2117.8138  979.2329   117    12    12 19803   151
 394 2146.8442  981.0051   116    12    12 19362   146
 395 2175.6395  982.7385   113    12    12 18499   148
 396 2204.2331  984.4950   110    12    11 17416   158
 397 2232.6295  986.2977   111    12    12 16729   175
 398 2260.7799  987.9569   112    12    12 16000   193
 399 2288.7137  989.6033   106    12    11 14760   202
 400 1753.3887  990.1072   124    13    12 20982   452
 401 2316.4718  991.3832   104    11    11 13827   294
 402 1785.3538  991.8259   125    13    13 20775   447
 403 2343.9735  993.0668   107    12    12 13012    -1
 404 1817.2400  993.5973   126    13    13 20018   369
 405 2371.2676  994.6685   101    11    11 11929    -1
 406 1848.8977  995.3207   123    12    13 19577   344
 407 2398.0724  996.3182    86    10    11  8089    -1
 408 1880.2819  997.0725   125    13    12 19663   325
 409 1911.4407  998.8850   124    13    12 19630   308
 410 1942.3366 1000.6440   126    13    13 19833   290
 411 1972.9541 1002.3232   122    12    13 19731   251
 412 2003.3260 1004.0742   121    13    12 19818   239
 413 2033.4513 1005.8227   123    13    12 19901   217
 414 2063.2996 1007.5382   122    13    13 19580   203
 415 2092.9225 1009.2435   117    12    12 19207   188
 416 2122.3399 1010.9323   117    13    12 18907   169
 417 2151.4982 1012.5946   114    13    12 18235   170
 418 2180.4400 1014.2973   113    13    12 17616   181
 419 2209.1309 1015.9135   116    12    12 16983   184
 420 2237.6968 1017.5236   109    12    11 15777   199
 421 2265.9932 1019.1834   114    12    12 15397   209
 422 1691.3508 1019.6725   102    12    12 10206   429
 423 2294.0141 1020.6684   110    12    12 14150   223
 424 1723.3801 1021.7879   127    13    12 20765   411
 425 2321.9478 1022.3690   104    12    11 12972   273
 426 1755.9525 1023.3700   130    12    13 20335   401
 427 2349.5450 1023.8666   103    11    12 12256    -1
 428 1788.2748 1025.0207   131    13    13 19063   394
 429 2376.9423 1025.4627   102    12    11 11431    -1
 430 1820.3252 1026.7973   128    13    13 18674   383
 431 2403.8466 1026.9537    86    10    11  7635    -1
 432 1852.1593 1028.4055   127    13    13 18421   372
 433 1883.7268 1030.0488   124    13    12 18471   352
 434 1915.0282 1031.7437   124    12    13 18574   337
 435 1946.0326 1033.2968   123    12    13 18653   311
 436 1976.8278 1034.9741   121    12    12 18738   293
 437 2007.3422 1036.6174   124    13    13 18779   269
 438 2037.5985 1038.1845   121    13    12 18717   249
 439 2067.6103 1039.8358   121    13    12 18600   231
 440 2097.3499 1041.3931   119    13    13 18098   220
 441 2126.9025 1042.9835   117    12    12 17946   206
 442 2156.2169 1044.5564   117    12    13 17360   212
 443 2185.2780 1046.1243   115    12    12 16870   211
 444 2214.1359 1047.6195   115    12    12 16027   205
 445 2242.7840 1049.1725   112    12    12 15163   214
 446 2271.2091 1050.6118   110    12    12 14267   236
 447 2299.4162 1052.1610   107    11    12 13282   257
 448 2327.4095 1053.5708   104    11    11 12305   292
 449 1693.2983 1054.0827   121    12    12 13723   437
 450 2355.1583 1055.1003   106    12    12 11679    -1
 451 1725.9268 1055.6193   133    13    13 18220   426
 452 2382.6780 1056.5095    98    11    11 10596    -1
 453 1758.7060 1057.1120   131    13    13 17621   416
 454 2409.6889 1057.9272    85    10    12  7162    -1
 455 1791.2134 1058.7640   127    13    13 17282   405
 456 1823.4173 1060.2543   132    13    13 17688   397
 457 1855.3948 1061.8755   128    13    13 17464   389
 458 1887.1062 1063.3570   127    12    13 17517   373
 459 1918.5957 1064.9346   125    13    12 17494   356
 460 1949.7918 1066.3945   124    12    13 17607   334
 461 1980.7054 1067.9613   124    13    12 17731   316
 462 2011.3436 1069.4266   126    13    13 17779   302
 463 2041.7588 1070.9616   119    12    12 17570   285
 464 2071.8973 1072.4414   124    12    13 17678   270
 465 2101.7948 1073.9357   119    12    12 17297   261
 466 2131.4783 1075.3754   119    13    13 16797   258
 467 2160.9259 1076.8522   116    12    12 16510   262
 468 2190.1503 1078.2823   115    12    12 15866   263
 469 2219.1398 1079.7051   117    12    12 15290   267
 470 2247.8716 1081.0910   114    12    12 14308   276
 471 2276.4934 1082.4926   107    11    11 13334   284
 472 2304.7955 1083.8383   111    12    12 12883   303
 473 2332.9359 1085.2979   107    12    12 11865   332
 474 2360.7775 1086.5716   100    11    11 10781    -1
 475 2388.4423 1087.9271   101    11    12  9854    -1
 476 2415.6168 1089.2958    80     9    11  6311   460
 477 1863.8273 1107.1687    11     4     4  1048   450
 478 1820.8564 1108.0639    12     6     3  1077   459
 479 1860.3473 1110.6671    20     8     7  1766    -1
 480 2350.4595 1121.0628   421    84    15 26093   451
 481 2297.5401 1126.4809    69     9    10  6220   449
 482 2321.4091 1130.9343     7     3     3   449    -1
 483 1799.9196 1176.3919   209     8    53 11606    -1
 484 1786.3522 1176.9794   212     9    52 11791    -1
 485 1772.6534 1177.0196   213     8    54 11797    -1
