481
   0 1364.0035  954.9504     8     2     4   682   483
   1 1387.4949  955.3696    10     4     3   891   480
   2 1616.0080  970.2471    15     4     5  1691   479
   3 1310.3287  974.7374    29     6     6  2874   472
   4 1327.0125  975.7063    32     6     7  4324   467
   5 1640.5451  976.1101    29     8     5  1827   482
   6 1343.4291  976.6507    35     7     7  4782   465
   7 1359.9612  977.5568    33     6     7  4976   458
   8 1376.2788  978.5220    36     7     7  5353   456
   9 1392.7369  979.4283    35     7     7  5405   445
  10 1408.9756  980.3888    34     6     7  5413   440
  11 1425.1377  981.3208    36     7     7  5534   436
  12 1441.3697  982.2701    35     7     7  5434   422
  13 1457.5154  983.2015    34     7     7  5405   413
  14 1473.5655  984.1681    33     7     6  5374   406
  15 1489.5235  985.1284    34     7     6  5406   410
  16 1505.3949  986.0862    35     7     6  5462   396
  17 1521.2048  987.0564    34     7     6  5433   382
  18 1536.9996  988.0293    32     6     6  5405   350
  19 1552.7460  988.9925    34     7     6  5363   341
  20 1568.3296  989.9405    33     7     6  5264   338
  21 1583.9302  990.8865    33     6     6  5262   373
  22 1310.4861  990.9802    31     7     6  3570   470
  23 1599.4029  991.8060    33     7     6  5111   361
  24 1327.0764  991.9544    32     6     6  5328   461
  25 1614.8480  992.7222    32     6     6  4939   376
  26 1343.7126  992.9413    35     7     6  5410   454
  27 1630.1913  993.6505    30     6     6  4516   393
  28 1360.1331  993.8626    32     6     6  5296   452
  29 1645.5027  994.5845    31     7     6  4178   415
  30 1376.6964  994.8500    37     7     7  5501   435
  31 1660.7520  995.5230    28     6     6  3789   430
  32 1393.0515  995.7615    33     6     7  5360   431
  33 1675.9417  996.4560    29     6     6  3655   443
  34 1409.3310  996.6839    35     7     7  5437   432
  35 1691.1544  997.4358    25     6     6  2419   464
  36 1425.7027  997.5449    36     7     7  5455   421
  37 1441.9188  998.4621    34     6     7  5425   420
  38 1458.0064  999.3682    34     6     7  5424   386
  39 1474.0629 1000.2651    34     6     7  5429   398
  40 1490.0626 1001.1777    33     6     6  5404   384
  41 1506.0309 1002.1305    33     6     6  5436   404
  42 1521.9442 1003.0749    32     6     6  5373   327
  43 1537.7782 1004.0267    34     7     6  5395   323
  44 1553.4835 1004.9544    35     7     6  5394   284
  45 1569.1414 1005.8769    32     6     6  5222   348
  46 1584.7963 1006.8037    34     7     6  5207   322
  47 1310.6960 1007.4224    33     7     7  3660   469
  48 1600.2968 1007.7008    33     7     6  5071   362
  49 1327.1853 1008.3188    36     7     7  5530   457
  50 1615.8013 1008.5697    33     7     7  4966   351
  51 1343.9076 1009.1826    36     6     7  5559   447
  52 1631.1669 1009.4159    32     6     7  4893   365
  53 1360.4466 1010.1163    36     7     6  5561   449
  54 1646.5279 1010.2931    33     7     6  4908   360
  55 1376.9610 1011.0676    32     6     6  5483   433
  56 1661.8404 1011.1735    30     6     6  4820   378
  57 1393.3696 1011.9891    34     7     6  5519   427
  58 1677.0102 1012.0762    32     6     6  4722   392
  59 1409.8477 1012.9635    34     7     6  5594   401
  60 1692.2359 1013.0150    29     6     6  3112   442
  61 1426.0865 1013.8707    32     6     6  5530   403
  62 1442.3175 1014.7875    34     7     7  5557   407
  63 1458.5496 1015.6350    36     7     7  5569   363
  64 1474.7155 1016.4941    35     7     7  5500   364
  65 1490.7681 1017.3526    35     7     7  5529   301
  66 1506.7437 1018.2308    35     7     7  5546   374
  67 1522.6536 1019.1577    33     7     6  5419   332
  68 1538.4790 1020.0689    35     7     6  5517   270
  69 1554.2355 1020.9808    35     7     6  5519   261
  70 1569.9877 1021.9103    33     6     6  5425   259
  71 1585.6308 1022.7889    36     7     6  5355   276
  72 1601.1881 1023.6534    36     7     7  5301   208
  73 1310.8476 1024.0672    30     6     6  3672   468
  74 1616.7270 1024.4675    36     7     7  5214   314
  75 1327.3975 1024.9099    34     7     6  5552   451
  76 1632.1440 1025.2872    33     6     7  5080   313
  77 1344.0770 1025.8461    35     6     7  5625   429
  78 1647.5746 1026.1549    33     7     6  5055   343
  79 1360.7789 1026.7067    38     7     7  5737   428
  80 1662.9018 1027.0347    32     6     6  5062   342
  81 1377.2013 1027.5712    36     7     7  5693   423
  82 1678.1208 1027.9026    30     6     6  4667   354
  83 1393.8043 1028.3548    36     7     7  5720   419
  84 1693.4007 1028.6855    27     6     6  3021   448
  85 1410.1016 1029.1983    35     7     7  5711   389
  86 1426.5620 1030.1061    34     7     6  5650   379
  87 1442.9082 1031.0297    32     6     6  5642   380
  88 1459.0573 1031.9351    32     6     6  5650   344
  89 1475.2097 1032.8348    33     7     6  5605   321
  90 1491.3000 1033.7164    35     7     7  5645   257
  91 1507.3373 1034.5401    35     7     7  5586   309
  92 1523.2885 1035.3380    37     7     7  5628   271
  93 1539.1646 1036.1664    34     7     6  5543   282
  94 1555.0200 1037.0646    33     6     6  5575   267
  95 1570.8282 1037.9725    34     7     6  5512   252
  96 1586.4673 1038.8513    34     7     6  5401   232
  97 1602.0977 1039.6991    32     6     7  5207   220
  98 1617.6684 1040.4730    35     7     7  5236   227
  99 1310.9922 1040.6926    30     6     6  3676   466
 100 1633.1274 1041.2645    33     6     6  5166   293
 101 1327.6522 1041.4664    37     7     7  5837   439
 102 1648.5891 1042.1081    33     7     6  5151   288
 103 1344.2433 1042.2625    39     7     7  5924   434
 104 1663.9729 1042.9721    32     6     6  5148   302
 105 1360.9637 1043.1155    33     6     6  5650   411
 106 1679.2057 1043.8118    30     6     6  4694   340
 107 1377.5998 1044.0457    36     7     6  5769   408
 108 1694.4502 1044.5547    26     5     6  2946   438
 109 1394.0775 1044.9274    32     6     6  5685   397
 110 1410.5827 1045.8215    37     7     7  5863   369
 111 1427.0064 1046.6284    34     6     7  5734   357
 112 1443.2905 1047.4261    37     7     7  5826   346
 113 1459.6550 1048.2024    34     7     7  5706   331
 114 1475.8657 1049.0913    33     7     6  5724   229
 115 1491.9692 1049.9807    32     6     6  5686   260
 116 1508.0215 1050.8741    33     6     6  5702   242
 117 1524.0215 1051.6892    34     6     7  5658   159
 118 1539.9577 1052.4622    34     6     7  5589   205
 119 1555.8386 1053.2351    33     6     7  5504   290
 120 1571.6287 1054.1034    33     7     6  5495   197
 121 1587.3238 1054.9640    34     7     6  5508   212
 122 1603.0352 1055.8195    33     6     6  5400   163
 123 1618.6225 1056.5885    35     7     7  5277   187
 124 1311.0266 1057.2576    30     6     6  3773   459
 125 1634.1218 1057.3310    33     6     7  5201   198
 126 1327.8626 1058.1143    36     7     7  5832   424
 127 1649.6316 1058.1258    33     7     6  5207   206
 128 1665.0387 1058.9677    32     6     6  5222   238
 129 1344.5460 1059.0055    36     7     6  5818   394
 130 1680.3171 1059.7908    32     7     6  4836   295
 131 1361.1747 1059.8878    35     7     6  5811   395
 132 1695.5210 1060.5234    26     6     5  2966   414
 133 1377.9464 1060.7192    35     6     7  5829   387
 134 1394.4503 1061.4706    37     7     7  5936   372
 135 1410.9691 1062.2113    35     6     7  5879   333
 136 1427.4142 1063.0468    36     7     6  5904   306
 137 1443.8931 1063.9644    34     7     6  5852   285
 138 1460.1165 1064.8101    36     6     7  5899   263
 139 1476.3530 1065.5897    35     7     7  5776   180
 140 1492.5960 1066.3140    35     7     7  5783   230
 141 1508.6993 1067.1243    34     7     6  5730   184
 142 1524.7506 1068.0027    35     7     6  5792   146
 143 1540.7393 1068.8802    34     7     6  5674   149
 144 1556.6106 1069.6221    36     7     7  5642   126
 145 1572.4380 1070.3553    36     7     7  5593   161
 146 1588.1742 1071.1052    34     7     6  5583   135
 147 1603.9244 1071.9766    33     6     6  5538   117
 148 1619.5495 1072.7990    36     7     6  5475   118
 149 1635.1220 1073.5235    34     6     7  5324   181
 150 1311.0830 1074.1244    32     6     6  4015   462
 151 1650.6576 1074.2185    33     7     6  5241   169
 152 1327.9963 1074.9951    33     6     6  5823   412
 153 1666.1048 1075.0296    33     6     6  5311   136
 154 1344.8342 1075.8383    36     7     7  5956   402
 155 1681.4292 1075.8409    34     7     6  5003   203
 156 1696.6726 1076.5541    27     6     6  3088   391
 157 1361.5053 1076.5694    37     7     7  5998   366
 158 1378.1142 1077.2681    37     7     7  6002   375
 159 1394.8807 1078.0963    33     7     6  5816   349
 160 1411.3449 1078.9391    35     7     6  5870   286
 161 1427.9379 1079.7954    35     6     7  5924   266
 162 1444.2766 1080.5291    37     7     7  5977   283
 163 1460.7131 1081.2175    35     7     7  5898   125
 164 1476.9705 1082.0430    32     6     6  5821   170
 165 1493.1418 1082.8893    33     7     6  5824   191
 166 1509.2858 1083.7069    35     7     7  5825    80
 167 1525.4040 1084.3955    36     7     7  5789   103
 168 1541.4290 1085.1080    36     7     6  5826   185
 169 1557.3704 1085.9611    35     7     6  5777    88
 170 1573.2404 1086.8049    34     7     7  5649    38
 171 1589.0646 1087.4977    35     6     7  5629   164
 172 1604.8434 1088.1764    32     6     6  5438   139
 173 1620.5113 1088.9876    34     7     6  5521    67
 174 1636.1323 1089.7903    31     6     6  5281   100
 175 1651.6933 1090.4600    36     7     7  5400   131
 176 1311.2053 1091.0020    32     6     6  4040   453
 177 1667.1680 1091.1548    34     7     6  5336   178
 178 1328.0960 1091.9074    34     6     7  5915   390
 179 1682.5686 1091.9540    33     7     6  5016   140
 180 1344.9968 1092.6418    37     6     7  6073   336
 181 1697.8786 1092.6794    29     6     6  3267   304
 182 1361.8112 1093.3014    36     7     7  6019   339
 183 1378.5153 1094.0676    35     7     6  5934   329
 184 1395.1201 1094.9215    35     7     6  5999   222
 185 1411.8627 1095.7156    37     7     7  6099   258
 186 1428.2697 1096.3942    38     7     7  6125   225
 187 1444.8469 1097.1059    34     7     6  5932   128
 188 1461.1454 1097.9311    34     7     6  5936   154
 189 1477.5156 1098.7431    37     7     7  6004   142
 190 1493.8389 1099.3727    36     7     7  5925    83
 191 1509.9728 1100.1048    33     6     6  5817    87
 192 1526.0813 1100.9329    32     6     6  5737   112
 193 1542.1383 1101.7415    35     7     7  5850    27
 194 1558.1159 1102.3868    35     6     7  5778    55
 195 1574.0631 1103.0886    33     6     6  5724   168
 196 1589.9616 1103.9231    33     6     6  5682    17
 197 1605.7670 1104.6479    36     7     7  5601    28
 198 1621.4685 1105.2694    38     7     7  5643   116
 199 1637.1201 1106.0283    33     6     6  5506    58
 200 1652.7521 1106.8255    34     7     6  5405    47
 201 1668.2657 1107.4535    36     7     7  5368    77
 202 1311.3687 1107.9853    33     7     6  4065   446
 203 1683.7082 1108.1231    31     7     6  4951   196
 204 1328.2376 1108.8598    38     7     7  6244   388
 205 1699.1017 1108.9093    30     6     6  3418   318
 206 1345.1421 1109.5516    38     7     7  6223   330
 207 1362.0120 1110.1836    35     6     7  6074   289
 208 1378.8848 1111.0207    35     7     6  6048   279
 209 1395.5332 1111.8077    38     7     7  6171   237
 210 1412.1247 1112.4549    37     7     7  6156   223
 211 1428.8276 1113.1195    37     7     7  6105   127
 212 1445.2411 1113.9322    35     7     6  6003   176
 213 1461.8025 1114.6961    38     7     7  6128    97
 214 1478.0507 1115.3044    36     6     7  6053    69
 215 1494.3997 1116.0285    35     7     6  5818    92
 216 1510.6949 1116.8422    36     7     6  5704    60
 217 1526.8756 1117.5195    36     7     7  5844    18
 218 1542.9314 1118.1717    34     6     7  5849    81
 219 1558.9707 1118.9740    33     6     6  5827    21
 220 1574.9627 1119.7414    35     6     7  5835     7
 221 1590.8517 1120.3135    34     6     7  5652    61
 222 1606.6722 1121.0429    35     7     6  5705    20
 223 1622.4167 1121.8331    34     7     6  5552    16
 224 1638.1146 1122.4094    35     6     7  5502    72
 225 1653.7858 1123.0818    34     7     6  5483    85
 226 1669.3660 1123.8615    34     7     6  5410    95
 227 1684.8323 1124.4549    34     6     7  5073   101
 228 1510.9836 1125.0164    36     6     6  6690    89
 229 1311.4988 1125.0627    33     7     6  4131   437
 230 1700.2535 1125.1392    27     6     6  3204   325
 231 1328.4362 1125.8857    38     7     7  6339   328
 232 1345.4051 1126.5715    37     7     7  6369   316
 233 1362.2593 1127.1704    38     7     7  6332   294
 234 1379.0847 1127.9574    34     7     6  6097   202
 235 1395.9497 1128.7357    37     7     7  6195   268
 236 1412.6381 1129.3198    37     7     7  6179   102
 237 1429.1601 1130.0128    35     7     6  6093   124
 238 1445.8642 1130.8309    35     7     7  6075   152
 239 1462.2186 1131.4359    38     7     7  6207    68
 240 1478.7348 1132.0858    36     7     6  6047    45
 241 1495.0379 1132.8949    33     6     6  5816    36
 242 1511.2281 1133.6332    34     7     7  5588    24
 243 1518.4389 1133.8018    24     6     6  3655    79
 244 1527.5747 1134.1325    35     7     7  5764    49
 245 1543.7298 1134.9603    35     7     6  5906     0
 246 1559.8137 1135.6180    38     7     7  6034    43
 247 1575.7857 1136.1961    36     7     7  5874    10
 248 1591.7307 1136.9633    35     7     6  5799    14
 249 1607.6005 1137.6361    38     7     7  5809    29
 250 1623.3838 1138.1710    37     7     7  5741    31
 251 1639.1429 1138.9409    34     7     6  5601    71
 252 1654.8662 1139.5789    36     7     7  5579    59
 253 1670.4524 1140.1172    35     7     6  5486   129
 254 1685.9731 1140.8974    33     6     6  5188    99
 255 1701.4155 1141.5105    26     5     6  3015   297
 256 1311.7654 1142.2149    34     7     7  4296   409
 257 1328.7317 1143.0070    37     7     6  6446   317
 258 1345.7046 1143.7106    39     7     7  6598   311
 259 1362.6402 1144.2856    36     7     7  6300   195
 260 1379.4364 1145.0080    37     7     6  6236   251
 261 1396.2257 1145.7347    37     7     7  6221   171
 262 1412.9924 1146.2814    36     6     7  6183   133
 263 1429.7376 1147.0227    35     7     6  6068   123
 264 1446.2523 1147.7435    35     7     7  6082    93
 265 1462.8611 1148.2863    37     7     7  6142    70
 266 1479.2465 1148.9814    35     7     6  6046     6
 267 1495.7242 1149.7492    38     7     7  6070    84
 268 1511.9861 1150.2748    35     6     7  5951     3
 269 1528.2131 1150.9837    35     7     6  5912    23
 270 1544.4184 1151.7106    37     7     7  6015    15
 271 1560.5864 1152.2270    36     7     7  5954     4
 272 1576.6185 1152.9778    36     7     6  5894    26
 273 1592.6173 1153.6208    39     7     7  5958    11
 274 1608.5246 1154.1293    36     7     7  5776    41
 275 1624.3663 1154.9000    35     7     6  5700    64
 276 1640.1399 1155.4640    36     7     7  5630    40
 277 1655.9027 1156.0613    33     6     6  5511    51
 278 1671.5846 1156.7933    38     7     7  5610    96
 279 1687.0666 1157.2577    33     6     7  5104   143
 280 1702.5291 1157.9144    28     6     6  3292   370
 281 1311.8072 1159.6024    31     6     7  4118   416
 282 1328.9051 1160.1709    38     7     7  6729   287
 283 1345.9255 1160.9204    35     7     7  6457   262
 284 1362.9136 1161.5125    38     7     7  6545   234
 285 1379.8386 1162.0905    38     7     7  6425   165
 286 1396.6763 1162.8586    38     7     7  6398   214
 287 1413.4175 1163.4195    39     7     7  6473   141
 288 1430.0873 1164.0238    35     7     7  6175   106
 289 1446.8695 1164.7651    37     7     7  6278   137
 290 1463.3261 1165.2759    39     7     7  6327    39
 291 1479.9148 1165.9807    33     6     6  5946    98
 292 1496.2737 1166.6595    36     7     7  6096    35
 293 1512.7027 1167.1728    36     7     7  6063    30
 294 1528.9861 1167.9081    34     6     7  5995     8
 295 1545.1519 1168.4885    37     7     7  6108     5
 296 1561.3551 1169.0422    36     7     6  5996     1
 297 1577.4436 1169.7882    38     7     7  6032    13
 298 1593.4995 1170.2637    38     7     7  5967    19
 299 1609.4521 1170.9499    35     7     6  5780    50
 300 1625.3445 1171.5569    36     7     7  5704     9
 301 1641.1696 1172.0671    34     7     6  5622    66
 302 1656.9856 1172.7813    34     6     7  5561    86
 303 1672.6855 1173.2303    37     7     7  5602   130
 304 1688.2278 1173.9168    33     7     6  5184   182
 305 1703.7311 1174.4618    29     6     7  3311   320
 306 1311.9322 1176.9132    32     6     6  4395   425
 307 1329.0213 1177.5572    37     6     7  6864   307
 308 1346.0523 1178.1098    36     7     7  6705   275
 309 1363.0916 1178.8186    38     7     7  6662   243
 310 1380.0577 1179.3290    37     7     7  6512   217
 311 1396.9951 1179.9949    34     6     6  6232   188
 312 1413.8852 1180.6457    37     7     7  6388   218
 313 1430.6474 1181.1601    37     7     7  6266   134
 314 1447.2576 1181.8534    38     7     7  6289   115
 315 1463.9427 1182.3837    36     6     7  6135   104
 316 1480.4573 1182.9994    36     7     6  6041    78
 317 1496.9667 1183.6570    36     6     7  6107    75
 318 1513.3198 1184.1328    38     7     7  6189    22
 319 1529.7344 1184.8780    37     7     7  6120    73
 320 1545.9833 1185.3637    36     6     7  6085    32
 321 1562.1544 1185.9838    34     7     6  5925    42
 322 1578.2865 1186.6195    36     7     7  5968     2
 323 1594.3828 1187.0713    36     7     6  5863    34
 324 1610.3903 1187.7977    36     7     7  5831    56
 325 1626.3177 1188.2094    38     7     7  5871    76
 326 1642.2272 1188.9047    35     7     6  5662   110
 327 1658.0209 1189.3839    35     6     7  5643    48
 328 1673.8002 1189.9814    34     7     6  5508   150
 329 1689.3751 1190.5528    36     7     7  5266   148
 330 1704.9883 1191.0519    30     6     6  3466   358
 331 1312.0300 1194.3244    30     6     6  4302   417
 332 1329.1711 1194.9663    36     7     6  6956   335
 333 1346.2915 1195.5485    39     7     7  7005   281
 334 1363.3906 1196.0810    38     7     7  6699   277
 335 1380.4144 1196.7460    38     7     7  6619   226
 336 1397.3389 1197.2351    39     7     7  6661   228
 337 1414.1950 1197.9058    38     7     7  6415   179
 338 1431.0371 1198.4103    38     7     7  6404   175
 339 1447.8538 1199.0202    35     7     6  6137   147
 340 1464.4523 1199.6203    38     7     7  6304   167
 341 1481.0320 1200.1074    34     6     7  5997    54
 342 1497.6084 1200.7908    39     7     7  6266   138
 343 1514.0131 1201.2316    36     6     7  6166    37
 344 1530.4069 1201.9094    37     7     7  6083    90
 345 1546.7896 1202.3735    37     7     7  6125    53
 346 1563.0007 1202.9729    34     6     6  5946    25
 347 1579.1467 1203.5505    37     7     7  6048    12
 348 1595.2727 1204.0279    36     7     6  5909    33
 349 1611.3335 1204.6611    36     7     7  5854    65
 350 1627.3210 1205.0708    37     7     7  5834    44
 351 1643.2383 1205.7294    37     7     7  5790   121
 352 1659.0873 1206.1338    35     7     7  5641   158
 353 1674.9324 1206.8093    35     6     7  5584   192
 354 1690.5521 1207.1591    37     7     7  5417   231
 355 1706.1894 1207.8325    30     6     6  3509   385
 356 1312.3555 1211.8711    30     6     6  4386   444
 357 1329.3808 1212.4629    39     7     7  7262   337
 358 1346.5984 1213.0037    37     7     6  6950   334
 359 1363.7349 1213.5966    39     7     7  7024   315
 360 1380.8116 1214.0806    38     7     7  6705   291
 361 1397.8205 1214.7159    39     7     7  6702   298
 362 1414.7183 1215.1757    38     7     7  6476   216
 363 1431.5376 1215.8039    38     7     7  6389   213
 364 1448.2722 1216.2499    39     7     7  6445   156
 365 1465.0137 1216.8787    35     6     7  6107   173
 366 1481.7107 1217.3372    38     7     7  6205   108
 367 1498.1960 1217.9490    35     7     6  6026   122
 368 1514.7749 1218.4333    38     7     7  6247    63
 369 1531.1164 1218.9875    34     7     6  5967    62
 370 1547.5297 1219.5148    39     7     7  6221    82
 371 1563.8494 1220.0244    34     7     6  5899    52
 372 1580.0401 1220.5814    36     6     7  5988    91
 373 1596.1711 1221.0243    35     7     6  5845    46
 374 1612.2660 1221.6232    37     7     7  5892    57
 375 1628.3252 1222.0285    36     7     6  5753    74
 376 1644.2795 1222.6220    37     7     7  5768   109
 377 1660.1853 1223.0369    35     7     6  5630   111
 378 1676.0347 1223.5955    35     6     7  5582   119
 379 1691.7241 1224.0354    34     7     6  5275   186
 380 1707.3844 1224.6052    31     6     7  3384   269
 381 1312.6353 1229.5535    28     6     7  3698   463
 382 1329.6106 1230.0255    35     7     6  6867   359
 383 1346.8662 1230.6148    37     7     7  7101   371
 384 1363.9870 1231.0852    35     6     7  6808   300
 385 1381.0502 1231.6739    38     7     7  6787   324
 386 1398.0791 1232.1146    36     7     7  6507   219
 387 1415.0579 1232.7164    38     7     7  6498   274
 388 1432.0010 1233.1276    35     6     7  6235   193
 389 1448.9001 1233.7384    37     7     7  6296   244
 390 1465.6210 1234.1603    38     7     7  6221   153
 391 1482.2466 1234.7420    37     7     7  6160   155
 392 1498.9338 1235.1657    35     6     7  6061   105
 393 1515.4009 1235.7638    38     7     7  6218   132
 394 1531.9413 1236.1752    35     6     7  6017   107
 395 1548.2893 1236.7614    37     7     7  6088   145
 396 1564.6637 1237.1537    36     7     7  5953    94
 397 1580.9493 1237.7374    37     7     7  6063   144
 398 1597.0883 1238.1189    35     7     7  5867   120
 399 1613.2507 1238.6987    37     7     7  5901   177
 400 1629.3263 1239.0512    37     7     7  5805   160
 401 1645.3131 1239.6275    38     7     7  5838   157
 402 1661.2805 1240.0127    36     7     6  5668   151
 403 1677.1377 1240.5109    37     7     7  5692   215
 404 1692.9021 1240.9660    34     6     6  5333   201
 405 1708.5247 1241.3535    29     6     7  3313   450
 406 1312.5345 1247.2216    24     5     6  2619   460
 407 1329.8352 1247.8290    34     6     7  6542   405
 408 1347.0552 1248.2136    36     6     7  7103   356
 409 1364.2319 1248.7858    39     7     7  7108   347
 410 1381.4286 1249.2151    38     7     7  6776   312
 411 1398.5202 1249.7448    39     7     7  6742   319
 412 1415.5523 1250.1836    40     7     7  6574   305
 413 1432.4838 1250.7226    39     7     7  6460   256
 414 1449.3296 1251.1250    38     7     7  6313   210
 415 1466.1145 1251.6820    39     7     7  6313   199
 416 1482.9284 1252.0870    37     7     7  6143   183
 417 1499.5603 1252.6189    39     7     7  6342   166
 418 1516.0846 1253.0373    35     7     7  6042   162
 419 1532.6778 1253.5337    39     7     7  6286   174
 420 1549.0734 1253.9897    35     7     6  5969   172
 421 1565.4696 1254.4272    39     7     7  6166   113
 422 1581.8383 1254.9373    36     7     7  5932   204
 423 1598.0296 1255.3041    36     6     7  5935   114
 424 1614.2253 1255.8378    39     7     7  5947   190
 425 1630.3237 1256.1572    38     7     7  5859   189
 426 1646.3884 1256.7138    36     7     7  5706   200
 427 1662.3798 1257.0270    36     7     6  5627   246
 428 1678.2711 1257.5390    38     7     7  5696   236
 429 1694.0733 1257.9604    34     6     6  5290   240
 430 1709.7454 1258.2843    31     6     7  3506   475
 431 1330.0585 1265.6096    35     6     7  6414   418
 432 1347.2797 1266.0364    38     7     7  7116   399
 433 1364.6287 1266.4513    39     7     7  7061   377
 434 1381.8312 1266.9421    36     7     7  6546   368
 435 1398.9507 1267.3709    38     6     7  6593   353
 436 1416.0075 1267.8555    35     6     7  6197   345
 437 1432.9825 1268.2529    37     6     7  6289   292
 438 1449.9245 1268.7721    37     7     7  6234   299
 439 1466.7777 1269.1595    39     7     7  6246   265
 440 1483.4982 1269.6561    39     7     7  6300   249
 441 1500.1461 1270.0382    36     7     7  6064   209
 442 1516.8724 1270.5256    38     7     7  6202   250
 443 1533.3643 1270.9659    38     7     7  6006   194
 444 1549.9210 1271.3521    38     7     7  6111   239
 445 1566.2922 1271.8330    37     7     7  5946   207
 446 1582.6888 1272.1675    37     7     7  5913   224
 447 1598.9801 1272.6629    36     6     7  5870   273
 448 1615.1705 1273.0116    35     7     7  5671   211
 449 1631.3355 1273.4286    39     7     7  5872   247
 450 1647.4540 1273.8976    37     7     7  5696   264
 451 1663.5066 1274.1632    37     7     7  5662   221
 452 1679.4390 1274.6821    38     7     7  5668   241
 453 1695.2338 1274.9873    34     7     6  5213   310
 454 1711.0045 1275.3602    31     6     7  3439   474
 455 1330.2860 1283.3417    34     6     7  5629   455
 456 1312.7778 1283.7315     9     4     4   558   473
 457 1347.6004 1283.8489    39     7     7  6453   441
 458 1364.9268 1284.2380    39     7     7  6725   426
 459 1382.0463 1284.7725    38     7     7  6769   400
 460 1399.2036 1285.1541    39     7     7  6741   367
 461 1416.3742 1285.5764    40     7     7  6754   355
 462 1433.3888 1285.9952    40     7     8  6497   352
 463 1450.3728 1286.4021    39     7     7  6629   326
 464 1467.2315 1286.8389    39     7     7  6441   303
 465 1484.0709 1287.2063    37     7     7  6317   254
 466 1500.8858 1287.6713    37     7     7  6352   296
 467 1517.5324 1288.0369    40     7     8  6327   233
 468 1534.0825 1288.4200    37     7     7  6274   253
 469 1550.6896 1288.8712    38     7     7  6224   245
 470 1567.1030 1289.2034    38     7     7  6215   235
 471 1583.5440 1289.6559    39     7     7  6204   248
 472 1599.9118 1289.9965    37     7     8  5971   255
 473 1616.1062 1290.3017    37     7     7  5885   272
 474 1632.3566 1290.7814    37     7     7  5833   280
 475 1648.4893 1291.0174    36     7     7  5536   278
 476 1664.5934 1291.3608    36     7     7  5249   308
 477 1680.5450 1291.8231    37     7     7  4920   383
 478 1696.4077 1291.9776    32     7     6  4276   381
 479 1712.2763 1292.4353    29     6     7  2733   471
 480 1641.1367 1314.5702    16     4     5  1612   477
