492
   0 2517.3704  201.6296    12     4     5   654   481
   1 2504.1323  203.1903    37    13    11  2005    -1
   2 2518.9762  209.7381     5     2     3   271    -1
   3 2492.5938  214.5625    15     7     4   782    -1
   4 2508.2956  243.3032   191    14    39 18187   480
   5 1294.7485 1037.7840     6     2     3   469   478
   6 1512.3184 1049.7040     8     3     3   802   477
   7 1552.6696 1053.7515   317    47    24 21139    -1
   8 1249.1681 1055.0325    22     6     6  1793   472
   9 1263.4391 1055.6906    22     5     5  2595   466
  10 1277.5068 1056.5360    23     5     5  3067   457
  11 1291.5716 1057.3602    24     5     6  3310   455
  12 1305.6677 1057.9401    26     6     6  3638   439
  13 1319.7129 1058.6521    26     6     6  3700   429
  14 1333.7005 1059.4796    25     6     5  3604   420
  15 1347.6867 1060.2933    28     6     6  3741   390
  16 1361.6251 1060.9106    26     6     6  3643   389
  17 1375.5331 1061.5906    24     5     6  3528   405
  18 1389.4349 1062.4522    22     5     5  3420   353
  19 1403.1683 1063.2560    26     6     6  3591   252
  20 1416.7874 1063.8793    26     6     6  3562   341
  21 1430.5076 1064.5765    24     5     6  3447   351
  22 1444.1785 1065.4266    25     6     5  3483   299
  23 1457.6281 1066.2175    25     6     6  3420   266
  24 1471.2493 1066.8063    26     6     6  3386   262
  25 1484.5978 1067.5277    22     5     5  3267   366
  26 1498.1060 1068.3474    24     6     5  3271   297
  27 1511.4494 1068.9982    25     5     6  3205   331
  28 1249.0097 1069.2103    24     6     6  2391   470
  29 1524.6715 1069.6326    22     5     5  2902   398
  30 1263.3932 1069.7709    26     6     6  3434   454
  31 1538.0205 1070.4394    23     6     5  2685   382
  32 1277.5039 1070.5249    24     5     5  3528   447
  33 1551.2862 1071.1756    22     5     5  2438   416
  34 1291.5989 1071.3813    26     6     6  3616   428
  35 1564.3501 1071.7868    21     5     5  2124   444
  36 1305.7620 1072.0288    28     6     6  3747   426
  37 1577.6226 1072.4326    20     5     5  1579   469
  38 1319.8463 1072.6953    27     6     6  3695   427
  39 1333.9164 1073.4914    26     6     5  3639   396
  40 1347.9572 1074.2692    28     6     6  3688   377
  41 1361.8522 1074.8901    26     6     6  3574   373
  42 1375.7077 1075.5925    25     6     5  3542   344
  43 1389.5783 1076.4396    24     5     5  3435   312
  44 1403.4554 1077.1717    25     5     6  3492   245
  45 1417.2241 1077.7515    28     6     6  3571   275
  46 1430.8060 1078.5164    25     6     5  3446   235
  47 1444.5202 1079.3492    24     5     6  3382   198
  48 1458.1390 1079.9453    25     6     6  3336   237
  49 1471.5940 1080.5750    22     5     5  3248   306
  50 1485.2293 1081.4075    25     6     5  3326   226
  51 1498.5782 1082.0849    26     5     6  3321   189
  52 1511.9777 1082.6538    25     6     5  3226   301
  53 1248.9194 1083.3497    23     6     5  2354   468
  54 1525.4031 1083.4567    22     5     5  3134   334
  55 1263.3600 1084.0954    27     6     6  3535   449
  56 1538.6155 1084.1453    25     5     6  3181   321
  57 1277.5218 1084.6479    25     5     6  3636   415
  58 1551.8932 1084.6844    24     6     5  3120   384
  59 1565.1576 1085.4584    24     6     5  2809   414
  60 1291.6392 1085.5017    24     6     5  3564   431
  61 1578.2637 1086.0629    20     5     5  1842   464
  62 1305.8817 1086.2245    29     6     6  3842   419
  63 1320.0011 1086.8355    29     6     6  3805   400
  64 1334.1421 1087.5364    26     6     5  3664   363
  65 1348.2120 1088.3483    27     6     6  3697   361
  66 1362.1344 1088.9967    27     6     6  3645   355
  67 1376.0405 1089.6112    27     6     6  3644   332
  68 1389.8855 1090.4294    26     6     5  3567   247
  69 1403.6770 1091.1019    28     6     6  3648   322
  70 1417.5098 1091.6638    24     5     6  3446   283
  71 1431.3478 1092.4758    25     6     5  3477   160
  72 1444.9331 1093.2177    26     6     6  3436   182
  73 1458.5201 1093.7546    25     5     6  3438   225
  74 1472.1819 1094.5245    25     6     5  3369   161
  75 1485.5912 1095.2985    25     5     6  3344   179
  76 1499.1615 1095.8325    27     6     6  3344   276
  77 1512.5307 1096.5292    23     5     5  3238   271
  78 1525.9417 1097.2835    25     6     6  3181   269
  79 1248.7959 1097.6051    23     6     5  2397   465
  80 1539.3109 1097.8012    25     6     6  3159   357
  81 1263.3783 1098.3783    26     6     6  3503   424
  82 1552.5395 1098.5000    23     5     5  3151   326
  83 1277.5093 1098.9568    26     5     6  3774   409
  84 1565.7617 1099.2344    23     6     6  2686   387
  85 1291.6838 1099.5925    26     6     6  3721   410
  86 1579.0012 1099.7409    18     4     5  1726   458
  87 1305.9998 1100.3992    27     6     6  3781   380
  88 1320.1948 1101.0778    27     6     6  3768   348
  89 1334.3324 1101.6370    26     6     6  3651   317
  90 1348.4163 1102.4418    24     6     5  3554   310
  91 1362.3827 1103.1366    26     6     6  3661   202
  92 1376.3723 1103.6796    26     6     6  3611   255
  93 1390.3002 1104.4524    25     6     5  3582   151
  94 1404.0911 1105.1605    26     6     6  3577   172
  95 1417.8007 1105.7125    26     6     6  3578   209
  96 1431.5597 1106.4929    24     5     5  3445   138
  97 1445.3809 1107.2101    25     5     6  3492   104
  98 1458.9526 1107.7210    27     6     6  3513   135
  99 1472.5450 1108.4871    24     5     5  3376   129
 100 1486.1865 1109.1723    26     6     6  3418   155
 101 1499.6044 1109.6386    23     5     6  3257   190
 102 1513.1586 1110.4297    25     6     5  3312   123
 103 1526.5185 1111.0534    25     5     6  3252   207
 104 1539.8427 1111.6015    25     6     5  3240   243
 105 1248.8003 1111.9060    23     5     6  2352   462
 106 1553.2785 1112.3750    24     6     5  3168   257
 107 1263.3482 1112.5395    24     6     5  3426   438
 108 1566.4511 1112.8859    24     5     6  2817   330
 109 1277.4938 1113.3505    26     5     6  3722   395
 110 1579.7018 1113.4394    21     5     5  1957   446
 111 1291.7707 1113.8802    27     6     6  3825   383
 112 1306.0794 1114.5464    26     6     5  3756   372
 113 1320.3294 1115.3425    26     6     6  3738   314
 114 1334.4403 1115.8872    26     5     6  3730   278
 115 1348.5025 1116.5240    24     5     5  3575   287
 116 1362.5203 1117.3322    25     5     6  3610   256
 117 1376.5260 1117.8174    25     5     6  3632   193
 118 1390.4966 1118.5090    24     5     5  3533   136
 119 1404.4118 1119.3031    25     5     6  3596   103
 120 1418.2717 1119.8047    29     6     6  3728   115
 121 1431.9921 1120.5074    26     6     5  3586    74
 122 1445.6541 1121.2343    28     6     6  3632   108
 123 1459.4560 1121.7083    25     5     6  3478   121
 124 1473.0947 1122.4462    25     6     5  3426    90
 125 1486.6014 1123.0935    27     6     6  3500   114
 126 1500.2382 1123.6048    25     6     5  3320   163
 127 1513.6102 1124.3903    25     6     5  3310   109
 128 1527.1418 1124.8986    26     6     6  3257   250
 129 1540.5087 1125.5194    23     5     5  3213   215
 130 1553.8795 1126.2197    25     6     6  3134   270
 131 1248.6905 1126.4068    22     5     5  2323   467
 132 1567.1709 1126.6709    22     6     5  2674   402
 133 1263.2949 1127.0052    28     6     6  3696   407
 134 1580.4766 1127.3970    21     5     5  1992   442
 135 1277.5322 1127.5690    25     5     6  3669   381
 136 1291.8389 1128.3263    29     6     6  3949   356
 137 1306.1915 1128.8910    29     6     6  3959   365
 138 1320.4502 1129.5046    25     6     5  3659   230
 139 1334.5152 1130.2690    25     5     6  3692   279
 140 1348.6243 1130.7412    27     6     6  3796   289
 141 1362.6776 1131.4925    25     6     5  3638   165
 142 1376.7219 1132.1160    29     6     6  3843    92
 143 1390.6787 1132.6489    26     6     6  3684   133
 144 1404.5963 1133.4313    26     6     6  3615    75
 145 1418.5277 1133.9842    26     5     6  3648    39
 146 1432.4325 1134.5491    25     6     5  3533    80
 147 1446.1965 1135.3100    26     6     6  3590    44
 148 1459.7993 1135.7879    26     6     6  3572   101
 149 1473.5067 1136.4960    23     5     5  3393    55
 150 1487.1806 1137.1512    26     6     6  3482    73
 151 1500.6332 1137.5927    24     6     5  3347   188
 152 1514.3172 1138.3775    24     6     5  3290   131
 153 1527.6672 1138.7999    26     6     6  3351   205
 154 1541.2033 1139.4705    25     6     5  3252   210
 155 1554.5261 1140.0931    25     5     6  3204   260
 156 1567.7830 1140.5817    24     6     5  2815   375
 157 1248.6983 1140.6392    23     5     6  2436   448
 158 1581.0625 1141.2292    20     5     5  1864   445
 159 1263.3132 1141.4488    25     6     5  3573   385
 160 1277.5335 1142.0570    26     5     6  3871   307
 161 1291.8801 1142.6147    28     6     6  3928   311
 162 1306.3008 1143.3527    27     6     6  3855   259
 163 1320.5088 1143.8617    26     5     6  3813   154
 164 1334.6217 1144.5292    24     6     5  3632   288
 165 1348.8414 1145.1746    28     6     6  3834   126
 166 1362.9485 1145.6918    28     6     6  3819   157
 167 1377.0846 1146.4001    27     6     6  3743   150
 168 1391.0559 1146.9678    28     6     6  3760    83
 169 1404.9773 1147.5476    26     6     5  3655   122
 170 1418.8821 1148.2408    29     6     6  3753    91
 171 1432.6780 1148.7038    26     6     6  3631    35
 172 1446.5118 1149.4579    24     5     5  3480     4
 173 1460.3514 1150.0150    27     6     6  3618    40
 174 1473.9893 1150.5605    26     6     5  3499    23
 175 1487.5844 1151.2614    25     5     6  3417    36
 176 1501.3282 1151.6662    26     6     6  3424   130
 177 1514.7571 1152.4101    26     6     5  3346    62
 178 1528.3820 1152.8595    27     6     6  3375   191
 179 1541.7063 1153.4815    24     6     5  3202   186
 180 1555.2582 1154.0802    25     6     6  3177   239
 181 1568.5135 1154.5411    22     5     5  2802   309
 182 1581.8629 1155.2509    20     5     5  1835   434
 183 1248.6205 1155.4677    22     5     5  2370   460
 184 1263.2679 1155.9272    29     6     6  3833   374
 185 1277.5359 1156.5238    26     6     5  3781   316
 186 1292.0008 1157.1817    29     6     6  4014   303
 187 1306.3894 1157.6506    26     6     6  3804   146
 188 1320.5511 1158.3897    26     6     6  3765   223
 189 1334.7931 1158.8550    27     6     6  3871   152
 190 1349.0774 1159.5024    26     6     5  3754    78
 191 1363.2619 1160.1637    27     6     6  3815   102
 192 1377.3704 1160.6124    26     6     6  3685    45
 193 1391.3877 1161.3631    27     6     6  3754     9
 194 1405.3732 1161.7992    28     6     6  3726    11
 195 1419.3221 1162.4508    25     6     5  3566     6
 196 1433.1580 1163.0656    26     6     6  3572    32
 197 1446.9109 1163.5641    26     6     5  3578    25
 198 1460.6528 1164.2524    28     6     6  3658    14
 199 1474.4843 1164.6541    26     5     6  3526    63
 200 1488.2133 1165.3854    26     6     6  3473    15
 201 1501.7497 1165.8037    26     6     6  3463    82
 202 1515.4224 1166.4572    23     5     5  3277    46
 203 1528.9016 1166.9557    26     6     6  3332   111
 204 1542.4537 1167.5097    23     5     5  3202   137
 205 1555.8424 1168.0915    27     6     6  3257   231
 206 1569.3015 1168.5586    23     5     5  2772   302
 207 1582.5915 1169.2597    19     5     5  1824   408
 208 1248.7267 1169.8716    24     5     6  2532   418
 209 1263.2673 1170.4938    26     6     5  3724   342
 210 1277.5454 1171.1009    27     6     6  3996   200
 211 1292.0306 1171.6017    28     6     6  4016   199
 212 1306.4416 1172.3049    25     5     6  3802   232
 213 1320.6695 1172.7510    27     6     6  3904   206
 214 1335.0404 1173.4188    27     6     6  3863   120
 215 1349.2958 1173.9555    29     6     6  3953   107
 216 1363.4598 1174.4879    24     5     5  3591    37
 217 1377.5130 1175.1094    26     5     6  3768    33
 218 1391.5542 1175.5758    25     5     6  3611    61
 219 1405.5613 1176.2805    27     6     6  3651     2
 220 1419.5523 1176.6037    24     5     6  3438    22
 221 1433.4823 1177.4136    25     5     6  3506     0
 222 1447.4229 1177.8476    26     5     6  3584     3
 223 1461.2535 1178.4489    25     6     5  3522    12
 224 1474.9267 1178.9619    28     6     6  3617    29
 225 1488.5774 1179.5362    24     5     5  3384    18
 226 1502.3741 1180.1218    26     6     6  3468    42
 227 1515.9113 1180.5646    25     6     5  3324    81
 228 1529.5160 1181.1940    25     5     6  3309    88
 229 1543.0431 1181.5848    26     6     5  3270   125
 230 1556.5248 1182.2540    25     5     6  3226   184
 231 1569.9009 1182.6213    24     6     5  2799   281
 232 1583.3161 1183.2401    22     5     5  1981   440
 233 1419.6165 1183.8950    34     6     6  4396    19
 234 1248.6019 1184.5257    22     5     5  2464   437
 235 1263.2253 1185.1938    28     6     6  3879   333
 236 1277.5667 1185.6532    27     6     6  3987   197
 237 1292.1372 1186.2936    28     6     6  4060   212
 238 1306.5069 1186.7461    26     5     6  3901    87
 239 1320.7928 1187.4106    28     6     6  3938   113
 240 1335.2167 1187.8927    29     6     6  4009    60
 241 1349.4590 1188.4691    25     5     5  3643    95
 242 1363.5919 1188.9556    27     6     6  3841    65
 243 1377.6962 1189.5342    25     6     5  3646    54
 244 1391.8744 1190.0733    30     6     6  3909    24
 245 1405.9031 1190.5715    27     6     6  3657     1
 246 1419.8857 1191.2705    27     6     6  3463    10
 247 1426.0141 1191.3666    17     5     5  2237    17
 248 1433.8445 1191.6304    27     6     6  3582     5
 249 1447.7150 1192.2962    28     6     6  3637     7
 250 1461.5794 1192.6600    25     5     6  3531    48
 251 1475.4437 1193.3701    25     5     6  3490    58
 252 1489.2032 1193.7231    28     6     6  3560    38
 253 1502.8495 1194.3810    28     6     6  3500    51
 254 1516.5104 1194.7414    25     5     6  3371    50
 255 1530.1865 1195.3832    24     6     5  3238   128
 256 1543.6417 1195.7371    25     6     6  3283   164
 257 1557.2801 1196.3893    25     6     6  3228   171
 258 1570.5807 1196.7071    24     5     6  2861   284
 259 1583.9824 1197.3536    20     5     5  1854   423
 260 1248.5717 1199.4831    23     5     5  2573   441
 261 1263.2132 1199.8160    30     6     6  4108   315
 262 1277.5839 1200.4287    26     6     6  3994   218
 263 1292.1917 1200.8874    30     6     6  4241   185
 264 1306.5319 1201.4736    26     6     6  3842   177
 265 1320.9484 1201.9503    28     6     6  3976   145
 266 1335.3902 1202.4866    25     6     5  3710    93
 267 1349.5641 1203.0048    27     6     6  3876    68
 268 1363.7915 1203.5261    26     6     5  3753    41
 269 1378.0785 1204.0888    28     6     6  3820    77
 270 1392.2552 1204.5132    27     6     6  3695    21
 271 1406.3353 1205.1368    27     6     6  3682    26
 272 1420.3741 1205.5387    26     6     6  3548     8
 273 1434.3292 1206.1861    27     6     6  3628    49
 274 1448.2820 1206.5650    26     6     6  3516    13
 275 1462.1294 1207.1915    26     6     6  3553    69
 276 1475.8566 1207.5958    26     6     6  3493    57
 277 1489.6247 1208.1859    28     6     6  3581    59
 278 1503.4676 1208.5483    25     5     6  3381   124
 279 1517.1378 1209.1727    26     6     6  3390    97
 280 1530.6587 1209.5589    24     6     5  3254   116
 281 1544.3791 1210.1186    25     5     6  3277   127
 282 1557.8419 1210.5262    25     6     5  3198   267
 283 1571.3596 1211.0199    25     5     6  2881   242
 284 1584.7459 1211.4262    21     5     5  1904   451
 285 1248.4882 1214.2107    24     5     6  2638   403
 286 1263.1986 1214.5792    28     6     6  4114   248
 287 1277.6040 1215.1253    29     6     6  4354   217
 288 1292.2625 1215.5754    29     6     6  4195   178
 289 1306.5983 1216.1573    29     6     6  4146   219
 290 1321.1319 1216.6035    29     6     6  4069   112
 291 1335.4714 1217.1928    26     5     6  3885   132
 292 1349.7441 1217.6134    27     6     6  3845    27
 293 1364.1374 1218.1866    27     6     6  3813    86
 294 1378.3811 1218.5801    26     6     6  3672    20
 295 1392.4638 1219.1802    26     5     6  3705    64
 296 1406.5472 1219.5651    25     5     6  3539    31
 297 1420.5868 1220.1434    28     6     6  3750    28
 298 1434.5833 1220.5585    26     6     6  3558    16
 299 1448.5683 1221.1129    27     6     6  3649    52
 300 1462.5158 1221.5212    24     5     5  3415    94
 301 1476.4179 1222.1142    26     5     6  3542    96
 302 1490.2820 1222.4953    26     6     5  3438   134
 303 1503.9636 1222.9935    28     6     6  3544    56
 304 1517.6005 1223.4952    25     6     5  3319   110
 305 1531.4174 1223.8911    26     5     6  3371   158
 306 1544.9934 1224.4129    27     6     6  3314   176
 307 1558.5468 1224.7597    25     5     6  3237   268
 308 1572.0720 1225.3454    25     6     6  2867   376
 309 1585.4262 1225.6119    22     5     5  1994   435
 310 1248.4427 1228.8096    24     5     6  2718   411
 311 1263.1932 1229.4566    27     6     6  4160   304
 312 1277.6317 1229.9003    28     6     6  4415   169
 313 1292.3076 1230.4251    27     6     6  4126   162
 314 1306.7004 1230.8598    28     6     6  4154   139
 315 1321.2823 1231.4135    27     6     6  3950   180
 316 1335.5886 1231.8269    28     6     6  3997   105
 317 1350.0174 1232.3784    28     6     6  3924   118
 318 1364.3778 1232.7687    28     6     6  3864    71
 319 1378.5080 1233.3520    26     5     6  3672    70
 320 1392.6930 1233.7251    28     6     6  3794    30
 321 1406.8906 1234.2662    29     6     6  3785    67
 322 1420.9931 1234.6547    28     6     6  3720    53
 323 1435.0943 1235.2183    27     6     6  3640    72
 324 1449.0537 1235.5778    27     6     6  3586    79
 325 1463.0127 1236.1141    28     6     6  3639    85
 326 1476.8186 1236.5437    25     6     5  3425    34
 327 1490.6794 1236.9514    28     6     6  3591    84
 328 1504.4948 1237.4845    24     5     5  3323    89
 329 1518.3377 1237.8441    28     6     6  3513   149
 330 1532.0169 1238.3735    27     6     6  3366   147
 331 1545.5998 1238.6621    24     5     6  3224   290
 332 1559.2946 1239.2568    26     6     6  3286   285
 333 1572.6601 1239.5612    23     6     5  2768   369
 334 1586.2122 1240.0120    21     5     6  1884   413
 335 1248.4271 1243.8289    23     5     6  2728   443
 336 1263.1934 1244.3765    28     6     6  4322   368
 337 1277.6596 1244.7554    29     6     6  4496   216
 338 1292.3723 1245.3142    28     6     6  4226   214
 339 1306.8149 1245.7086    28     6     6  4166   153
 340 1321.3923 1246.2476    28     6     6  4066   234
 341 1335.7343 1246.6251    27     6     6  3907   159
 342 1350.2646 1247.1454    28     6     6  3949   156
 343 1364.5106 1247.5415    26     5     6  3664    99
 344 1378.7526 1247.9825    29     6     6  3904    47
 345 1393.1005 1248.4674    26     6     5  3663    76
 346 1407.2972 1248.9047    29     6     6  3832    98
 347 1421.4245 1249.3857    27     6     6  3615   106
 348 1435.4754 1249.7307    27     5     6  3626    43
 349 1449.4677 1250.3052    26     5     6  3559   181
 350 1463.4923 1250.5865    26     5     6  3508   183
 351 1477.4117 1251.1477    25     5     6  3470   175
 352 1491.3425 1251.4935    26     6     5  3446   143
 353 1505.0946 1251.9557    28     6     6  3546   117
 354 1518.8294 1252.4153    28     6     6  3455   227
 355 1532.5805 1252.6962    25     5     6  3324   241
 356 1546.3342 1253.2510    25     6     6  3270   305
 357 1559.9010 1253.5564    25     6     5  3165   291
 358 1573.4635 1253.9592    25     5     6  2894   320
 359 1586.9704 1254.4076    20     5     5  1812   425
 360 1248.5112 1258.8135    24     5     6  2900   453
 361 1263.1671 1259.3376    27     6     6  4405   394
 362 1277.6858 1259.7361    29     6     6  4626   282
 363 1292.4160 1260.2455    28     6     6  4339   272
 364 1306.9220 1260.6230    28     6     6  4206   213
 365 1321.4781 1261.0920    26     5     6  4045   203
 366 1335.9497 1261.5120    27     6     6  3934   229
 367 1350.4340 1261.9426    27     6     6  3910   196
 368 1364.6873 1262.4165    28     6     6  3819   204
 369 1379.0939 1262.7663    30     6     6  3933   168
 370 1393.4032 1263.2708    27     6     6  3706   222
 371 1407.5358 1263.5998    26     5     6  3564   100
 372 1421.6812 1264.0598    29     6     6  3801   170
 373 1435.7813 1264.5086    27     6     6  3572   211
 374 1449.8485 1264.8436    27     6     6  3597   119
 375 1463.9199 1265.3544    28     6     6  3584   140
 376 1477.8052 1265.6865    27     6     6  3522    66
 377 1491.7413 1266.1321    29     6     6  3638   194
 378 1505.5789 1266.5172    25     6     5  3341   195
 379 1519.4849 1266.8644    26     5     6  3413   286
 380 1533.2899 1267.3478    26     6     6  3337   325
 381 1546.9142 1267.6338    27     6     6  3315   167
 382 1560.5797 1268.0689    26     5     6  3258   292
 383 1574.2953 1268.4501    24     6     5  2802   346
 384 1587.7464 1268.7274    22     5     5  1940   456
 385 1248.5047 1273.9492    24     5     6  2894   463
 386 1263.1533 1274.3877    27     6     6  4448   401
 387 1277.7223 1274.7556    29     6     6  4729   296
 388 1292.4499 1275.2177    27     6     6  4361   253
 389 1307.0749 1275.5901    28     6     6  4242   274
 390 1321.5603 1276.0340    27     6     6  4103   249
 391 1336.1848 1276.4470    28     6     6  3986   228
 392 1350.5542 1276.8025    26     5     6  3829   187
 393 1365.0506 1277.2725    28     6     6  3870   201
 394 1379.4142 1277.5993    27     6     6  3716   258
 395 1393.5982 1278.0445    28     6     6  3804   144
 396 1407.8685 1278.4734    27     6     6  3646   166
 397 1422.1269 1278.8256    30     6     6  3816   142
 398 1436.3092 1279.2846    26     6     6  3533   264
 399 1450.4189 1279.5780    26     6     6  3506   148
 400 1464.4258 1280.0502    26     5     6  3563   246
 401 1478.4364 1280.4434    27     6     6  3504   220
 402 1492.3893 1280.7227    28     6     6  3569   224
 403 1506.2746 1281.2074    26     6     6  3443   236
 404 1520.0898 1281.5044    26     6     5  3355   240
 405 1533.8264 1281.8303    26     6     6  3359   208
 406 1547.5719 1282.3170    27     6     6  3339   244
 407 1561.3955 1282.5420    26     6     6  3205   371
 408 1574.8803 1282.9159    26     6     6  2875   261
 409 1588.5246 1283.3947    21     5     5  1905   475
 410 1248.3030 1289.1291    23     5     6  2835   452
 411 1263.1596 1289.4938    26     6     5  4385   422
 412 1277.7788 1289.8472    30     6     6  4850   367
 413 1292.4892 1290.2856    27     5     6  4396   336
 414 1307.2093 1290.6304    29     6     6  4250   318
 415 1321.6865 1291.0502    29     6     6  4227   347
 416 1336.3726 1291.4451    29     6     7  3962   345
 417 1350.7512 1291.7726    28     6     6  3924   221
 418 1365.3086 1292.2263    28     6     6  3855   280
 419 1379.5771 1292.5538    27     6     6  3673   141
 420 1393.9464 1292.9383    28     6     6  3768   238
 421 1408.3079 1293.3493    27     6     6  3620   254
 422 1422.4919 1293.6450    26     5     6  3535   192
 423 1436.5885 1294.0590    28     6     6  3670   295
 424 1450.7000 1294.4665    27     6     6  3530   173
 425 1464.7979 1294.7581    27     6     6  3562   233
 426 1478.8552 1295.1493    30     6     6  3710   263
 427 1492.7937 1295.5175    25     6     5  3361   329
 428 1506.7464 1295.7939    26     6     6  3447   174
 429 1520.6020 1296.2256    28     6     6  3499   298
 430 1534.5015 1296.5025    23     5     5  3159   324
 431 1548.3442 1296.8343    28     6     6  3383   339
 432 1562.0757 1297.2414    27     6     6  3233   392
 433 1575.5672 1297.5282    23     5     5  2712   379
 434 1589.2291 1297.6860    21     5     6  1851   474
 435 1248.0722 1304.2473    19     5     5  1864   461
 436 1263.1230 1304.6262    28     6     6  4474   421
 437 1277.7785 1305.0540    31     6     6  4976   404
 438 1292.5637 1305.3849    29     6     7  4353   378
 439 1307.3144 1305.7338    30     6     6  4302   358
 440 1321.8856 1306.1452    30     6     6  4197   360
 441 1336.4975 1306.4561    27     5     7  3767   388
 442 1350.9913 1306.8243    30     6     6  4038   349
 443 1365.4796 1307.2325    27     5     6  3802   319
 444 1379.8658 1307.5707    28     6     6  3792   300
 445 1394.3285 1307.9289    29     6     6  3835   294
 446 1408.5110 1308.2962    28     6     6  3677   323
 447 1422.7633 1308.6070    27     6     6  3564   293
 448 1437.0834 1308.9890    30     6     6  3735   251
 449 1451.2955 1309.3225    27     6     6  3536   343
 450 1465.4047 1309.5846    26     6     6  3451   313
 451 1479.4101 1309.9692    28     6     6  3591   273
 452 1493.4264 1310.3429    26     5     6  3419   328
 453 1507.4295 1310.5739    27     6     6  3406   327
 454 1521.3291 1310.9448    28     6     6  3466   406
 455 1535.1866 1311.2635    26     6     6  3275   386
 456 1548.9293 1311.5425    27     6     6  3232   338
 457 1562.6817 1311.8079    27     6     6  3221   393
 458 1576.3827 1312.2674    24     5     6  2735   417
 459 1589.9930 1312.5056    20     5     5  1712   473
 460 1248.2598 1319.6016    15     4     5  1262   471
 461 1263.1893 1319.8311    26     6     6  3505   459
 462 1277.8678 1320.2446    29     6     6  4128   450
 463 1292.5993 1320.5629    28     6     6  4038   430
 464 1307.3881 1320.9529    29     6     6  4292   412
 465 1322.0286 1321.3168    28     6     6  4162   397
 466 1336.5917 1321.6460    29     6     6  4046   370
 467 1351.2535 1321.9746    30     6     6  4157   399
 468 1365.6315 1322.3211    30     6     6  4032   364
 469 1380.2039 1322.6180    29     6     6  3959   391
 470 1394.5343 1322.9390    26     5     6  3776   350
 471 1408.8748 1323.2958    30     6     6  3909   308
 472 1423.2878 1323.5885    29     6     6  3754   352
 473 1437.4715 1323.9334    27     5     6  3699   277
 474 1451.5804 1324.2709    28     6     6  3713   362
 475 1465.7114 1324.5724    28     6     6  3637   265
 476 1479.8199 1324.8320    27     6     6  3591   335
 477 1493.9180 1325.1782    30     6     6  3706   354
 478 1507.8851 1325.4459    27     6     6  3365   337
 479 1521.8040 1325.7217    27     6     6  3393   359
 480 1535.6924 1325.9963    29     6     6  3342   340
 481 1549.5400 1326.3530    25     5     6  2876   436
 482 1563.4309 1326.4551    23     5     5  2554   432
 483 1577.1074 1326.7011    21     5     6  2000   433
 484 1590.8200 1327.1875    19     5     5  1350   476
 485 1298.0650 1340.9753    12     8     3   823    -1
 486 1565.0640 1344.7608   222    36    17 14313    -1
 487 1529.1927 1346.1009    10     4     3   718   479
 488 1536.7500 2033.2500     5     2     3   258    -1
 489 1506.0000 2035.6000     5     2     3   260    -1
 490 1474.1667 2037.8810     8     3     4   421    -1
 491 1458.6923 2039.1538    12     4     4   652    -1
