483
   0 1437.2603 1108.9082     6     3     3   567   467
   1 1205.2139 1115.3438    16     5     5  1216   462
   2 1217.9154 1116.0204    17     5     4  1707   458
   3 1230.1908 1116.5496    20     5     5  2310   445
   4 1242.7192 1117.0779    19     5     5  2291   429
   5 1255.0540 1117.6633    19     5     5  2450   418
   6 1267.4554 1118.1761    22     5     5  2761   399
   7 1279.7805 1118.8184    20     5     5  2608   388
   8 1292.0090 1119.3316    19     5     5  2506   406
   9 1304.2867 1119.9146    20     5     5  2575   398
  10 1316.5000 1120.4273    21     5     5  2755    -1
  11 1328.6939 1121.0339    19     5     5  2456    -1
  12 1340.8780 1121.5377    20     5     5  2566    -1
  13 1352.9080 1122.1124    20     5     5  2473   443
  14 1364.9916 1122.6863    19     5     5  2437   428
  15 1376.9745 1123.2107    18     4     5  2352   441
  16 1388.9990 1123.8012    19     5     5  2401   434
  17 1400.9132 1124.3136    19     5     5  2431   433
  18 1412.8394 1124.9181    19     5     5  2373   431
  19 1424.7244 1125.3280    19     5     5  2456   423
  20 1436.4409 1125.9838    18     5     5  2287   438
  21 1448.1213 1126.4069    19     5     5  2228   411
  22 1460.0009 1126.9873    16     4     4  1902   446
  23 1471.8751 1127.5068    18     5     5  1929   412
  24 1205.1376 1127.9108    16     5     4  1523   460
  25 1483.3604 1128.0360    16     5     4  1509   454
  26 1217.7872 1128.3234    19     5     5  2360   440
  27 1494.9948 1128.5000    15     4     5  1132   461
  28 1230.1816 1128.9006    20     5     5  2580   400
  29 1242.6682 1129.4324    21     5     5  2810   382
  30 1255.0411 1129.9845    18     5     4  2421   407
  31 1267.4265 1130.5368    21     5     5  2818   393
  32 1279.7898 1131.0673    20     5     5  2553   392
  33 1292.0689 1131.6229    19     5     5  2504   378
  34 1304.3668 1132.0857    20     5     5  2569   383
  35 1316.5999 1132.7313    21     5     5  2671   349
  36 1328.8338 1133.2299    20     5     5  2540   368
  37 1340.9973 1133.7866    19     5     5  2426    -1
  38 1353.0178 1134.3095    19     5     5  2441   377
  39 1365.1417 1134.8563    20     5     5  2468   372
  40 1377.1303 1135.4059    20     5     5  2520   436
  41 1389.1921 1135.9371    20     5     5  2455   358
  42 1401.0852 1136.4594    20     5     5  2526    -1
  43 1413.0664 1136.9825    18     5     4  2330   439
  44 1424.9794 1137.4827    19     5     5  2456   367
  45 1436.8338 1138.0092    18     5     4  2320   424
  46 1448.6800 1138.5256    21     5     5  2572   419
  47 1460.3656 1138.9904    18     5     4  2299   385
  48 1472.0953 1139.5912    19     5     5  2408   421
  49 1483.8763 1140.0524    16     4     4  1879   448
  50 1205.0535 1140.3268    17     4     5  1560   452
  51 1495.6447 1140.6924    15     5     5  1358   457
  52 1217.5804 1140.8958    19     5     5  2269   415
  53 1230.0563 1141.3765    20     5     5  2571   409
  54 1242.5747 1141.9348    20     5     5  2580   359
  55 1255.0080 1142.4398    21     6     5  2611   363
  56 1267.4299 1142.9552    20     5     5  2540   361
  57 1279.8546 1143.4746    20     5     5  2613   346
  58 1292.1258 1143.9922    19     5     5  2433   360
  59 1304.4216 1144.5440    21     5     5  2733   315
  60 1316.7060 1145.0671    19     5     5  2426   321
  61 1328.9562 1145.5748    20     5     5  2484   314
  62 1341.0576 1146.0727    18     5     5  2297   333
  63 1353.1706 1146.6601    19     5     5  2462   277
  64 1365.3354 1147.0907    20     5     5  2434   335
  65 1377.3712 1147.7313    20     5     5  2522   258
  66 1389.4282 1148.1112    21     5     5  2498   326
  67 1401.3714 1148.7704    20     5     5  2516   280
  68 1413.3406 1149.1077    20     5     5  2430    -1
  69 1425.2238 1149.7594    19     5     5  2438   309
  70 1437.0821 1150.1594    19     5     5  2321    -1
  71 1449.0281 1150.7068    18     4     5  2307   355
  72 1460.8110 1151.1611    20     5     5  2431    -1
  73 1472.5908 1151.7398    21     5     5  2526   329
  74 1484.2010 1152.0701    19     5     5  2027   408
  75 1495.9429 1152.7572    15     4     5  1407   425
  76 1204.9951 1152.9061    16     4     4  1519   449
  77 1217.5000 1153.3324    21     5     5  2518   417
  78 1230.0291 1153.8718    21     6     5  2594   389
  79 1242.5169 1154.3950    21     5     5  2821   381
  80 1254.9915 1154.9013    19     5     5  2480   339
  81 1267.4179 1155.4150    21     5     5  2803   307
  82 1279.8244 1155.9550    19     5     5  2473   336
  83 1292.1226 1156.4572    22     5     5  2690   327
  84 1304.5033 1156.9654    20     5     5  2530   305
  85 1316.8538 1157.4400    20     5     5  2566   260
  86 1329.0148 1157.9633    17     4     5  2268   330
  87 1341.1788 1158.4811    21     5     5  2588   322
  88 1353.3957 1158.9552    19     5     5  2378   338
  89 1365.5472 1159.4732    21     5     5  2617   286
  90 1377.6562 1160.0071    19     5     5  2352   259
  91 1389.7420 1160.4635    21     5     5  2583   255
  92 1401.7043 1161.0057    19     5     5  2350   263
  93 1413.7256 1161.4433    21     5     5  2566   301
  94 1425.6169 1161.9838    20     5     5  2420   285
  95 1437.4948 1162.4086    21     5     5  2603   342
  96 1449.3257 1162.9368    18     5     5  2317   380
  97 1461.1041 1163.3749    20     5     5  2455   340
  98 1473.0051 1163.8826    18     4     5  2280    -1
  99 1484.8271 1164.2592    19     5     5  2121    -1
 100 1496.4728 1164.9576    16     5     4  1425   426
 101 1204.9834 1165.4309    18     5     5  1682   456
 102 1217.4216 1165.9397    19     5     5  2276   384
 103 1229.9163 1166.4403    20     5     5  2607   348
 104 1242.4698 1166.9381    20     5     5  2591   344
 105 1254.9423 1167.4281    19     5     5  2535   319
 106 1267.4081 1167.9293    19     5     5  2527   254
 107 1279.8630 1168.4023    20     5     5  2617   231
 108 1292.2171 1168.9044    20     5     5  2548   253
 109 1304.5881 1169.3865    21     5     5  2742   246
 110 1316.9166 1169.9111    20     5     5  2474   203
 111 1329.0845 1170.4049    20     5     5  2514   237
 112 1341.3504 1170.8832    19     5     5  2427   220
 113 1353.6108 1171.3293    21     5     5  2638   239
 114 1365.7726 1171.9061    19     5     5  2366   215
 115 1377.8896 1172.3320    19     5     5  2408   241
 116 1389.9674 1172.8321    19     5     5  2347   244
 117 1401.9482 1173.2962    19     5     5  2378   272
 118 1413.9943 1173.7813    19     5     5  2354   271
 119 1425.9377 1174.2381    20     5     5  2428   252
 120 1437.9188 1174.7235    20     5     5  2423   250
 121 1449.7400 1175.1210    19     5     5  2404   293
 122 1461.5973 1175.6631    21     5     5  2571   287
 123 1473.3956 1176.0180    20     5     5  2446   353
 124 1485.0422 1176.5397    18     5     5  2084   387
 125 1496.9057 1176.9834    15     4     4  1381   442
 126 1204.6600 1178.0173    17     5     4  1600   437
 127 1217.2306 1178.5783    20     5     5  2444   395
 128 1229.8371 1179.0558    21     5     6  2646   323
 129 1242.3971 1179.5199    21     5     5  2857   318
 130 1254.9045 1180.0146    21     5     6  2620   300
 131 1267.3923 1180.4921    21     5     5  2824   264
 132 1279.8576 1180.9731    19     5     5  2491   226
 133 1292.2260 1181.4630    21     5     5  2725   190
 134 1304.6615 1181.9384    20     5     5  2542   143
 135 1316.9619 1182.3647    19     5     5  2472   169
 136 1329.2530 1182.8448    20     5     5  2514   186
 137 1341.5302 1183.2806    21     5     5  2641   185
 138 1353.7861 1183.8511    20     5     5  2447   176
 139 1365.9392 1184.2751    20     5     5  2432   174
 140 1378.0584 1184.7180    19     5     5  2381   216
 141 1390.1001 1185.1788    20     5     5  2423   251
 142 1402.1529 1185.6689    19     5     5  2454   208
 143 1414.2121 1186.0695    19     5     5  2374   238
 144 1426.1584 1186.5918    20     5     5  2525   225
 145 1438.1536 1186.9890    19     5     5  2353   274
 146 1450.0359 1187.4879    19     5     5  2439   267
 147 1461.9893 1187.9227    18     5     5  2298   302
 148 1473.8815 1188.3189    19     5     5  2452   337
 149 1485.6630 1188.8909    18     5     5  2023   373
 150 1497.2265 1189.0566    15     5     4  1368   455
 151 1204.5327 1190.9244    17     5     5  1644   430
 152 1217.1351 1191.2220    20     5     5  2392   396
 153 1229.7707 1191.6857    22     5     5  2818   222
 154 1242.3554 1192.1335    21     5     5  2717   196
 155 1254.9184 1192.6031    20     5     5  2649   198
 156 1267.4093 1193.0565    20     5     5  2610   200
 157 1279.9055 1193.5343    20     5     5  2635   165
 158 1292.2972 1193.9942    20     5     6  2548   187
 159 1304.7589 1194.4495    21     5     5  2734   170
 160 1317.0586 1194.8995    20     5     5  2502   155
 161 1329.3591 1195.3725    21     5     5  2682   172
 162 1341.6750 1195.8901    20     5     5  2497   100
 163 1353.9265 1196.2908    19     5     5  2413   141
 164 1366.0830 1196.7329    20     5     5  2451   173
 165 1378.2471 1197.1465    21     5     5  2521   161
 166 1390.3687 1197.6713    21     5     5  2626   146
 167 1402.4883 1198.0426    20     5     5  2456   206
 168 1414.5566 1198.5245    21     5     5  2639   181
 169 1426.5485 1198.9792    19     5     5  2392   157
 170 1438.5371 1199.3606    21     5     5  2614   175
 171 1450.4179 1199.8752    19     5     5  2424   201
 172 1462.3278 1200.1786    22     5     5  2575   273
 173 1474.1792 1200.7030    19     5     5  2462   294
 174 1486.0009 1201.0307    17     4     5  1956   405
 175 1497.9386 1201.5586    16     4     5  1500   435
 176 1204.2050 1203.5047    18     5     5  1744   427
 177 1217.0471 1203.9676    18     4     5  2260   375
 178 1229.6898 1204.3884    21     5     5  2905   204
 179 1242.2754 1204.8280    20     5     5  2701   120
 180 1254.8559 1205.3007    20     5     5  2666    99
 181 1267.3690 1205.7458    21     5     5  2791    95
 182 1279.8813 1206.1984    20     5     5  2618   103
 183 1292.3124 1206.6432    21     5     5  2782   105
 184 1304.7771 1207.0747    20     5     5  2552    72
 185 1317.1057 1207.5158    21     5     5  2635    69
 186 1329.4798 1207.9413    20     5     5  2532    91
 187 1341.8545 1208.3663    19     5     5  2476    88
 188 1354.0625 1208.8020    20     5     5  2447   112
 189 1366.2792 1209.2306    22     5     5  2581   149
 190 1378.4688 1209.7171    21     5     5  2621   121
 191 1390.6638 1210.1215    19     5     5  2427   104
 192 1402.8118 1210.5215    21     5     5  2586    97
 193 1414.8244 1210.9944    19     5     5  2368   137
 194 1426.9016 1211.3775    19     5     5  2444   145
 195 1438.9214 1211.8214    19     5     5  2369   192
 196 1450.8454 1212.2073    20     5     5  2462   214
 197 1462.8210 1212.6088    22     5     5  2589   270
 198 1474.6982 1213.0411    19     5     5  2373   295
 199 1486.5100 1213.4114    21     5     5  2246   364
 200 1498.1798 1213.9685    15     4     4  1384   420
 201 1204.2205 1216.2217    18     5     5  1687   366
 202 1216.9855 1216.7158    19     5     5  2396   217
 203 1229.5850 1217.1633    21     5     5  2838   179
 204 1242.2190 1217.5725    21     5     5  2858   151
 205 1254.8119 1218.0197    21     5     6  2701   128
 206 1267.3798 1218.4467    21     5     5  2889    86
 207 1279.9240 1218.8513    20     5     5  2611    62
 208 1292.4021 1219.3076    22     5     5  2826    37
 209 1304.8740 1219.6994    21     5     5  2665    43
 210 1317.2241 1220.1088    20     5     5  2562    57
 211 1329.6313 1220.5518    21     5     5  2748    60
 212 1341.9621 1220.9811    19     5     6  2376    85
 213 1354.1687 1221.3529    21     5     5  2505    83
 214 1366.4768 1221.8426    20     5     5  2509    55
 215 1378.7440 1222.2282    19     5     5  2462    90
 216 1390.9402 1222.6411    20     5     5  2488   109
 217 1403.0092 1223.0589    19     5     5  2360   101
 218 1415.0664 1223.4900    20     5     5  2506   131
 219 1427.1651 1223.8542    20     5     5  2451   142
 220 1439.1470 1224.2331    21     5     5  2489   180
 221 1451.1411 1224.6764    19     5     5  2435   178
 222 1463.1291 1225.0179    19     5     5  2344   219
 223 1475.0440 1225.4632    20     5     5  2467   248
 224 1486.9734 1225.8535    17     4     5  1942   391
 225 1498.8484 1226.1094    15     4     4  1390   453
 226 1354.3121 1227.6843    24     5     5  3105    42
 227 1204.0609 1229.0680    16     4     4  1645   370
 228 1216.8824 1229.5096    20     5     5  2561   184
 229 1229.5088 1229.9481    22     5     6  2921   122
 230 1242.1424 1230.3799    22     5     5  2898   111
 231 1254.7930 1230.7822    21     5     5  2804    80
 232 1267.3763 1231.1726    22     5     5  2838    41
 233 1279.9349 1231.5832    20     5     5  2683    23
 234 1292.4226 1232.0129    21     5     6  2678    35
 235 1304.9097 1232.4243    22     5     5  2711    24
 236 1317.3119 1232.8125    20     5     5  2616    26
 237 1329.7553 1233.2484    20     5     5  2602     2
 238 1342.0820 1233.6181    19     5     5  2457    44
 239 1354.3694 1234.0259    19     5     5  2359    89
 240 1359.6723 1234.2018    13     4     4  1619   266
 241 1366.7866 1234.4210    20     5     5  2570    53
 242 1378.9804 1234.8217    19     5     5  2380    58
 243 1391.0700 1235.2336    20     5     5  2479    98
 244 1403.2239 1235.6505    20     5     5  2568   118
 245 1415.3986 1235.9934    21     5     6  2499   113
 246 1427.5260 1236.3883    21     5     5  2626   177
 247 1439.5418 1236.8169    22     5     5  2583   164
 248 1451.6286 1237.1293    19     5     5  2396   243
 249 1463.5848 1237.5052    21     5     5  2595   210
 250 1475.5175 1237.9373    20     5     5  2427   290
 251 1487.3688 1238.1711    20     5     5  2128   394
 252 1499.0772 1238.7246    17     4     5  1491   422
 253 1204.0061 1242.0183    16     4     4  1701   371
 254 1216.7520 1242.3971    21     5     5  2760   124
 255 1229.4209 1242.7738    21     5     5  2997    79
 256 1242.0999 1243.2070    20     5     5  2792    70
 257 1254.7655 1243.5743    22     5     5  2957    50
 258 1267.3601 1243.9813    22     5     6  2808    30
 259 1279.9572 1244.3809    21     6     5  2721    27
 260 1292.4678 1244.7648    21     5     5  2787    19
 261 1304.9754 1245.1869    20     6     5  2584     3
 262 1317.4307 1245.5496    21     5     5  2824     5
 263 1329.8602 1245.9534    20     5     5  2513    17
 264 1342.2303 1246.3459    22     5     5  2683    21
 265 1354.5768 1246.7159    22     5     5  2689    32
 266 1366.8982 1247.1408    20     5     5  2459    31
 267 1379.1200 1247.4941    21     5     5  2571    59
 268 1391.3481 1247.8538    19     5     5  2451    56
 269 1403.6064 1248.1999    20     5     5  2513   107
 270 1415.7724 1248.5844    22     5     5  2605   152
 271 1427.8570 1248.9909    19     5     5  2331   163
 272 1439.9293 1249.3473    19     5     5  2378   229
 273 1451.9954 1249.6934    19     5     5  2351   233
 274 1463.9811 1250.0588    18     5     5  2251   282
 275 1475.9570 1250.4106    19     5     5  2381   298
 276 1487.9266 1250.7881    19     5     5  2026   341
 277 1499.7597 1251.0195    15     4     4  1366   450
 278 1203.8261 1254.9886    15     5     4  1624   404
 279 1216.6268 1255.3218    21     5     5  2879   183
 280 1229.3369 1255.6752    21     5     5  3116    49
 281 1242.0581 1256.1118    22     5     6  2924    33
 282 1254.7277 1256.4585    21     5     5  2978    36
 283 1267.3648 1256.8246    21     5     5  2840    22
 284 1279.9624 1257.2405    21     6     5  2726    25
 285 1292.5275 1257.5913    21     5     5  2902    29
 286 1305.0630 1257.9383    21     5     6  2638     8
 287 1317.5511 1258.3462    21     5     5  2812     7
 288 1329.9848 1258.6875    20     5     5  2547     4
 289 1342.3999 1259.0736    22     5     6  2648    18
 290 1354.8042 1259.4312    20     5     5  2614    15
 291 1367.0812 1259.7883    20     5     5  2502    48
 292 1379.4025 1260.1645    22     5     5  2659    38
 293 1391.6574 1260.5296    21     5     5  2670    61
 294 1403.8656 1260.9253    20     5     5  2425   110
 295 1415.9962 1261.2795    19     5     5  2383   132
 296 1428.1181 1261.6198    19     5     5  2411   197
 297 1440.2493 1261.9286    21     5     6  2450   235
 298 1452.2940 1262.2810    22     5     5  2561   247
 299 1464.3078 1262.6667    21     5     5  2538   240
 300 1476.3528 1262.9467    21     5     6  2429   242
 301 1488.2145 1263.2509    21     5     5  2150   313
 302 1500.0449 1263.7031    17     4     5  1485   416
 303 1203.6871 1267.9556    16     5     4  1746   325
 304 1216.5231 1268.2567    21     5     5  2908    73
 305 1229.2405 1268.6398    22     5     5  3239    65
 306 1241.9963 1269.0147    24     6     6  3108    76
 307 1254.6922 1269.3841    21     5     5  3017    45
 308 1267.3468 1269.7260    21     5     5  2904     6
 309 1279.9886 1270.1553    21     6     5  2724    11
 310 1292.5763 1270.4546    21     5     5  2923     1
 311 1305.1312 1270.7836    20     5     5  2643     0
 312 1317.6521 1271.1969    21     5     5  2680     9
 313 1330.0949 1271.5199    21     5     5  2657    13
 314 1342.5126 1271.8605    21     5     5  2634    12
 315 1354.9436 1272.2393    20     5     5  2515    10
 316 1367.2591 1272.5856    21     5     5  2698    39
 317 1379.6258 1272.9252    21     5     6  2560    71
 318 1391.8941 1273.2902    20     5     5  2492    78
 319 1404.1050 1273.6047    20     5     5  2481   116
 320 1416.3028 1273.9098    21     5     6  2475   158
 321 1428.5190 1274.2649    21     5     5  2577   162
 322 1440.6480 1274.5872    22     5     5  2614   182
 323 1452.7410 1274.9525    19     5     5  2340   224
 324 1464.8000 1275.2556    19     5     5  2390   268
 325 1476.8693 1275.5433    21     5     5  2504   299
 326 1488.8008 1275.9474    19     5     5  2014   311
 327 1500.7805 1276.0509    15     4     4  1349   447
 328 1203.5343 1280.9995    16     5     4  1849   343
 329 1216.4024 1281.2857    21     5     5  2977   119
 330 1229.1495 1281.6445    21     5     5  3181    92
 331 1241.9290 1282.0018    22     5     6  3009    47
 332 1254.6892 1282.3702    21     5     5  3037    40
 333 1267.3638 1282.6774    21     5     5  2989    14
 334 1280.0253 1283.0742    23     6     6  2869    20
 335 1292.6302 1283.3902    21     5     5  2917    16
 336 1305.1831 1283.7150    20     5     5  2679    34
 337 1317.7516 1284.1005    21     5     6  2652    64
 338 1330.2282 1284.4436    22     5     5  2785    46
 339 1342.6866 1284.7120    22     5     5  2751    28
 340 1355.1136 1285.0859    21     5     6  2569   114
 341 1367.5053 1285.4040    21     5     5  2737   135
 342 1379.8988 1285.7069    21     5     5  2582   133
 343 1392.1376 1286.0299    22     5     6  2557   134
 344 1404.3974 1286.3778    21     5     5  2629   123
 345 1416.6394 1286.6898    22     5     5  2628   154
 346 1428.8395 1287.0251    21     5     6  2446   150
 347 1440.9749 1287.3318    21     6     5  2465   160
 348 1453.0868 1287.6096    19     5     5  2373   199
 349 1465.1738 1287.8934    21     5     6  2448   278
 350 1477.2148 1288.2155    22     5     5  2534   296
 351 1489.0931 1288.5361    19     5     5  2115   256
 352 1501.0657 1288.9087    15     4     4  1374   451
 353 1203.5662 1293.9839    16     5     4  1918   397
 354 1216.2448 1294.3601    21     5     5  3037   168
 355 1229.0878 1294.6980    22     6     5  3327    66
 356 1241.8669 1295.0754    22     5     6  3128    74
 357 1254.6453 1295.3778    21     5     5  3128    67
 358 1267.3527 1295.6754    21     5     5  3005    52
 359 1280.0378 1296.0459    22     5     6  2844    51
 360 1292.6852 1296.3628    21     5     5  2880    94
 361 1305.2606 1296.6577    22     5     5  2838    63
 362 1317.8411 1297.0154    22     5     6  2689    54
 363 1330.3715 1297.3353    22     5     5  2812    68
 364 1342.8767 1297.5953    22     5     5  2706   115
 365 1355.2776 1297.9208    21     5     6  2597    96
 366 1367.7291 1298.2715    20     5     5  2580   102
 367 1380.0715 1298.5516    22     5     5  2631   106
 368 1392.3604 1298.8404    19     5     5  2454   125
 369 1404.7056 1299.2093    19     5     5  2419   207
 370 1416.9473 1299.4807    20     5     5  2451   205
 371 1429.1430 1299.7628    20     5     5  2423   234
 372 1441.3250 1300.0464    20     5     5  2400   189
 373 1453.5110 1300.3535    21     5     5  2593   218
 374 1465.6139 1300.6415    22     5     5  2627   289
 375 1477.7139 1300.9595    20     5     5  2384   334
 376 1489.7232 1301.1670    19     5     5  2070   357
 377 1501.7841 1301.5263    18     5     5  1509   444
 378 1203.3373 1307.1452    16     5     5  1857   379
 379 1216.1230 1307.5173    20     5     5  3024   117
 380 1229.0276 1307.7955    22     6     6  3384   144
 381 1241.8226 1308.1564    21     5     6  3183   136
 382 1254.6243 1308.4600    21     5     5  3198    81
 383 1267.3664 1308.7446    22     5     5  3038    87
 384 1280.0784 1309.0989    22     5     6  2860   127
 385 1292.7399 1309.3875    21     5     5  2863   156
 386 1305.3639 1309.6639    21     5     5  2850    82
 387 1317.9429 1310.0037    22     5     6  2710    77
 388 1330.5230 1310.3240    22     5     5  2839   129
 389 1343.0060 1310.5616    21     6     5  2641    75
 390 1355.4634 1310.8608    22     5     6  2713    93
 391 1367.9085 1311.2118    20     5     5  2530   140
 392 1380.2852 1311.4976    21     5     5  2703   153
 393 1392.6505 1311.7432    22     5     5  2675   148
 394 1404.9728 1312.0371    20     5     6  2417   166
 395 1417.2203 1312.3284    22     5     5  2580   228
 396 1429.4974 1312.6030    21     5     5  2593   249
 397 1441.7332 1312.9047    22     5     5  2511   306
 398 1453.8832 1313.1724    20     5     5  2404   245
 399 1465.9993 1313.4344    20     5     5  2434   291
 400 1478.1183 1313.6635    19     5     5  2357   352
 401 1490.0945 1313.9370    19     5     5  1998   328
 402 1502.0332 1314.1591    17     4     5  1422   459
 403 1203.1112 1320.3201    16     4     5  1834   390
 404 1216.0434 1320.7260    19     5     5  2910   324
 405 1228.9506 1320.9957    24     6     6  3548   261
 406 1241.7994 1321.3048    22     5     5  3298   223
 407 1254.6146 1321.5703    21     5     5  3170   188
 408 1267.3483 1321.8328    23     5     6  3082   139
 409 1280.0943 1322.2093    21     5     5  2832   159
 410 1292.7908 1322.4560    22     5     5  2895   108
 411 1305.4414 1322.6847    21     5     5  2858    84
 412 1318.0556 1323.0358    22     5     6  2718   138
 413 1330.6416 1323.3227    21     5     5  2759   147
 414 1343.1710 1323.5781    22     5     5  2726   130
 415 1355.6571 1323.8451    22     5     5  2691   126
 416 1368.0992 1324.1777    20     5     5  2542   195
 417 1380.5519 1324.4175    21     5     5  2747   212
 418 1392.9439 1324.6506    20     5     5  2507   167
 419 1405.2355 1324.9145    21     5     6  2517   193
 420 1417.6092 1325.2287    21     5     5  2543   232
 421 1429.8849 1325.4643    21     5     5  2536   312
 422 1442.0793 1325.7025    20     5     5  2412   316
 423 1454.2579 1325.9517    21     5     6  2467   304
 424 1466.4446 1326.2214    22     5     5  2597   303
 425 1478.5949 1326.4548    21     5     5  2578   362
 426 1490.6209 1326.7533    21     5     5  2175   403
 427 1502.7017 1326.9923    15     5     4  1335   464
 428 1202.7460 1333.5556     9     4     3   702   414
 429 1216.0008 1333.9634    16     4     4  2697   402
 430 1228.8655 1334.2484    22     5     6  3568   284
 431 1241.7528 1334.4713    22     5     5  3398   269
 432 1254.5540 1334.7220    22     5     5  3231   211
 433 1267.3775 1335.0822    24     5     6  3134   171
 434 1280.1545 1335.3272    22     5     5  2929   191
 435 1292.8436 1335.5585    22     5     5  2913   202
 436 1305.5251 1335.8183    23     5     6  2941   221
 437 1318.1481 1336.1637    22     5     6  2771   227
 438 1330.7743 1336.4162    20     5     5  2695   213
 439 1343.3129 1336.6362    21     5     5  2776   194
 440 1355.8497 1336.9189    22     5     6  2690   209
 441 1368.3307 1337.2145    22     5     5  2718   288
 442 1380.8004 1337.4533    22     5     5  2728   257
 443 1393.1513 1337.6724    20     5     5  2537   262
 444 1405.5479 1337.9321    22     5     6  2625   265
 445 1417.8791 1338.2215    20     5     5  2472   283
 446 1430.1182 1338.4625    21     5     5  2569   276
 447 1442.4077 1338.6538    21     5     5  2643   332
 448 1454.6792 1338.8827    23     5     6  2634   354
 449 1466.8507 1339.1528    21     5     6  2493   350
 450 1478.9913 1339.3635    21     6     5  2479   365
 451 1491.0009 1339.5554    17     4     5  1988   386
 452 1503.0073 1339.8209    16     4     5  1417   463
 453 1216.2041 1347.0926    15     4     4  1835   413
 454 1228.8826 1347.4406    20     5     5  2853   410
 455 1241.7316 1347.6837    22     5     5  3043   374
 456 1254.5175 1347.9943    22     5     6  3046   297
 457 1267.3550 1348.2920    22     5     5  3134   292
 458 1280.1756 1348.4753    23     5     5  3049   320
 459 1292.8859 1348.7349    21     5     5  2838   281
 460 1305.6084 1348.9969    23     5     6  2921   230
 461 1318.2766 1349.2827    22     5     5  2913   331
 462 1330.8740 1349.4628    22     5     5  2822   310
 463 1343.4639 1349.6709    22     5     5  2902   236
 464 1356.0049 1349.9550    22     6     6  2724   317
 465 1368.5330 1350.2572    22     5     5  2826   351
 466 1381.0089 1350.4482    22     6     5  2721   347
 467 1393.4108 1350.6393    21     5     5  2766   308
 468 1405.8335 1350.9028    22     5     6  2659   356
 469 1418.1545 1351.1552    21     5     5  2613   279
 470 1430.5222 1351.3252    21     5     5  2669   275
 471 1442.8282 1351.5179    22     5     5  2663   345
 472 1455.0287 1351.7331    20     5     5  2343   401
 473 1467.2189 1351.9523    21     5     6  2224   376
 474 1479.4282 1352.1157    20     5     5  2072   369
 475 1491.5362 1352.2994    19     5     5  1668   432
 476 1503.7277 1352.6551    14     4     5  1003   465
 477 1255.1500 2035.9000     5     3     2   270    -1
 478 1241.3519 2037.6852     7     3     4   377    -1
 479 1227.0909 2039.9091     5     3     2   272    -1
 480 1464.0000 2039.9545     9     3     4   472    -1
 481 1450.4612 2041.0146    14     4     5   803    -1
 482 1213.3788 2041.3788     8     3     3   433    -1
