476
   0 1379.4231 1154.5641     5     3     3   328   477
   1 1172.1034 1162.0977    12     4     4   774   469
   2 1183.0295 1162.4059    14     4     4  1157   468
   3 1194.0080 1162.9284    14     4     4  1391   438
   4 1205.0984 1163.1732    14     4     4  1462   453
   5 1216.0938 1163.7825    14     4     4  1500   435
   6 1227.1363 1164.0872    14     4     4  1577   441
   7 1238.1121 1164.5097    16     4     5  1625   417
   8 1249.1240 1165.0040    15     4     4  1617   427
   9 1260.0773 1165.2096    14     4     4  1547   423
  10 1271.0189 1165.8479    14     4     4  1548   403
  11 1281.9885 1166.1119    15     4     4  1577   430
  12 1292.8925 1166.6088    16     4     5  1600   379
  13 1303.7612 1166.9885    14     4     4  1523   411
  14 1314.4287 1167.3056    16     5     5  1515   434
  15 1325.1807 1167.8550    15     4     4  1533   385
  16 1336.0138 1168.1269    15     4     4  1546   429
  17 1346.7813 1168.6448    15     4     5  1468   409
  18 1357.3274 1169.0033    14     4     4  1459   426
  19 1368.0393 1169.2349    14     4     4  1477   444
  20 1378.7235 1169.8265    13     4     4  1330   413
  21 1389.1479 1170.1346    14     4     4  1376   425
  22 1399.7974 1170.5018    14     4     5  1248   442
  23 1410.3829 1170.9050    14     4     4  1221   437
  24 1420.8832 1171.1449    13     4     4   971   461
  25 1431.4083 1171.5826     9     3     3   559   470
  26 1171.7632 1173.1491    14     4     4  1042   467
  27 1182.9134 1173.5572    16     4     5  1429   443
  28 1193.9107 1173.9600    16     4     4  1713   401
  29 1205.0228 1174.2211    15     4     5  1693   419
  30 1216.0381 1174.8104    15     4     4  1694   368
  31 1227.1024 1175.0764    15     4     4  1673   406
  32 1238.0832 1175.4989    16     4     5  1714   422
  33 1249.1117 1175.9553    15     4     4  1690   375
  34 1260.0683 1176.2017    15     4     5  1672   421
  35 1271.0360 1176.7904    14     4     4  1616   405
  36 1282.0050 1177.0721    15     4     4  1645   377
  37 1292.9488 1177.4858    16     4     5  1718   373
  38 1303.8381 1177.9273    14     4     4  1608   376
  39 1314.6007 1178.1607    16     5     4  1634   378
  40 1325.3120 1178.7357    17     5     5  1669   402
  41 1336.0913 1179.0499    14     4     4  1571   408
  42 1346.9057 1179.4310    16     4     5  1670   371
  43 1357.6289 1179.8914    15     5     4  1588   390
  44 1368.1583 1180.1091    14     4     4  1575   418
  45 1378.8838 1180.6538    15     4     5  1589   313
  46 1389.4659 1180.9762    16     5     4  1621   404
  47 1400.0553 1181.2217    14     4     4  1505   424
  48 1410.7396 1181.8148    13     4     4  1368   362
  49 1421.0486 1182.0927    13     4     4  1195   454
  50 1431.5042 1182.5209    11     4     4   789   463
  51 1171.5365 1184.2741    11     3     4   851   464
  52 1182.8087 1184.7866    15     5     5  1385   431
  53 1193.8430 1185.0016    15     4     4  1683   357
  54 1204.9867 1185.3834    16     4     5  1743   339
  55 1216.0066 1185.8764    15     4     4  1656   374
  56 1227.0564 1186.1460    14     4     4  1604   393
  57 1238.0522 1186.6467    16     4     5  1700   317
  58 1249.1120 1186.9898    15     4     4  1634   344
  59 1260.0772 1187.2604    15     4     5  1618   400
  60 1271.0450 1187.8375    15     4     4  1627   333
  61 1282.0263 1188.0860    16     4     4  1655   389
  62 1292.9774 1188.5181    16     4     5  1684   365
  63 1303.8798 1188.9251    14     4     4  1561   325
  64 1314.7413 1189.1505    15     4     4  1554   412
  65 1325.4893 1189.7112    16     5     5  1548   387
  66 1336.1721 1190.0246    14     4     4  1554   347
  67 1347.0303 1190.2955    16     4     5  1641   366
  68 1357.8325 1190.8571    14     4     4  1515   327
  69 1368.3491 1191.0828    15     5     4  1565   396
  70 1379.0508 1191.4689    16     4     5  1637   392
  71 1389.8005 1191.8966    14     4     4  1522   361
  72 1400.2375 1192.1250    14     4     4  1500   388
  73 1410.9215 1192.6099    16     4     5  1628   372
  74 1421.4489 1192.9051    13     4     4  1198   439
  75 1431.9051 1193.0759    12     4     4   916   466
  76 1171.3783 1195.4671    11     4     4   854   458
  77 1182.5439 1195.9114    16     5     4  1483   428
  78 1193.7441 1196.0950    16     5     4  1726   329
  79 1204.9204 1196.6493    16     4     5  1711   311
  80 1215.9476 1196.9607    16     4     4  1716   326
  81 1227.0217 1197.2213    15     4     5  1672   302
  82 1238.0322 1197.7916    14     4     4  1602   319
  83 1249.0949 1198.0466    16     4     4  1669   380
  84 1260.0785 1198.3751    16     4     5  1673   394
  85 1271.0580 1198.8955    15     4     4  1630   305
  86 1282.0541 1199.1170    14     4     4  1559   370
  87 1292.9871 1199.5808    16     4     5  1691   298
  88 1303.9149 1199.9184    15     4     4  1596   303
  89 1314.8321 1200.1739    15     4     4  1581   354
  90 1325.6772 1200.7529    16     5     5  1579   235
  91 1336.3258 1201.0178    16     5     4  1644   309
  92 1347.0995 1201.2662    15     4     5  1584   395
  93 1357.9418 1201.8403    14     4     4  1567   269
  94 1368.6826 1202.0308    15     5     4  1577   355
  95 1379.2134 1202.3637    15     4     5  1535   416
  96 1389.9502 1202.8715    14     4     4  1564   324
  97 1400.6052 1203.0718    16     5     4  1608   320
  98 1411.1464 1203.4144    16     4     5  1606   399
  99 1421.7936 1203.8691    13     4     4  1246   415
 100 1432.3191 1204.1480    13     4     4   954   457
 101 1171.2293 1206.7735    13     4     4  1012   452
 102 1182.2675 1207.0323    14     4     4  1427   410
 103 1193.5333 1207.3230    18     5     5  1770   328
 104 1204.8344 1207.8860    16     5     4  1712   216
 105 1215.9041 1208.0756    15     4     4  1683   273
 106 1226.9868 1208.4788    16     4     5  1745   284
 107 1238.0200 1208.9002    15     4     4  1652   270
 108 1249.0572 1209.1379    14     4     4  1592   236
 109 1260.0700 1209.5808    16     4     5  1679   243
 110 1271.0870 1209.9630    15     4     4  1629   343
 111 1282.0687 1210.1652    14     4     4  1581   349
 112 1293.0028 1210.7277    16     4     5  1687   258
 113 1303.9699 1210.9911    16     4     4  1647   358
 114 1314.9122 1211.2762    16     4     5  1649   331
 115 1325.8201 1211.8226    15     4     5  1556   233
 116 1336.5247 1212.0264    16     5     4  1651   364
 117 1347.2272 1212.2982    16     5     5  1588   407
 118 1358.0308 1212.8399    15     4     4  1609   293
 119 1368.8865 1213.0192    15     4     4  1609   346
 120 1379.4702 1213.3808    15     5     5  1488   350
 121 1390.1130 1213.8396    15     4     4  1595   286
 122 1400.9002 1214.0218    15     4     4  1597   337
 123 1411.4400 1214.3649    15     5     5  1483   367
 124 1421.9762 1214.8503    14     4     4  1288   348
 125 1432.5389 1215.0265    12     3     4   883   462
 126 1171.0775 1218.0000    12     4     4   974   432
 127 1182.1495 1218.1606    14     4     4  1419   433
 128 1193.3266 1218.7530    17     5     5  1767   301
 129 1204.6548 1218.9954    16     5     4  1769   199
 130 1215.8753 1219.2570    17     4     5  1780   157
 131 1226.9330 1219.7830    15     4     5  1683   223
 132 1238.0017 1220.0182    16     4     4  1709   195
 133 1249.0460 1220.2823    16     4     5  1714   363
 134 1260.0703 1220.8259    15     4     4  1646   285
 135 1271.1145 1221.0478    14     4     4  1569   248
 136 1282.0800 1221.3493    16     4     5  1669   271
 137 1293.0361 1221.8356    15     4     4  1623   297
 138 1304.0297 1222.0677    16     4     4  1642   294
 139 1314.9677 1222.4137    16     4     5  1681   202
 140 1325.8955 1222.8709    15     4     4  1602   208
 141 1336.7346 1223.0462    15     5     4  1594   290
 142 1347.4495 1223.4222    15     5     5  1483   276
 143 1358.1753 1223.8802    15     4     4  1597   246
 144 1369.0212 1224.0741    15     4     4  1600   340
 145 1379.8054 1224.4240    16     4     5  1589   253
 146 1390.4011 1224.8561    15     5     4  1539   257
 147 1401.0745 1225.0636    15     4     4  1575   369
 148 1411.8197 1225.3675    16     4     5  1585   322
 149 1422.3424 1225.7432    13     4     4  1164   391
 150 1432.9224 1226.0000    12     4     4   922   459
 151 1170.8782 1229.1599    13     4     4  1044   445
 152 1182.0569 1229.6425    16     4     5  1565   307
 153 1193.1790 1229.9740    15     4     4  1750   234
 154 1204.4837 1230.1287    17     5     5  1771   260
 155 1215.7962 1230.6633    16     5     5  1688   173
 156 1226.8795 1230.9350    15     4     4  1688   172
 157 1237.9806 1231.1581    15     4     4  1680   186
 158 1249.0134 1231.6235    16     4     5  1731   161
 159 1260.0918 1231.9549    15     4     4  1649   207
 160 1271.0852 1232.1580    14     4     4  1580   279
 161 1282.0979 1232.6390    16     4     5  1663   255
 162 1293.0899 1232.9628    15     4     4  1623   237
 163 1304.0650 1233.1536    14     4     4  1569   254
 164 1314.9966 1233.6298    16     4     5  1694   136
 165 1325.9279 1233.9255    16     4     4  1632   262
 166 1336.8603 1234.1373    15     4     4  1602   229
 167 1347.7029 1234.6304    15     5     5  1509   102
 168 1358.3817 1234.9378    16     5     4  1620   224
 169 1369.1146 1235.1026    14     4     4  1538   336
 170 1379.9504 1235.5175    16     4     5  1657   218
 171 1390.7444 1235.8797    15     5     4  1548   226
 172 1401.2588 1236.0713    15     5     4  1571   351
 173 1412.0386 1236.3493    16     4     5  1643   323
 174 1422.6698 1236.8004    13     4     4  1186   397
 175 1433.1475 1237.0322    13     4     4   945   451
 176 1170.6627 1240.5843    11     4     4   882   447
 177 1181.9751 1240.9267    15     4     4  1514   251
 178 1193.0731 1241.1496    15     4     4  1783   169
 179 1204.3000 1241.5872    18     5     5  1840   154
 180 1215.6505 1241.9432    16     5     4  1777    89
 181 1226.8358 1242.1088    15     4     4  1706    64
 182 1237.9579 1242.5468    16     4     5  1761   116
 183 1249.0164 1242.8914    15     4     4  1662   188
 184 1260.0771 1243.1074    15     4     4  1639   153
 185 1271.1000 1243.4474    16     4     5  1675   125
 186 1282.1319 1243.8956    15     4     4  1622   184
 187 1293.1444 1244.0634    14     4     4  1552   259
 188 1304.0943 1244.3831    16     4     5  1638   193
 189 1315.0603 1244.8700    15     4     4  1596   187
 190 1326.0332 1245.0590    16     4     4  1614   274
 191 1336.9601 1245.3169    16     4     5  1652   225
 192 1347.8586 1245.8097    15     4     5  1567   126
 193 1358.6599 1245.9809    16     5     4  1638   263
 194 1369.2972 1246.1851    16     5     5  1594   332
 195 1380.0986 1246.6250    16     4     5  1632   209
 196 1390.9105 1246.9214    14     4     4  1521   222
 197 1401.6438 1247.1028    16     5     4  1593   334
 198 1412.2257 1247.3990    15     4     5  1512   308
 199 1422.8834 1247.9037    14     4     4  1292   318
 200 1433.4826 1248.0366    12     3     4   887   446
 201 1170.5748 1251.9414    12     3     4  1001   231
 202 1181.8940 1252.1775    15     4     4  1547   190
 203 1193.0004 1252.6256    16     4     5  1915   139
 204 1204.1853 1252.9556    15     4     4  1786   137
 205 1215.4867 1253.1057    17     5     5  1829   143
 206 1226.8112 1253.5558    17     5     5  1782   111
 207 1237.9069 1253.8933    15     4     4  1706    83
 208 1248.9967 1254.1053    15     4     4  1662    94
 209 1260.0459 1254.3843    16     4     5  1716   149
 210 1271.1092 1254.8390    15     4     4  1638   180
 211 1282.1621 1255.0391    14     4     4  1570   206
 212 1293.1565 1255.2518    15     4     5  1568   215
 213 1304.1714 1255.7021    15     4     5  1517   118
 214 1315.1390 1255.9964    15     4     4  1592   182
 215 1326.0832 1256.1647    15     4     5  1585   256
 216 1337.0224 1256.6151    16     4     5  1669   122
 217 1347.9367 1256.9005    15     4     4  1579   133
 218 1358.8389 1257.0652    15     4     4  1594   275
 219 1369.5836 1257.4555    18     5     5  1642   163
 220 1380.3241 1257.8492    16     5     4  1579   148
 221 1391.0782 1258.0236    15     4     4  1575   277
 222 1401.9037 1258.1945    15     4     4  1565   356
 223 1412.6372 1258.6344    15     5     5  1479   268
 224 1423.1619 1258.9283    14     4     4  1265   282
 225 1433.9194 1259.0032    12     4     4   910   450
 226 1304.0735 1261.0784    18     4     5  1920   295
 227 1170.3237 1263.3167    13     4     4  1081   414
 228 1181.6930 1263.8005    16     5     5  1572   138
 229 1192.9359 1263.9819    16     4     4  1931    37
 230 1204.0945 1264.1848    16     4     5  1885    87
 231 1215.3229 1264.6285    18     5     5  1888    45
 232 1226.6883 1264.9443    16     5     4  1788    18
 233 1237.8923 1265.0955    15     4     4  1734    85
 234 1248.9990 1265.4570    16     4     5  1776    46
 235 1260.0521 1265.8482    15     4     4  1672    49
 236 1271.1441 1266.0390    14     4     4  1585   127
 237 1282.1675 1266.2470    17     5     5  1680   185
 238 1293.2332 1266.7269    17     5     5  1652   120
 239 1304.2290 1266.9956    14     4     4  1497   171
 240 1309.2332 1267.0792     9     3     4   911   352
 241 1315.2321 1267.1038    14     4     4  1495   292
 242 1326.1574 1267.4950    16     4     5  1594   191
 243 1337.1033 1267.8769    15     4     4  1607    88
 244 1348.0615 1268.0556    16     4     4  1637   121
 245 1358.9833 1268.2843    16     4     5  1667   198
 246 1369.8732 1268.7367    15     4     5  1578   101
 247 1380.6549 1268.9526    15     5     4  1583   113
 248 1391.2682 1269.0990    15     5     4  1548   247
 249 1402.0857 1269.3853    16     4     5  1628   306
 250 1412.8929 1269.8139    15     4     5  1572   242
 251 1423.5525 1269.9601    14     4     4  1252   299
 252 1434.1254 1270.1417    13     4     4   957   449
 253 1170.1008 1274.9574    13     4     4  1166   249
 254 1181.4429 1275.0835    16     5     4  1710    74
 255 1192.8898 1275.4144    17     4     5  2030    23
 256 1204.0187 1275.7737    17     4     5  2001    66
 257 1215.2468 1276.0148    16     5     4  1878    92
 258 1226.5816 1276.1616    18     5     5  1893   115
 259 1237.8876 1276.5928    16     4     5  1770    12
 260 1248.9789 1276.8819    16     4     4  1748    19
 261 1260.0853 1277.0821    16     4     4  1714    82
 262 1271.1186 1277.3087    16     4     5  1673   189
 263 1282.2133 1277.7772    17     5     5  1687    75
 264 1293.3284 1277.9888    16     5     4  1651    58
 265 1304.3476 1278.1071    15     5     4  1544   165
 266 1315.3675 1278.4891    18     5     5  1632   176
 267 1326.3267 1278.8941    15     5     4  1529   140
 268 1337.2509 1279.0386    15     5     4  1593   150
 269 1348.1392 1279.2119    15     4     5  1576   244
 270 1359.0692 1279.6385    16     4     5  1652   203
 271 1369.9751 1279.9038    15     4     4  1592   156
 272 1380.8768 1280.0446    15     4     4  1602   145
 273 1391.6484 1280.2807    17     5     5  1598   232
 274 1402.3340 1280.6903    17     5     5  1591   227
 275 1413.0826 1280.9439    15     4     4  1579   240
 276 1423.8808 1281.0285    14     4     4  1262   382
 277 1434.4400 1281.3360    10     3     4   750   460
 278 1169.8219 1286.3369    12     4     4  1066   194
 279 1181.2348 1286.6906    17     5     5  1789   158
 280 1192.6933 1286.9482    16     5     4  2083    30
 281 1203.9810 1287.1031    16     4     4  2012     6
 282 1215.1110 1287.4102    16     4     5  1913    43
 283 1226.5029 1287.8379    17     5     5  1880    61
 284 1237.8063 1287.9843    14     4     4  1722     3
 285 1248.9580 1288.1657    17     4     5  1837    10
 286 1260.0299 1288.5247    16     4     5  1770    44
 287 1271.1484 1288.8934    15     4     4  1660    54
 288 1282.2628 1289.0302    15     5     4  1627   105
 289 1293.3848 1289.2067    16     5     5  1625    93
 290 1304.5193 1289.6261    17     5     5  1627    15
 291 1315.5410 1289.9403    16     5     4  1629    56
 292 1326.4867 1290.0265    16     5     4  1630   107
 293 1337.4172 1290.2633    16     5     5  1573   110
 294 1348.3528 1290.7138    17     5     5  1631    67
 295 1359.2289 1290.9637    15     4     4  1591   151
 296 1370.1241 1291.0780    15     4     4  1596   166
 297 1381.0347 1291.2998    16     4     5  1664   168
 298 1391.8942 1291.7007    15     4     5  1572   183
 299 1402.7328 1291.9173    15     5     4  1536   278
 300 1413.3503 1292.0546    15     5     4  1538   264
 301 1424.0938 1292.2049    14     4     4  1249   383
 302 1434.6142 1292.5118    12     4     4   854   448
 303 1169.6711 1297.7200    13     4     4  1141   192
 304 1181.1335 1298.0691    14     4     4  1786    32
 305 1192.4985 1298.3379    21     5     5  2389    63
 306 1203.9213 1298.6931    17     4     5  2134    34
 307 1215.0913 1298.9508    15     4     4  1939    76
 308 1226.3604 1299.0887    17     5     5  1932    62
 309 1237.7953 1299.4390    18     5     5  1916    24
 310 1248.9472 1299.7828    16     4     5  1822     5
 311 1260.0796 1299.9620    16     4     4  1761    40
 312 1271.1619 1300.1083    17     5     5  1764   104
 313 1282.2905 1300.4546    19     5     5  1809    60
 314 1293.5227 1300.8278    17     5     5  1686    20
 315 1304.6142 1300.9886    16     5     4  1676    42
 316 1315.6974 1301.0848    17     5     4  1681   152
 317 1326.7153 1301.4512    18     5     5  1699   108
 318 1337.6896 1301.8222    16     5     5  1607   167
 319 1348.6007 1301.9824    16     5     4  1654   114
 320 1359.4653 1302.0911    16     5     4  1607   205
 321 1370.3085 1302.3461    15     5     5  1523   252
 322 1381.1599 1302.7431    17     4     5  1685   124
 323 1392.0455 1302.9318    15     4     4  1586   130
 324 1402.9443 1303.0496    15     4     4  1567   314
 325 1413.7721 1303.2556    17     4     5  1607   321
 326 1424.3891 1303.5931    12     4     5  1051   398
 327 1435.0784 1303.9216    13     4     4   918   436
 328 1169.5166 1309.4815    10     4     3  1041   221
 329 1181.0340 1309.7718    14     4     4  1848    77
 330 1192.3212 1309.9664    16     5     4  2243     9
 331 1203.8205 1310.1333    16     4     5  2098    25
 332 1215.0485 1310.4559    16     4     5  2047    16
 333 1226.3054 1310.7946    19     5     5  2070    53
 334 1237.7104 1310.9767    16     5     4  1893     4
 335 1248.9198 1311.1129    16     4     5  1841     1
 336 1260.0253 1311.4215    16     4     5  1807    31
 337 1271.1800 1311.7701    18     5     5  1822    38
 338 1282.4102 1311.9874    16     5     4  1713    35
 339 1293.5927 1312.0574    16     5     4  1663    22
 340 1304.7335 1312.3315    18     5     5  1731    57
 341 1315.8520 1312.7375    15     4     5  1571   142
 342 1326.8341 1312.9353    14     4     4  1550    98
 343 1337.8310 1313.0331    15     4     4  1611    90
 344 1348.8169 1313.2157    17     4     5  1680   117
 345 1359.7681 1313.6118    17     5     5  1637   217
 346 1370.6669 1313.8767    16     5     5  1591   310
 347 1381.4610 1313.9976    16     5     4  1646   287
 348 1392.2431 1314.0945    15     5     4  1544   220
 349 1403.1163 1314.3391    16     4     5  1608   196
 350 1413.9831 1314.6884    16     4     5  1628   245
 351 1424.8011 1314.8817    13     4     4  1208   353
 352 1435.3963 1315.1444    12     3     4   870   455
 353 1169.6915 1321.1059    10     3     4  1043   160
 354 1180.9229 1321.2464    14     4     4  1887    11
 355 1192.1684 1321.5711    18     5     5  2462    27
 356 1203.6948 1321.8823    17     5     5  2231    33
 357 1214.9880 1322.0004    16     4     4  2087    71
 358 1226.1954 1322.1756    17     5     5  2012    41
 359 1237.7034 1322.5151    19     5     5  2012    52
 360 1248.9157 1322.8040    16     4     5  1856     8
 361 1260.0755 1322.9640    16     4     4  1787    14
 362 1271.2005 1323.0733    16     5     5  1735   129
 363 1282.4379 1323.3315    18     5     5  1737    70
 364 1293.6882 1323.7447    17     5     5  1700    65
 365 1304.8249 1323.9382    14     4     4  1565    21
 366 1315.8831 1324.0463    15     4     4  1614   146
 367 1326.9281 1324.2237    17     4     5  1726   210
 368 1337.9489 1324.5505    16     4     5  1671   147
 369 1348.9296 1324.8302    15     4     5  1595    95
 370 1359.8849 1324.9543    15     4     4  1571   144
 371 1370.8594 1325.0694    15     4     4  1593   177
 372 1381.7945 1325.2865    17     4     5  1665   266
 373 1392.6550 1325.6358    15     5     5  1479   228
 374 1403.4423 1325.8661    17     5     5  1612   131
 375 1414.2262 1325.9925    14     4     4  1500   197
 376 1425.0239 1326.0717    13     4     4  1215   360
 377 1435.6222 1326.3111    11     4     4   820   440
 378 1169.5258 1332.7559    10     3     4   965   211
 379 1180.7700 1332.9275    14     4     4  1900    29
 380 1192.0963 1333.1539    18     4     5  2567     0
 381 1203.5497 1333.3655    21     5     5  2500     7
 382 1214.9591 1333.6673    16     4     5  2133    81
 383 1226.1577 1333.9399    15     4     4  1939   119
 384 1237.6046 1334.0201    16     5     4  1919    36
 385 1248.9119 1334.2241    17     4     5  1923    48
 386 1260.0355 1334.5049    16     4     5  1829    26
 387 1271.2270 1334.8333    17     5     5  1795    47
 388 1282.5162 1334.9860    16     5     4  1728    51
 389 1293.8067 1335.0622    15     4     4  1650   100
 390 1304.9126 1335.3153    17     4     5  1754    55
 391 1315.9675 1335.6224    16     4     5  1707    39
 392 1326.9808 1335.8364    16     4     5  1659    96
 393 1338.0318 1335.9730    16     4     4  1633   250
 394 1349.0268 1336.1168    15     4     4  1572   214
 395 1360.0184 1336.3180    16     4     5  1668   181
 396 1370.9971 1336.5990    16     4     5  1669   159
 397 1381.9459 1336.8450    15     4     5  1582   123
 398 1392.8812 1336.9653    15     4     4  1571   289
 399 1403.7987 1337.0502    15     4     4  1577   281
 400 1414.5705 1337.2114    17     5     5  1602   283
 401 1425.3206 1337.4899    14     4     5  1196   288
 402 1436.1370 1337.7384    13     4     4   931   465
 403 1169.0543 1344.1196     5     2     3   342   384
 404 1180.5931 1344.5590    11     4     4  1431    50
 405 1192.0290 1344.9020    16     4     4  2524    13
 406 1203.4141 1345.0423    16     5     4  2314     2
 407 1214.9070 1345.2542    17     4     5  2172    17
 408 1226.0728 1345.4959    16     4     5  2015    28
 409 1237.5629 1345.8275    17     5     5  1931   170
 410 1248.8736 1345.9454    15     4     4  1794   134
 411 1260.0700 1346.0670    16     4     4  1793    97
 412 1271.2592 1346.1931    17     5     5  1772   141
 413 1282.6326 1346.5208    19     5     5  1817   164
 414 1293.8601 1346.8029    16     4     5  1708   155
 415 1304.9222 1346.9345    16     4     4  1693   128
 416 1316.0154 1347.0564    16     4     4  1677   109
 417 1327.0562 1347.2106    16     4     5  1681    86
 418 1338.0753 1347.4323    16     4     5  1657   132
 419 1349.1277 1347.7434    17     4     5  1688   201
 420 1360.1403 1347.9289    15     4     4  1573   239
 421 1371.1414 1348.0165    15     4     4  1567   291
 422 1382.1074 1348.1210    15     4     4  1560   230
 423 1393.0604 1348.3009    16     4     5  1644   212
 424 1403.9821 1348.5832    16     4     5  1665   315
 425 1414.9074 1348.8142    15     4     5  1587   316
 426 1425.7259 1348.9155    14     4     4  1280   359
 427 1436.3889 1349.0758    12     3     4   897   474
 428 1180.5942 1356.4372    10     3     4  1073   345
 429 1191.9429 1356.5661    16     4     5  2509   106
 430 1203.3336 1356.7913    19     5     5  2440    80
 431 1214.8148 1356.9803    18     5     4  2247    79
 432 1226.0927 1357.1372    17     4     5  2107    72
 433 1237.5522 1357.2444    19     5     5  2061    68
 434 1248.9295 1357.5792    17     4     5  1949    84
 435 1260.0562 1357.8057    17     4     5  1936    59
 436 1271.3181 1357.9881    16     5     4  1806    69
 437 1282.6709 1358.0312    17     5     4  1827   241
 438 1293.9158 1358.2557    17     4     5  1853   174
 439 1304.9980 1358.4890    16     4     5  1802    78
 440 1316.0556 1358.7565    17     4     5  1813    73
 441 1327.1503 1358.9248    15     4     4  1668   103
 442 1338.2371 1359.0178    15     5     4  1621    99
 443 1349.3076 1359.1033    16     5     5  1637   238
 444 1360.3357 1359.2605    16     5     5  1585   261
 445 1371.3724 1359.5472    18     5     5  1684   219
 446 1382.3460 1359.7917    18     5     5  1692   312
 447 1393.2728 1359.9296    15     4     4  1560   280
 448 1404.1926 1359.9885    15     4     4  1573   272
 449 1415.1005 1360.0718    15     4     4  1551   338
 450 1425.9694 1360.1445    14     4     4  1271   420
 451 1436.6129 1360.3911    11     4     4   798   473
 452 1191.8617 1368.2775    15     4     5  1806   179
 453 1203.2147 1368.4949    16     4     5  1967   175
 454 1214.7297 1368.7412    17     5     5  1899   267
 455 1226.0426 1368.8652    16     4     5  1928   135
 456 1237.4612 1368.9725    16     5     4  1856   296
 457 1248.8847 1369.1004    15     4     4  1756   200
 458 1260.0159 1369.3611    16     4     5  1808    91
 459 1271.2937 1369.5879    18     5     5  1821   112
 460 1282.7450 1369.8330    17     5     5  1748   265
 461 1293.9035 1369.9058    16     4     4  1702   341
 462 1305.0368 1370.0176    16     4     4  1683   300
 463 1316.1256 1370.1141    16     4     5  1668   178
 464 1327.2314 1370.3034    18     5     5  1719   204
 465 1338.4485 1370.6300    19     5     5  1727   162
 466 1349.6044 1370.8038    16     5     5  1557   213
 467 1360.6432 1370.9297    15     5     4  1518   342
 468 1371.6747 1370.9533    15     5     4  1500   330
 469 1382.6641 1371.0494    15     5     4  1469   335
 470 1393.5870 1371.2104    16     5     5  1432   386
 471 1404.5037 1371.4216    14     5     5  1236   381
 472 1415.4296 1371.6201    14     5     5  1183   304
 473 1426.2973 1371.7226    12     4     4   901   456
 474 1436.9087 1371.8652    12     4     4   715   476
 475 1236.5800 2041.1800     7     3     3   375    -1
