174
   0 2424.8810  921.5476    10     7     3   521   197
   1 2394.0238  938.8690    16     4     5   968    -1
   2 2409.2966  939.6547    21     5     5  1399    -1
   3 2424.8253  940.6440    21     5     5  1425   173
   4 2440.1825  941.6866    20     5     5  1359   122
   5 2455.4255  942.6755    22     5     5  1476   108
   6 2470.7586  943.6900    22     6     5  1479   170
   7 2485.9885  944.7529    23     6     5  1498   166
   8 2501.2199  945.7651    21     5     5  1382    -1
   9 2516.2570  946.7606    21     5     5  1334    -1
  10 2531.2874  947.7953    19     5     5  1204   194
  11 2546.2523  948.8874    17     5     5  1072   161
  12 2397.1254  955.7901    24     6     6  1555   117
  13 2412.5510  956.7741    25     5     6  1779   188
  14 2428.0453  957.7636    26     6     6  1797   102
  15 2443.4886  958.8242    24     5     6  1638   160
  16 2458.8544  959.8038    23     6     6  1545   101
  17 2474.2382  960.8677    23     5     6  1509    -1
  18 2489.4534  961.7733    20     5     5  1322   185
  19 2504.6757  962.8243    20     5     5  1296   180
  20 2519.8227  963.8386    20     5     5  1251   182
  21 2534.9455  964.8591    17     4     5  1070   195
  22 2549.9242  965.8687    16     4     5   998   152
  23 2400.3819  973.3294    22     5     5  1481   190
  24 2415.8897  974.2833    26     6     6  1826    86
  25 2431.4051  975.2010    25     5     6  1745   100
  26 2446.8812  976.2220    26     6     6  1746    89
  27 2462.3308  977.1869    22     5     6  1496   162
  28 2477.6530  978.1311    23     5     6  1516   124
  29 2492.9518  979.0714    21     5     6  1351   178
  30 2508.1703  980.0376    20     5     6  1279   184
  31 2523.3714  980.9481    18     5     5  1141   177
  32 2538.4709  981.9126    18     5     5  1106   196
  33 2553.3466  982.8804    17     5     5  1013   192
  34 2403.5722  990.5541    23     5     5  1538    -1
  35 2419.1128  991.5409    25     6     5  1764    80
  36 2434.7281  992.5224    24     6     5  1691    85
  37 2450.2792  993.5152    23     5     5  1612   109
  38 2465.7579  994.4732    22     5     5  1511   183
  39 2481.1667  995.4377    22     6     5  1469   119
  40 2496.4726  996.3354    22     5     5  1428   107
  41 2511.8972  997.2805    21     5     5  1337   125
  42 2526.9841  998.1627    20     6     5  1252   153
  43 2542.0561  999.0463    16     5     5  1005   179
  44 2557.0036  999.9892    14     4     4   839   189
  45 2406.9403 1008.3966    23     6     5  1527   105
  46 2422.5135 1009.2737    25     5     6  1767    64
  47 2438.1402 1010.1098    27     6     6  1842    77
  48 2453.7623 1010.9933    25     6     6  1696    73
  49 2469.1798 1011.8128    25     6     6  1656    96
  50 2484.5980 1012.7133    22     5     5  1447   118
  51 2499.9735 1013.6558    21     6     5  1371   121
  52 2515.3403 1014.5590    21     5     5  1338   164
  53 2530.5731 1015.4769    19     5     5  1210   181
  54 2545.8305 1016.4237    20     5     5  1236   176
  55 2410.2500 1025.9193    25     5     6  1634    94
  56 2425.7959 1026.7050    28     6     6  1917    44
  57 2441.5305 1027.5631    23     5     5  1641    81
  58 2457.1404 1028.4843    24     6     5  1645    93
  59 2472.6889 1029.4564    23     5     5  1563   104
  60 2488.1639 1030.3705    21     5     5  1413   115
  61 2503.5793 1031.2805    20     5     5  1328   126
  62 2518.9239 1032.0942    21     5     6  1326   134
  63 2534.1850 1032.8346    19     5     5  1204   172
  64 2549.4056 1033.7103    19     5     5  1183   155
  65 2413.5104 1043.6114    23     5     5  1536    92
  66 2429.2692 1044.4961    24     6     5  1707    47
  67 2444.9385 1045.4467    25     6     5  1738    49
  68 2460.6258 1046.2947    24     5     6  1653    66
  69 2476.1804 1047.1102    25     5     6  1663    74
  70 2491.6929 1047.8886    23     5     6  1518   103
  71 2507.0936 1048.6228    21     5     5  1392   154
  72 2522.5612 1049.5306    23     5     5  1444   123
  73 2537.8784 1050.4382    19     5     5  1209   174
  74 2553.0194 1051.1311    16     4     5  1006   186
  75 2416.9454 1061.5410    22     6     5  1466   120
  76 2432.6120 1062.4614    23     5     5  1668    43
  77 2448.4150 1063.2733    25     5     6  1744    57
  78 2464.0828 1063.9946    26     6     6  1765    60
  79 2479.6392 1064.7193    25     5     6  1674    52
  80 2495.2177 1065.5484    22     5     5  1472    75
  81 2510.7232 1066.4449    22     5     5  1445    79
  82 2526.1875 1067.2743    21     5     5  1338   143
  83 2541.5628 1067.9895    22     5     6  1339   147
  84 2556.7250 1068.7875    17     5     5  1010   142
  85 2420.3275 1079.5162    22     5     5  1471   149
  86 2436.0650 1080.3951    26     6     6  1815    25
  87 2451.8528 1081.1023    27     6     6  1863    38
  88 2467.5577 1081.8226    25     5     6  1718    48
  89 2483.2623 1082.6127    21     5     5  1458    88
  90 2498.8714 1083.4814    23     6     5  1527    82
  91 2514.3896 1084.2539    23     5     6  1467    84
  92 2529.8515 1084.9744    22     5     6  1393   113
  93 2545.1392 1085.5980    19     5     5  1205   150
  94 2423.7234 1097.5627    23     5     5  1517    63
  95 2439.5223 1098.4311    24     5     6  1737    20
  96 2455.3436 1099.1158    27     6     6  1868    24
  97 2471.0733 1099.7759    26     6     6  1764    36
  98 2486.7688 1100.5121    23     5     5  1563    67
  99 2502.4393 1101.3997    23     5     5  1529    76
 100 2518.0358 1102.1355    23     6     6  1471    97
 101 2533.4861 1102.7014    21     5     5  1338   112
 102 2548.9926 1103.5515    18     4     5  1172   137
 103 2427.1264 1115.7275    25     6     6  1606    91
 104 2442.9358 1116.4864    26     6     5  1814    18
 105 2458.8447 1117.2174    26     6     6  1799    31
 106 2474.6874 1117.8747    26     5     6  1759    41
 107 2490.3632 1118.5672    23     5     5  1552    71
 108 2506.1394 1119.4070    22     6     5  1455    83
 109 2521.7291 1120.0511    23     5     6  1473    58
 110 2537.2190 1120.6277    21     5     5  1324   111
 111 2552.7551 1121.4671    20     5     5  1243   128
 112 2430.5822 1134.0729    23     5     6  1527    59
 113 2446.4588 1134.7303    25     5     6  1784    12
 114 2462.4163 1135.4749    24     5     6  1678    30
 115 2478.2206 1136.1297    26     6     6  1751    28
 116 2494.0279 1136.6802    25     6     6  1644    45
 117 2509.7767 1137.4589    22     5     5  1465    68
 118 2525.3969 1138.1813    23     5     6  1470   114
 119 2541.0156 1138.6328    18     4     5  1156   116
 120 2556.2923 1139.3907    17     5     5  1033   127
 121 2434.0743 1152.4857    23     6     5  1500    39
 122 2449.9424 1153.0743    28     6     6  1938     4
 123 2465.9071 1153.6837    28     6     6  1879     8
 124 2481.8548 1154.4405    25     6     6  1670    26
 125 2497.6605 1155.0235    24     5     6  1605    46
 126 2513.3771 1155.5743    22     5     5  1450    72
 127 2529.1645 1156.3914    21     5     5  1363    99
 128 2544.8534 1156.9286    21     5     6  1316   110
 129 2437.5209 1170.9621    23     5     6  1533    40
 130 2453.5264 1171.5507    24     5     6  1693     9
 131 2469.5293 1172.2008    26     5     6  1778    10
 132 2485.4659 1172.7227    25     5     6  1690    23
 133 2501.3737 1173.4356    23     5     5  1538    50
 134 2517.1546 1173.9262    25     5     6  1609    56
 135 2532.8248 1174.5418    21     5     5  1361    87
 136 2548.6119 1175.2552    22     5     6  1386    95
 137 2441.0948 1189.4854    23     6     5  1493    42
 138 2457.0767 1190.1000    28     6     6  1915     3
 139 2473.1140 1190.6535    27     6     6  1806    16
 140 2489.1486 1191.3452    27     6     6  1757    14
 141 2505.0247 1191.7935    26     6     6  1685    35
 142 2520.8728 1192.4379    22     6     5  1438    69
 143 2536.6414 1192.9621    22     5     6  1390    70
 144 2552.3040 1193.5200    21     5     5  1300    98
 145 2444.5929 1208.2541    25     5     6  1616    33
 146 2460.6327 1208.8000    26     5     6  1790     6
 147 2476.7511 1209.2825    27     6     6  1796     5
 148 2492.7857 1209.8190    27     6     6  1770    21
 149 2508.7609 1210.4402    23     5     6  1518    29
 150 2524.7043 1210.9268    25     5     6  1578    53
 151 2540.4527 1211.4855    22     5     5  1375    90
 152 2556.0479 1211.8989    17     4     6  1038   106
 153 2448.2147 1227.0994    24     5     6  1547    15
 154 2464.2749 1227.5238    27     6     6  1812     1
 155 2480.4326 1228.0717    26     5     6  1760     7
 156 2496.4949 1228.5126    23     5     5  1546    55
 157 2512.5431 1229.0660    24     5     6  1571    27
 158 2528.4199 1229.5192    22     5     5  1412    54
 159 2544.3778 1230.0926    22     5     6  1370    78
 160 2451.7917 1246.0327    25     5     6  1586    19
 161 2467.8908 1246.3897    28     6     6  1835     0
 162 2484.1268 1246.8967    27     6     6  1776     2
 163 2500.2906 1247.4421    24     6     6  1563    11
 164 2516.2427 1247.7778    23     5     6  1492    37
 165 2532.1895 1248.4134    21     5     5  1327    51
 166 2548.0968 1248.6169    21     5     6  1298    61
 167 2455.2790 1264.6878    22     5     6  1281    22
 168 2471.5000 1265.2391    24     5     6  1476    13
 169 2487.7424 1265.6515    23     5     6  1414    17
 170 2503.9598 1266.2318    22     5     6  1361    65
 171 2520.0019 1266.4767    20     5     6  1257    32
 172 2536.1151 1267.1717    24     5     6  1465    34
 173 2552.1091 1267.5123    20     5     5  1243    62
