493
   0 1940.1745  880.3927   334    41    15 22544    -1
   1 2004.4033  881.7435    19     5     5  1870   417
   2 1969.0273  882.1708   289    26    17 20625   470
   3 2256.6638  890.7586    18     6     4  1016   477
   4 2242.6117  900.5688    16     5     5  1149   448
   5 1925.9626  902.0785    33     6     6  3453   459
   6 1943.2140  903.1840    38     7     7  4897   142
   7 1960.5535  904.4654    41     7     7  5169   148
   8 1977.7918  905.7868    39     7     7  5165    98
   9 1995.0021  907.0159    40     8     7  5272   138
  10 2279.3279  907.5899   210    49    17 12458   460
  11 2012.1274  908.1807    42     8     7  5417   165
  12 2029.1902  909.4520    42     8     7  5328   116
  13 2046.1730  910.7969    43     8     7  5242   192
  14 2063.0509  911.9960    39     8     6  4916   213
  15 2079.8339  913.1381    42     8     7  4924   167
  16 2096.5828  914.4650    41     7     7  4790   252
  17 2113.2523  915.7807    40     7     7  4608   272
  18 2129.7618  916.9669    37     7     6  4360   231
  19 2146.2556  918.1408    37     7     7  4244   306
  20 2162.6546  919.3967    39     7     7  4234   329
  21 1927.8736  920.0910    36     7     6  4145    -1
  22 2178.9962  920.7097    38     8     7  4032   290
  23 1945.2273  921.3536    41     8     7  5746    85
  24 2195.2480  921.9159    37     7     6  3961   362
  25 1962.6255  922.6561    40     7     7  5625    97
  26 2211.4086  923.0437    35     7     6  3764   384
  27 1979.9792  923.9566    43     8     7  5637    63
  28 2227.4893  924.1928    37     7     7  3712   342
  29 1997.1741  925.0599    39     8     7  5270   141
  30 2243.4748  925.4589    38     7     7  3604   392
  31 2014.3575  926.3077    40     7     7  5271   149
  32 2259.4297  926.7349    34     7     6  3122   419
  33 2031.4590  927.5838    41     7     7  5199    96
  34 2275.2932  927.8837    32     7     6  2843   396
  35 2048.4876  928.8162    39     7     7  4932   188
  36 2291.1297  929.1067    29     6     6  2495   434
  37 2065.4165  929.9896    38     7     6  4727   211
  38 2306.8349  930.2760    29     6     6  2325   443
  39 2082.2691  931.1449    38     7     7  4637   168
  40 2322.4518  931.5000    22     5     5  1411   445
  41 2099.0536  932.3890    41     8     7  4671   246
  42 2115.7163  933.6694    40     7     7  4520   263
  43 2132.3394  934.9024    37     7     6  4253   291
  44 2148.8097  936.0089    37     7     6  4159   312
  45 2165.2668  937.1545    37     7     7  4067   326
  46 2181.6391  938.3983    38     7     7  3985   224
  47 1929.8491  938.5960    38     7     7  4401    -1
  48 2197.9478  939.6416    37     7     7  3813   363
  49 1947.2532  939.7952    42     7     7  5819    46
  50 2335.5769  940.2308    14     3     9   726   468
  51 2214.1413  940.8286    33     7     6  3543   380
  52 1964.7012  940.9651    39     7     7  5513    87
  53 2230.3085  941.9525    35     7     6  3593   349
  54 1982.0656  942.1223    42     8     7  5608    53
  55 2246.3355  943.0459    34     7     6  3433   405
  56 1999.3647  943.3447    41     7     7  5508   111
  57 2262.3216  944.1710    35     7     6  3370   412
  58 2016.5891  944.5989    41     7     7  5406   123
  59 2278.2012  945.3311    35     7     7  3236   387
  60 2033.7193  945.7976    41     7     7  5219    79
  61 2294.0658  946.5123    33     6     7  3032   427
  62 2050.7863  946.9523    38     7     7  4911   176
  63 2309.8245  947.6516    31     6     6  2724   432
  64 2336.8750  948.0000     5     2     4   258    -1
  65 2067.7780  948.0460    41     8     7  4931   200
  66 2325.4375  948.7143    24     5     6  1648   471
  67 2084.6550  949.2266    40     7     7  4787   162
  68 2101.5022  950.4456    41     7     7  4736   236
  69 2118.2585  951.7015    39     7     7  4501   266
  70 2134.8607  952.8730    37     7     7  4287   232
  71 2151.4231  953.9989    37     7     6  4177   300
  72 2167.8999  955.0772    36     7     6  4028   324
  73 2184.3147  956.2407    39     7     7  4098   270
  74 1931.8045  957.0450    37     7     6  4303    -1
  75 2200.6510  957.4233    38     7     7  3933   351
  76 2338.6250  957.7500    19     3    14   982   452
  77 1949.2867  958.2306    42     8     7  5846    37
  78 2216.9389  958.6133    37     7     7  3748   371
  79 1966.7694  959.4027    45     8     7  6003    43
  80 2233.0953  959.7448    34     7     7  3489   332
  81 1984.2446  960.5846    45     8     7  5879    22
  82 2249.2045  960.8666    36     7     6  3546   399
  83 2001.5603  961.7648    40     7     7  5448   104
  84 2265.2415  961.9346    34     7     6  3375   406
  85 2018.8327  962.9374    39     8     7  5226   126
  86 2281.1800  963.0206    34     7     6  3250   385
  87 2036.0136  964.0183    41     8     7  5214    81
  88 2297.0781  964.1169    33     6     6  3096   424
  89 2053.1465  965.1328    41     8     7  5114   171
  90 2312.8567  965.2300    31     6     6  2761   429
  91 2070.1953  966.3007    41     8     7  5000   183
  92 2328.5652  966.3787    22     5     5  1545   441
  93 2087.1318  967.4813    43     8     7  4980   155
  94 2103.9913  968.6666    42     8     7  4807   222
  95 2120.7504  969.8273    40     7     7  4588   244
  96 2137.4388  970.9412    39     7     6  4418   273
  97 2340.8000  971.5000    15     3    12   780   451
  98 2154.0466  972.0105    37     8     6  4234   293
  99 2170.5681  973.0873    36     7     6  4063   314
 100 2187.0213  974.1874    39     8     7  4087   204
 101 2203.4068  975.3269    39     7     7  3989   338
 102 1933.8592  975.7605    38     7     7  4414    -1
 103 2219.7092  976.4613    38     7     7  3836   365
 104 1951.3485  976.8532    41     7     7  5773    27
 105 2235.9543  977.5831    35     7     7  3555   316
 106 1968.8937  977.9698    42     8     8  5697    44
 107 2252.0733  978.7186    33     7     7  3361   393
 108 1986.3704  979.0923    42     7     7  5625    39
 109 2268.1487  979.7784    33     7     6  3281   404
 110 2003.7491  980.1789    42     8     7  5557    92
 111 2284.1426  980.8278    33     7     6  3203   383
 112 2021.0870  981.3103    43     8     7  5545   105
 113 2300.1042  981.8787    34     7     6  3168   418
 114 2038.3450  982.4381    41     7     7  5327    71
 115 2315.9039  982.9191    32     6     6  2843   425
 116 2055.4895  983.5755    41     7     7  5201   154
 117 2331.5670  983.9341    25     5     6  1713   431
 118 2072.5861  984.7104    40     7     7  4995   186
 119 2089.5678  985.8147    39     7     7  4797   153
 120 2106.4777  986.9096    40     7     7  4693   223
 121 2123.2895  987.9983    38     7     6  4503   241
 122 2140.0151  989.0344    37     8     6  4339   206
 123 2156.6488  990.1064    40     7     7  4373   284
 124 2173.2410  991.2043    38     7     7  4159   295
 125 2344.5769  991.8846     6     2     5   313   453
 126 2189.7241  992.3012    39     7     7  4083   264
 127 2206.1420  993.4161    38     7     7  3914   327
 128 1935.8757  994.4782    39     7     7  4524    -1
 129 2222.5241  994.4841    41     7     7  4003   346
 130 1953.4212  995.5365    41     7     7  5909    15
 131 2238.8068  995.5663    37     7     7  3659   323
 132 2254.9863  996.6302    36     8     7  3513   381
 133 1971.0195  996.6542    45     8     7  6044    36
 134 2271.0814  997.6777    33     6     7  3265   398
 135 1988.5429  997.7222    42     7     7  5691    19
 136 2287.1062  998.7012    32     6     7  3111   370
 137 2005.9974  998.8402    44     8     7  5666    82
 138 2303.1054  999.7249    32     7     6  3014   416
 139 2023.3566  999.9084    41     7     7  5370   102
 140 2318.9803 1000.7381    31     6     6  2768   426
 141 2040.6569 1000.9657    40     7     7  5167    62
 142 2334.6942 1001.6071    22     5     6  1548   435
 143 2057.8458 1002.0134    39     8     7  5004   163
 144 2074.9853 1003.0621    40     8     7  4955   180
 145 2092.0194 1004.1255    42     8     7  4936   132
 146 2108.9991 1005.2001    41     8     7  4791   219
 147 2125.7950 1006.2717    41     7     7  4691   230
 148 2142.5795 1007.3411    41     7     7  4605   243
 149 2159.3187 1008.4225    41     7     7  4477   271
 150 2175.9231 1009.4823    39     8     7  4207   287
 151 2347.5000 1010.0000    16     3    13   828   449
 152 2192.4681 1010.5513    41     7     7  4213   189
 153 2208.9245 1011.5907    38     7     7  3874   330
 154 2225.3713 1012.6448    39     7     7  3877   334
 155 1937.8965 1013.3092    39     7     7  4482    -1
 156 2241.6703 1013.6659    37     7     7  3682   310
 157 1955.4851 1014.3850    42     7     7  5934    12
 158 2257.9087 1014.6826    37     7     7  3597   375
 159 1973.1762 1015.4059    45     8     7  6045    28
 160 2274.0640 1015.6832    33     6     7  3260   395
 161 1990.7036 1016.4588    44     8     7  5888    29
 162 2290.1106 1016.6777    34     7     7  3197   368
 163 2008.2513 1017.5187    44     8     7  5775    78
 164 2306.1453 1017.6742    33     7     7  3051   414
 165 2025.6247 1018.5723    41     7     7  5482   110
 166 2322.0887 1018.6402    32     6     7  2784   422
 167 2337.8169 1019.4836    22     6     5  1526   430
 168 2042.9962 1019.6324    43     8     7  5443    49
 169 2060.2691 1020.6724    43     7     7  5299   136
 170 2077.4471 1021.7017    41     7     7  5055   169
 171 2094.5216 1022.7436    41     7     7  4920   131
 172 2111.5168 1023.7753    39     7     7  4696   209
 173 2128.4184 1024.8098    39     7     7  4571   227
 174 2145.2606 1025.8679    40     7     7  4490   202
 175 2161.9784 1026.8876    38     8     7  4279   269
 176 2178.6274 1027.8854    40     7     7  4268   283
 177 2195.2404 1028.9163    38     7     7  4026   254
 178 2211.7349 1029.8888    37     7     7  3859   311
 179 2228.1792 1030.8831    35     7     6  3645   345
 180 2244.5319 1031.8960    35     7     6  3601   299
 181 1939.9577 1032.2801    39     7     7  4506   333
 182 2260.8499 1032.8470    36     7     6  3552   373
 183 1957.5832 1033.3124    43     7     7  5994     3
 184 2277.0311 1033.8031    33     6     6  3260   391
 185 1975.3046 1034.3116    42     7     7  5852    35
 186 2293.1184 1034.7652    34     7     7  3178   355
 187 1992.9103 1035.2959    43     8     7  5845    21
 188 2309.2093 1035.7068    35     7     7  3133   411
 189 2010.4672 1036.3476    41     7     7  5587    67
 190 2325.1776 1036.6696    33     7     7  2835   415
 191 2027.9272 1037.3096    43     8     7  5591    95
 192 2341.0237 1037.5118    20     5     5  1422   433
 193 2045.3322 1038.3350    42     7     7  5384    51
 194 2062.6044 1039.3307    43     7     7  5310   140
 195 2079.8388 1040.2966    43     8     7  5193   156
 196 2096.9877 1041.2876    43     8     7  5045   120
 197 2114.0501 1042.2918    42     8     7  4876   194
 198 2130.9792 1043.2462    43     8     7  4813   212
 199 2147.8246 1044.2388    41     7     7  4573   240
 200 2164.6111 1045.2106    39     7     7  4345   259
 201 2181.3422 1046.2041    39     7     7  4238   277
 202 2197.9624 1047.1358    39     8     7  4078   397
 203 2214.5133 1048.1089    38     7     7  3930   307
 204 2231.0230 1049.0849    37     8     7  3787   320
 205 2247.4441 1050.0402    35     7     6  3592    -1
 206 2263.7482 1051.0037    37     7     6  3615   360
 207 1942.0079 1051.3934    39     7     7  4529    -1
 208 2280.0389 1051.9665    34     6     6  3344   386
 209 1959.6927 1052.3640    44     8     7  6076     7
 210 2296.1947 1052.9043    33     7     6  3186   357
 211 1977.4624 1053.3534    44     7     7  5980    31
 212 2312.3546 1053.8698    35     7     6  3194   401
 213 1995.1630 1054.2952    45     8     7  5903    14
 214 2328.2928 1054.7904    33     7     6  2876   420
 215 2012.7337 1055.2561    45     8     7  5780    61
 216 2344.1416 1055.5548    23     5     6  1588   450
 217 2030.2789 1056.2293    41     7     7  5415    99
 218 2047.6786 1057.1807    42     7     7  5348    52
 219 2065.0583 1058.1310    43     8     7  5261   129
 220 2082.3210 1059.0979    41     7     7  5022   159
 221 2099.5089 1060.0556    42     7     7  4913   114
 222 2116.5975 1061.0039    40     7     7  4697   190
 223 2133.5950 1061.9725    38     7     6  4374   221
 224 2150.4886 1062.9004    36     7     6  4075   198
 225 2167.3515 1063.9083    39     7     7  4186   255
 226 2357.1250 1063.9167    12     2    10   624    -1
 227 2184.1278 1064.8767    40     7     7  4222   265
 228 2200.7633 1065.7754    38     7     7  4042   226
 229 2217.3850 1066.7173    39     7     7  4002   297
 230 2233.9148 1067.6053    37     7     7  3769   325
 231 2250.3373 1068.4732    40     7     7  3869   281
 232 2266.7383 1069.3434    39     7     7  3700   352
 233 2283.0245 1070.2110    36     6     7  3430   374
 234 1944.0625 1070.5582    37     6     7  4426   465
 235 2299.2542 1071.0877    35     7     6  3300   339
 236 1961.8247 1071.5025    46     8     7  6239     1
 237 2315.4274 1072.0096    34     7     6  3160   403
 238 2151.8564 1072.3090    48     8     7  5489   172
 239 1979.6194 1072.4509    43     7     7  5977    20
 240 2331.4490 1072.9617    32     7     6  2854   413
 241 1997.3928 1073.3895    42     7     7  5793    18
 242 2347.3697 1073.8269    24     5     6  1668   423
 243 2015.0128 1074.2858    44     8     7  5753    56
 244 2032.5818 1075.2394    43     7     7  5535    90
 245 2050.0862 1076.1552    43     8     7  5369    45
 246 2067.4863 1077.0826    42     7     7  5164   130
 247 2084.7975 1077.9897    40     8     8  4918   158
 248 2102.0375 1078.9357    42     8     7  4930   107
 249 2119.1987 1079.8669    43     8     7  4878   193
 250 2136.2317 1080.7759    41     7     7  4562   207
 251 2153.1554 1081.7853    40     7     7  4226   166
 252 2160.7420 1082.1069    26     7     6  2610   340
 253 2170.1018 1082.5740    39     8     7  4165   256
 254 2186.8451 1083.4492    40     7     7  4243   251
 255 2203.5722 1084.3037    40     7     7  4175   210
 256 2220.2171 1085.1821    39     7     7  3979   302
 257 2236.7729 1086.0531    38     7     7  3820   304
 258 2253.3132 1086.9745    36     7     6  3642   276
 259 2269.7464 1087.9147    37     7     6  3603   348
 260 2286.0990 1088.7735    36     7     7  3416   366
 261 2302.3274 1089.5524    38     7     7  3447   319
 262 1946.1402 1089.8716    39     7     7  4407   456
 263 2318.5537 1090.3245    38     7     7  3353   390
 264 1963.9891 1090.7310    44     8     7  6019     6
 265 2334.6032 1091.1552    34     7     6  2921   410
 266 1981.8255 1091.6314    45     8     7  6063    11
 267 2350.5153 1092.0655    23     5     6  1608   421
 268 1999.5954 1092.5318    42     7     7  5778   469
 269 2017.3418 1093.4676    42     7     7  5647    57
 270 2034.9298 1094.3304    45     8     7  5682    69
 271 2052.4855 1095.2638    43     7     7  5389   408
 272 2069.9588 1096.1196    43     8     7  5223   118
 273 2087.3117 1097.0033    42     7     8  5015   143
 274 2104.5826 1097.8680    41     7     7  4871    -1
 275 2121.7676 1098.7710    41     7     7  4770   177
 276 2138.8426 1099.6586    42     8     7  4660   201
 277 2155.8385 1100.4919    43     8     7  4605   455
 278 2172.7619 1101.3293    39     7     7  4287   234
 279 2189.6163 1102.1776    40     7     7  4252   258
 280 2206.4211 1103.0330    39     7     7  4053   220
 281 2223.1002 1103.9594    37     7     6  3846   296
 282 2239.7406 1104.8103    38     7     7  3824   309
 283 2256.2979 1105.6289    39     7     7  3781   267
 284 2272.7358 1106.3757    39     7     7  3680   335
 285 2289.0907 1107.1568    38     7     7  3520   358
 286 2305.4571 1108.0195    34     7     6  3238   328
 287 2321.7024 1108.9243    34     7     6  3133   388
 288 1948.2366 1109.3521    39     7     7  4520   454
 289 2337.8389 1109.7365    34     6     7  2901   409
 290 1966.1352 1110.2253    47     8     8  6136     0
 291 2353.7775 1110.4850    22     5     5  1500   474
 292 1984.0386 1111.0297    47     8     8  6050     5
 293 2001.8828 1111.8412    44     8     8  5784    -1
 294 2019.6120 1112.6818    43     7     7  5659    50
 295 2037.3267 1113.5604    43     7     7  5561    77
 296 2054.9006 1114.4210    45     8     7  5580    -1
 297 2072.4157 1115.2958    43     7     7  5259   119
 298 2089.8104 1116.1102    43     8     7  5095   139
 299 2107.1579 1116.9557    42     8     8  4830   428
 300 2124.3741 1117.7655    42     7     7  4737   173
 301 2141.5081 1118.6059    41     7     7  4638   197
 302 2158.5561 1119.4356    41     7     7  4564   278
 303 2175.5270 1120.2555    40     7     7  4368   235
 304 2192.4166 1121.0673    40     7     7  4205   238
 305 2209.2600 1121.9441    38     7     7  3992    -1
 306 2226.0068 1122.7835    40     8     7  3993   288
 307 2242.6633 1123.5289    40     7     7  3935   298
 308 2259.2435 1124.2523    37     7     7  3667   372
 309 2275.7545 1125.0547    37     7     6  3559   344
 310 2292.2297 1125.9358    35     7     6  3363   356
 311 2308.5909 1126.7154    37     7     7  3368   308
 312 2324.9010 1127.4299    35     6     7  3149   389
 313 2340.9703 1128.1336    32     6     6  2831   402
 314 1950.3319 1128.8261    41     7     7  4543    80
 315 2357.0763 1128.9374    26     6     6  1739   475
 316 1968.2931 1129.6191    45     8     7  6111     8
 317 1986.2909 1130.4900    46     8     7  6088    13
 318 2004.1776 1131.3309    46     8     7  5932    34
 319 2021.9580 1132.1602    45     8     8  5702    48
 320 2039.6823 1132.9124    44     7     8  5464    74
 321 2057.3279 1133.7126    43     7     7  5386    91
 322 2074.8799 1134.5347    46     8     7  5469   106
 323 2092.3741 1135.3539    42     7     7  5111   127
 324 2109.7230 1136.1424    41     7     7  4799   157
 325 2126.9965 1136.9272    43     8     8  4718   175
 326 2144.2086 1137.7374    41     7     7  4569   195
 327 2161.3137 1138.5267    41     7     7  4525    -1
 328 2178.3115 1139.2818    42     7     7  4456    -1
 329 2195.2460 1140.0571    39     7     7  4147   245
 330 2212.1234 1140.9142    39     7     7  4024    -1
 331 2228.8918 1141.6493    41     8     7  4046   217
 332 2245.6058 1142.3502    39     7     7  3879   292
 333 2262.2620 1143.0860    38     7     7  3690    -1
 334 2278.8166 1143.9357    36     7     6  3496   279
 335 2295.2860 1144.6501    39     7     7  3562   343
 336 2311.7512 1145.3222    39     7     7  3463   463
 337 2328.0227 1146.0561    34     6     6  3108   347
 338 2344.2229 1146.8822    32     6     6  2827   400
 339 2360.2748 1147.5412    22     5     5  1513   444
 340 1952.4638 1148.5252    41     7     7  4673    93
 341 1970.4851 1149.3585    44     7     7  6038     9
 342 1988.5087 1150.0895    46     7     8  5971    10
 343 2006.4392 1150.7894    46     7     8  5870    30
 344 2024.3169 1151.5910    44     7     7  5696    55
 345 2042.0959 1152.3984    46     8     7  5705    75
 346 2059.7834 1153.1976    43     8     7  5305    88
 347 2077.3771 1153.9026    45     7     8  5253   113
 348 2094.8867 1154.6801    45     8     7  5193   128
 349 2112.3476 1155.4506    42     7     7  4895   152
 350 2129.6382 1156.2221    42     7     7  4684   174
 351 2146.8712 1156.9569    41     8     8  4464   179
 352 2164.0252 1157.7236    43     8     7  4570   196
 353 2181.1086 1158.4310    43     8     7  4485   214
 354 2198.0907 1159.1586    40     8     7  4194    -1
 355 2215.0000 1159.9521    38     8     7  3924   262
 356 2231.8224 1160.6899    40     7     7  3985   260
 357 2248.5913 1161.3304    39     7     7  3878   233
 358 2265.2717 1162.0405    38     7     7  3665   461
 359 2281.8982 1162.8453    38     7     7  3565   331
 360 2298.4219 1163.5037    40     7     7  3601   286
 361 2314.8720 1164.1253    33     6     7  3115    -1
 362 2331.2455 1164.9203    34     7     6  3099   378
 363 2347.4901 1165.5950    37     7     7  3060   350
 364 2363.5776 1166.2082    24     5     6  1625   439
 365 1954.6537 1168.3650    41     7     7  4620    76
 366 1972.6660 1169.0781    46     8     8  6071     2
 367 1990.7489 1169.7036    46     8     8  5984    26
 368 2008.7446 1170.5039    46     8     7  5927    38
 369 2026.6779 1171.2923    43     7     7  5568    58
 370 2044.4874 1171.9690    46     7     8  5545    65
 371 2062.2670 1172.6834    44     8     7  5325    83
 372 2079.9240 1173.4175    45     8     7  5330   100
 373 2097.4811 1174.1929    43     7     7  5009   125
 374 2114.9285 1174.8441    42     8     7  4791   150
 375 2132.3370 1175.5777    41     7     7  4701   164
 376 2149.5941 1176.2998    42     7     7  4597   178
 377 2166.7922 1176.9909    40     7     8  4310   199
 378 2183.8824 1177.7335    40     7     7  4270   249
 379 2200.9296 1178.3711    42     8     7  4265   229
 380 2217.9094 1179.0495    39     7     7  3970   250
 381 2234.7968 1179.8342    39     7     7  3904   317
 382 2251.5815 1180.4498    41     7     7  3963   274
 383 2268.3335 1181.0952    40     7     7  3754   305
 384 2285.0128 1181.8566    37     7     7  3496   376
 385 2301.5721 1182.4467    39     7     7  3544   336
 386 2318.0340 1183.0448    34     6     6  3172   354
 387 2334.5180 1183.8559    37     7     7  3238    -1
 388 2350.7540 1184.3942    35     6     7  2931   394
 389 2366.8919 1185.0273    27     6     6  1771   438
 390 1956.8440 1188.2930    41     7     7  4553   108
 391 1974.9028 1188.8929    50     8     8  6249    17
 392 1993.0339 1189.5652    47     8     7  6062    23
 393 2011.1050 1190.3595    46     8     7  5872    33
 394 2029.0550 1190.9907    47     8     8  5723    42
 395 2046.9358 1191.6245    46     8     7  5609    59
 396 2064.7426 1192.3846    44     8     7  5353    86
 397 2082.4642 1193.0674    45     7     8  5209   121
 398 2100.0606 1193.6985    44     8     7  5102   137
 399 2117.5610 1194.4307    41     7     7  4819   146
 400 2135.0059 1195.0976    44     8     8  4730   160
 401 2152.3283 1195.7308    42     7     7  4552   182
 402 2169.5625 1196.4209    41     7     7  4466   191
 403 2186.7343 1197.0866    41     7     7  4261   215
 404 2203.8255 1197.7589    39     7     7  4082   280
 405 2220.8166 1198.3813    39     7     7  4006   239
 406 2237.7404 1199.0213    38     7     7  3801   257
 407 2254.5936 1199.6948    41     7     7  3919   321
 408 2271.4023 1200.2720    40     7     7  3781   301
 409 2288.0938 1200.9562    37     7     7  3492   322
 410 2304.7427 1201.5525    40     7     7  3582   367
 411 2321.2625 1202.0907    37     7     7  3328   353
 412 2337.7505 1202.8370    37     7     7  3227   364
 413 2354.0211 1203.3260    34     6     7  2884    -1
 414 2370.2101 1203.9179    25     5     6  1664   436
 415 1959.0264 1208.3407    40     7     7  4479    64
 416 1977.1264 1208.8688    47     8     8  6073     4
 417 1995.3457 1209.5368    44     7     7  5842    16
 418 2013.4707 1210.2766    46     7     8  5814    41
 419 2031.4480 1210.8190    46     7     8  5667    47
 420 2049.4154 1211.4969    42     7     7  5352    84
 421 2067.2746 1212.2073    45     8     8  5311   103
 422 2085.0074 1212.7257    44     8     7  5160   117
 423 2102.6289 1213.4477    42     7     7  4987   124
 424 2120.2389 1214.0729    42     7     8  4739   135
 425 2137.6784 1214.6461    42     7     7  4695   145
 426 2155.1032 1215.3308    42     8     7  4565   170
 427 2172.3722 1215.9342    44     7     8  4501   184
 428 2189.5582 1216.5555    41     7     7  4337   205
 429 2206.7209 1217.2036    41     7     7  4169   225
 430 2223.7620 1217.8128    40     7     7  3985   237
 431 2240.7359 1218.3844    39     7     7  3896   248
 432 2257.6470 1218.9921    39     7     8  3732   268
 433 2274.4713 1219.6113    41     7     7  3829   285
 434 2291.2148 1220.1124    38     7     7  3541   303
 435 2307.9087 1220.7889    37     7     7  3394   315
 436 2324.4885 1221.2431    39     7     7  3425   337
 437 2341.0210 1221.9428    34     6     6  3055   369
 438 2357.3291 1222.4272    36     7     7  2982   379
 439 2373.5817 1222.9926    25     5     6  1654   440
 440 1961.2078 1228.4310    40     7     7  4464    72
 441 1979.3870 1229.0335    47     7     8  6041    25
 442 1997.6357 1229.5581    44     8     7  5797    24
 443 2015.8285 1230.3071    48     8     8  5822    40
 444 2033.8591 1230.8001    49     8     8  5742    32
 445 2051.8817 1231.4523    46     8     7  5509    73
 446 2069.7772 1232.0867    46     8     8  5327    89
 447 2087.5628 1232.5890    42     7     7  5044   109
 448 2105.3195 1233.3078    42     7     7  4915   115
 449 2122.8921 1233.8043    44     8     8  4832   133
 450 2140.4357 1234.4570    42     7     7  4682   147
 451 2157.8632 1235.0328    44     8     8  4565   161
 452 2175.2146 1235.6010    42     7     7  4416   181
 453 2192.4678 1236.2172    41     7     7  4221   203
 454 2209.6276 1236.7532    42     7     7  4193   216
 455 2226.7154 1237.3104    39     7     7  3965   228
 456 2243.7552 1237.9058    39     7     7  3823   253
 457 2260.7047 1238.4240    40     7     7  3842   261
 458 2277.5817 1238.9889    37     7     7  3515   275
 459 2294.3660 1239.5361    40     7     7  3664   289
 460 2311.0793 1240.0260    36     7     6  3319   318
 461 2327.7741 1240.6201    39     7     7  3391   341
 462 2344.2767 1241.0624    36     7     7  3130   361
 463 2360.7241 1241.7021    35     7     7  2888   382
 464 2376.9745 1242.1327    24     5     6  1573   437
 465 1963.3113 1248.4690    41     7     7  4180   134
 466 1981.6378 1249.1934    46     7     8  5545    70
 467 1999.9254 1249.6172    46     8     8  5422    60
 468 2018.1666 1250.3339    45     8     7  5393    68
 469 2036.3223 1250.8809    47     8     8  5519    54
 470 2054.3651 1251.4997    44     7     7  5492    66
 471 2072.3084 1252.0953    48     8     8  5573    94
 472 2090.1521 1252.5896    46     8     7  5413   101
 473 2107.9152 1253.2372    46     8     8  5253   112
 474 2125.5516 1253.6670    44     7     8  4991   122
 475 2143.1929 1254.3041    43     8     7  4814   144
 476 2160.6221 1254.7803    43     7     8  4672   151
 477 2178.0174 1255.3753    44     8     7  4670   185
 478 2195.3107 1255.8795    44     7     8  4498   187
 479 2212.5500 1256.4377    41     7     7  4329   208
 480 2229.7073 1256.9476    42     7     8  4189   218
 481 2246.7458 1257.4726    41     7     7  4133   242
 482 2263.7739 1257.9934    40     7     8  3895   247
 483 2280.6369 1258.4318    40     7     7  3804   282
 484 2297.5393 1258.9729    39     7     8  3631   294
 485 2314.2686 1259.4308    39     7     7  3510   313
 486 2330.9724 1259.8942    34     6     6  3004   359
 487 2347.5271 1260.3011    38     7     7  3006   377
 488 2363.9917 1260.7915    30     6     6  2344   407
 489 2380.1162 1261.0758    21     5     6  1248   446
 490 2059.9127 1278.6034    23     5     6  2146   442
 491 2338.9766 1282.5016   146    36    10  8519   457
 492 2310.4399 1285.7295    15     4     5  1116   447
