497
   0  878.2681  795.1573    33     7     6  3366   384
   1  810.1729  795.6911   419    63    16 27241    -1
   2 1225.4520  799.2385    52     3    18  3537   447
   3 1189.1532  817.5734    29     7     5  4365   370
   4  772.2735  817.7136    49     8     7  4468    -1
   5  794.9356  819.2756    54     9     8  6359    -1
   6  817.5648  820.6978    54     9     8  6543    -1
   7  840.0651  822.2392    54     8     8  7002    -1
   8  862.6099  823.6575    56     9     8  7423   420
   9  884.9292  825.1853    54     8     8  7670   416
  10  907.0646  826.6154    55     8     8  7908   351
  11  929.1842  828.1553    56     9     8  8304   425
  12  951.2644  829.5643    56     9     8  8368   346
  13  973.1572  831.0968    55     9     8  8747   378
  14  995.0498  832.5465    53     8     8  8760   357
  15 1016.8554  834.0536    53     8     8  9110   320
  16 1038.3977  835.5269    52     9     8  9117   414
  17 1059.9708  837.0028    53     8     8  9643   303
  18  770.6568  838.4242    52     9     8  4934    -1
  19 1081.3421  838.4828    53     9     8  9551   298
  20  793.3104  839.7733    57     9     8  6900    -1
  21 1102.7233  839.9111    55     9     8 10004   286
  22  816.0615  841.2893    54     8     8  6901    -1
  23 1123.9154  841.3982    53     8     8 10038   275
  24  838.7613  842.6914    56     9     8  7174   427
  25 1145.0220  842.7656    53     8     8 10303   272
  26  861.1932  844.2339    56     9     8  7415   327
  27 1165.9804  844.2694    53     8     8 10389   268
  28 1186.9007  845.6004    52     8     8 10329   255
  29  883.7137  845.6312    55     9     8  7528   334
  30 1207.6788  847.0996    51     8     8 10167   252
  31  905.9869  847.1173    53     8     8  7717   372
  32  928.1572  848.5279    54     9     8  7831   343
  33 1228.3651  848.5395    48     8     7  9406   243
  34 1249.0084  849.9029    51     8     8  9401   229
  35  950.2553  849.9799    57     9     8  8335   314
  36 1269.5734  851.4431    46     8     8  8650   224
  37  972.2979  851.4452    54     9     8  8301   307
  38 1289.8349  852.6917    44     8     7  6410   246
  39  994.1766  852.8379    55     9     8  8675   300
  40 1016.0474  854.3316    53     8     8  8843   287
  41 1037.8149  855.7100    55     9     8  9161   278
  42 1059.3257  857.2059    56     9     8  9339   269
  43 1080.8848  858.5759    52     8     8  9357   244
  44  769.0818  859.2071    51     8     8  5008   364
  45 1102.1839  859.9885    53     8     8  9673   237
  46  791.8163  860.6076    57     9     8  6938   335
  47 1123.5464  861.4475    53     9     8  9597   216
  48  814.6518  862.0366    60     9     8  7467   323
  49 1144.7061  862.7602    54     8     8  9857   223
  50  837.3193  863.4473    56     9     8  7298   315
  51 1165.7877  864.2404    50     8     8  9797   204
  52  859.9592  864.8842    54     8     8  7500   304
  53 1186.7326  865.5247    51     8     8  9787   199
  54  882.4174  866.3498    57     9     8  7789   294
  55 1207.5833  866.9250    52     9     8  9854   198
  56  904.8650  867.6914    54     9     8  7837   271
  57 1228.3625  868.3619    50     8     8  9693   183
  58  927.0778  869.1162    54     8     8  8143   253
  59 1249.0744  869.6053    49     8     8  9816   171
  60  949.3150  870.4929    55     9     9  8210   233
  61 1269.6438  871.0313    51     8     8  9728   165
  62  971.3933  871.8711    57     9     8  8651   211
  63 1290.0938  872.4071    44     8     7  6710   181
  64  993.3801  873.3434    56     9     8  8839   194
  65 1015.2471  874.6714    57     9     8  9074   170
  66 1037.0517  876.0994    54     8     8  9385   160
  67 1058.7912  877.4913    52     9     8  9186   148
  68 1080.2539  878.8315    55     9     8  9634   141
  69  767.2981  880.2119    54     9     8  5196   361
  70 1101.8206  880.2642    52     8     8  9647   113
  71  790.2105  881.5515    57     9     8  7023   337
  72 1123.1207  881.5814    54     8     8  9858   116
  73 1144.3437  882.9210    55     9     8 10044   120
  74  813.0873  882.9443    57     9     8  7369   322
  75  835.9634  884.3350    56     9     8  7448   306
  76 1165.5512  884.3365    54     9     8 10020    91
  77 1186.5534  885.5774    51     9     8  9833    80
  78  858.6643  885.6805    57     9     8  7719   296
  79 1207.4824  886.9212    53     9     8  9976    98
  80  881.1557  887.0786    57     9     8  8009   279
  81 1228.3419  888.3270    50     8     8  9829   127
  82  903.6949  888.4653    59     9     9  8131   266
  83 1249.1120  889.5647    49     8     8  9818    -1
  84  926.0133  889.8039    55     8     8  8238   242
  85 1269.7587  890.8838    54     8     8 10014    -1
  86  948.2736  891.1916    58     9     8  8665   220
  87 1290.3218  892.2826    49     8     8  6934    -1
  88  970.5094  892.5086    56     9     9  8645   205
  89  992.6021  893.8437    58     9     8  9111   189
  90 1014.5300  895.2657    57     9     8  9256   167
  91 1036.3583  896.5555    56     9     8  9321   158
  92 1058.0933  897.9137    53     8     8  9626   139
  93 1079.8252  899.2728    53     8     8  9657   124
  94 1101.2835  900.5630    52     9     8  9663   111
  95  765.7950  901.3986    54     9     8  5215   442
  96 1122.7859  901.9010    54     8     8 10144    87
  97  788.6754  902.6426    58     9     8  7164   336
  98 1144.0404  903.2466    53     8     8 10228    74
  99  811.6865  903.9721    60     9     8  7664   317
 100 1165.2485  904.5250    49     8     7  9838    76
 101  834.5213  905.3377    58     9     8  7639   308
 102 1186.3379  905.7548    53     8     8 10084    56
 103  857.2639  906.6606    59     9     8  7889   291
 104 1207.4037  907.1026    53     9     8 10109    44
 105  879.9761  907.9873    55     8     8  7946   274
 106 1228.3089  908.4106    51     8     8  9930    82
 107  902.5071  909.3322    57     9     8  8178   256
 108 1249.1518  909.6003    48     8     8  9789    -1
 109  924.9660  910.6324    54     8     8  8170   236
 110 1269.8888  910.8689    54     8     8 10230    -1
 111  947.2424  911.9431    58     9     8  8781   213
 112 1290.4492  912.2530    45     7     8  6897    -1
 113  969.5904  913.2806    56     9     8  8808   192
 114  991.7610  914.5729    55     9     9  8908   184
 115 1013.8299  915.8533    56     9     8  9403   157
 116 1035.7338  917.2174    56     9     8  9533   143
 117 1057.5119  918.4943    56     9     9  9621   121
 118 1079.1699  919.7712    54     8     8  9847   112
 119 1100.9021  921.0676    53     8     8 10108    93
 120 1122.3114  922.3730    54     9     8 10048    95
 121  764.0863  922.5697    54     8     8  5255   426
 122 1143.7662  923.5833    52     8     8 10046    67
 123  787.0690  923.8826    59     9     8  7349   345
 124 1165.0378  924.8562    52     8     8 10374    55
 125  810.1121  925.1477    58     9     8  7533    -1
 126 1186.1766  926.1080    54     8     8 10453    39
 127  833.0876  926.4500    57     9     9  7586   347
 128 1207.2892  927.3962    51     8     8 10055    38
 129  855.9719  927.7655    57     9     8  7851   288
 130 1228.2712  928.5792    50     8     8  9898    89
 131  878.7682  929.0411    58     9     8  8217   261
 132 1249.1914  929.7580    50     8     8 10028    -1
 133  901.3053  930.3133    57     9     8  8253   250
 134 1270.0105  931.0467    52     8     8 10196    -1
 135  923.9113  931.6049    56     9     9  8338   230
 136 1290.5322  932.3331    45     8     8  6941    -1
 137  946.2454  932.8641    57     9     8  8780   206
 138  968.6756  934.1461    58     9     8  9068   185
 139  990.8988  935.3938    56     9     8  9109   169
 140 1012.9731  936.6752    55     8     8  9337   151
 141 1034.9796  937.9352    54     8     8  9649   132
 142 1056.9212  939.1795    56     8     8  9879   122
 143 1078.7085  940.4405    55     9     8  9797   103
 144 1100.3374  941.6617    56     9     8 10068   101
 145 1121.9618  942.9192    54     8     8 10427    84
 146  762.3192  943.9978    56     9     8  5472   430
 147 1143.3812  944.1598    57     9     8 10442    72
 148  785.5054  945.2344    58     9     8  7358   422
 149 1164.8031  945.3518    53     8     8 10235    62
 150  808.6745  946.4958    61     9     9  7622    -1
 151 1186.0342  946.5408    54     8     8 10307    60
 152 1207.1834  947.7148    51     8     8 10191    59
 153  831.7180  947.7670    58     9     8  7781   331
 154 1228.2299  948.8819    51     8     8 10204    48
 155  854.6711  948.9938    60     9     8  8203   284
 156 1249.2333  950.1184    54     8     8 10303    31
 157  877.4344  950.2360    59     9     8  8241   262
 158 1270.1277  951.3525    52     8     8 10076    26
 159  900.1160  951.4570    57     9     9  8223   247
 160 1290.7795  952.4714    46     8     7  7084    96
 161  922.8319  952.7169    58     9     8  8510   225
 162  945.2130  953.9454    58     9     8  8931   203
 163  967.7557  955.1500    57     9     8  9073   182
 164  990.0065  956.3632    55     8     8  9101   162
 165 1012.1202  957.6104    57     9     9  9420   152
 166 1034.2105  958.8249    57     9     8  9751   138
 167 1056.1529  960.0391    57     9     8 10088   115
 168 1078.0909  961.2154    54     8     8 10072   100
 169 1099.9123  962.4192    55     8     8 10118    77
 170 1121.5381  963.6007    55     9     8 10178    63
 171 1143.0637  964.8108    54     8     8 10463    53
 172  760.7441  965.5226    53     9     8  5219    -1
 173 1164.5328  965.9542    55     9     8 10428    36
 174  783.9059  966.8023    59     9     8  7426   419
 175 1185.8822  967.1312    52     8     8 10428    34
 176  807.1157  967.9721    60     9     8  7749   413
 177 1207.0670  968.2855    53     8     8 10414    37
 178  830.2190  969.1464    60     9     8  7992   340
 179 1228.2198  969.4504    51     8     8 10094    24
 180  853.2411  970.3539    60     9     9  8094   285
 181 1249.2909  970.5687    50     8     8  9913    16
 182  876.1461  971.5932    60     9     9  8278   267
 183 1270.2573  971.6521    50     8     8  9924     9
 184 1291.0043  972.7200    49     8     8  7292    57
 185  898.9738  972.8019    56     8     8  8351   240
 186  921.7265  973.9543    59     9     8  8834   218
 187  944.1918  975.1102    57     9     8  8940   195
 188  966.7804  976.2888    58     9     8  9088   173
 189  989.0705  977.4820    56     8     9  9193   161
 190 1011.3688  978.6780    58     9     8  9579   146
 191 1033.5781  979.8380    58     9     8  9902   126
 192 1055.6468  981.0032    58     9     8 10143   102
 193 1077.5693  982.1779    57     9     8 10205    90
 194 1099.3508  983.3220    56     9     8 10273    71
 195 1121.0975  984.4452    56     8     9 10371    61
 196 1142.7725  985.5929    53     9     8 10289    52
 197 1164.2202  986.7082    52     8     8 10276    29
 198  759.0507  987.2321    56     8     8  5502   429
 199 1185.7060  987.8159    55     9     8 10489    22
 200  782.2523  988.4159    61     9     9  7535   421
 201 1206.9993  988.9398    52     8     8 10583    19
 202  805.6278  989.6223    61     9     9  7767   418
 203 1228.1514  990.0021    53     8     8 10575     7
 204  828.8455  990.7916    60     9     8  7987   350
 205 1249.3327  991.1357    53     8     8 10297     3
 206  851.9250  991.9227    59     9     8  8174   295
 207 1270.3913  992.2548    51     8     8 10009     1
 208  874.9213  993.0428    59     9     8  8359   265
 209 1291.2045  993.4177    48     8     7  7127    35
 210  897.8275  994.1532    60     9     8  8649   251
 211  920.5607  995.3110    59     9     9  8728   228
 212  943.1699  996.4556    59     9     9  8902   212
 213  965.8301  997.6383    59     9     9  9130   186
 214  988.1833  998.7753    59     9     8  9470   179
 215 1010.6204  999.8661    58     9     8  9529   159
 216 1032.9138 1000.9438    55     8     8  9355   135
 217 1055.0093 1002.0881    57     8     8  9815   117
 218 1076.9957 1003.1977    56     8     8 10298    92
 219 1098.9382 1004.3091    55     8     8 10334    85
 220 1120.7483 1005.4453    58     9     9 10484    66
 221 1142.3927 1006.5261    57     9     9 10465    41
 222 1163.9964 1007.6392    55     8     8 10579    32
 223 1185.4905 1008.6574    54     9     8 10406    21
 224  757.2520 1009.0774    57     9     8  5616   435
 225 1206.9198 1009.7358    54     8     8 10609    17
 226  780.6960 1010.1846    61     9     8  7707    -1
 227 1228.1524 1010.7835    51     8     8 10364    13
 228  804.0592 1011.2975    60     9     9  7791    -1
 229 1032.5120 1011.7178    75     9     9 12658   110
 230 1249.3341 1011.8216    52     8     8 10217     4
 231  827.3307 1012.4539    63     9     9  8201   356
 232 1270.4585 1012.8589    52     9     8 10043     2
 233  850.5446 1013.6160    64     9     9  8407   310
 234 1291.3515 1013.9180    47     7     8  7199    46
 235  873.6287 1014.7168    60     9     9  8437   289
 236  896.5928 1015.8139    60     9     8  8754   263
 237  919.4130 1016.8963    60     9     8  9000   241
 238  942.1451 1017.9665    59     9     8  9096   232
 239  964.8629 1019.0238    58     9     8  9274   208
 240  987.3029 1020.1125    59     9     8  9637   188
 241 1009.8279 1021.1721    59     9     8  9553   164
 242 1032.0534 1022.3301    55     8     8  9179   163
 243 1041.7958 1022.7398    38     8     8  6508   341
 244 1054.3091 1023.3467    57     9     9  9635   140
 245 1076.4092 1024.4237    59     9     9 10262   130
 246 1098.4100 1025.4953    59     9     9 10462   201
 247 1120.2721 1026.5692    58     9     9 10521    83
 248 1142.0577 1027.6370    57     8     9 10702    65
 249 1163.7945 1028.6574    54     8     9 10631    40
 250 1185.2673 1029.6683    54     9     8 10496    28
 251 1206.8110 1030.6793    53     8     8 10576    18
 252  755.6038 1031.1244    60     9     8  5899    -1
 253 1228.1398 1031.7088    54     8     8 10526    12
 254  779.0532 1032.1513    60    10     8  7680    -1
 255 1249.3814 1032.6669    53     9     8 10248     5
 256  802.5506 1033.1892    62     9     9  8065    -1
 257 1270.5814 1033.6657    51     8     8 10102     0
 258  825.9121 1034.2607    62     9     9  8215   359
 259 1291.4218 1034.5964    49     8     8  7209    11
 260  849.1390 1035.3467    62     9     9  8405   316
 261  872.2915 1036.4204    62     9     9  8629   305
 262  895.3518 1037.4937    63     9     9  8851   283
 263  918.2742 1038.5639    62     9     9  9017   277
 264  941.0941 1039.6144    60     9     9  9092   248
 265  963.9028 1040.6758    60     9     9  9298   226
 266  986.4780 1041.7086    59     9     9  9502   214
 267 1008.9958 1042.7805    56     8     8  9635   190
 268 1031.3703 1043.7780    59     9     8  9896   175
 269 1053.7453 1044.8258    57     9     8 10070   166
 270 1075.9085 1045.8535    55     9     8 10311   136
 271 1097.9437 1046.8791    55     8     8 10555   125
 272 1119.9287 1047.8711    54     8     8 10650   106
 273 1141.8244 1048.8445    55     9     8 10771    73
 274 1163.4854 1049.8136    56     9     8 10795    64
 275 1185.0990 1050.8179    55     8     8 10852    43
 276 1206.7115 1051.7462    55     9     8 10714    33
 277 1228.1086 1052.7373    54     8     8 10600    25
 278  753.9315 1053.2193    57     9     8  5675    -1
 279 1249.4481 1053.6516    54     9     8 10317     8
 280  777.3892 1054.2506    64     9     9  8027    -1
 281 1270.6915 1054.5999    51     8     8 10157     6
 282  800.9583 1055.2551    62    10     9  8073    -1
 283 1291.6635 1055.4853    46     8     7  7076    10
 284  824.4153 1056.2732    63     9     9  8389   366
 285  847.8048 1057.2973    62     9     9  8533   326
 286  871.0096 1058.3167    61    10     9  8643   309
 287  894.1268 1059.3328    62     9     9  8914   297
 288  917.1360 1060.3143    62     9     9  9119   281
 289  940.0519 1061.3210    59     9     9  9139   259
 290  962.9274 1062.3228    60     9     9  9353   239
 291  985.5884 1063.3096    60     9     9  9508   219
 292 1008.1328 1064.2882    60     9     9  9832   202
 293 1030.6789 1065.2957    61     9     9 10122   196
 294 1053.0192 1066.2472    58     8     9 10223   172
 295 1075.2190 1067.2280    59     9     9 10476   154
 296 1097.3993 1068.2178    58     9     8 10679   131
 297 1119.4556 1069.2014    58     9     8 10813    99
 298 1141.3489 1070.1482    58     9     8 10968   109
 299 1163.1427 1071.0912    56     9     8 11019    79
 300 1184.9689 1072.0208    53     8     8 10933    49
 301 1206.5922 1072.9599    57     9     8 10917    51
 302 1228.0609 1073.9002    52     8     8 10764    42
 303 1249.4903 1074.7715    55     9     8 10474    20
 304 1270.8153 1075.6640    52     8     8 10324    14
 305  752.1357 1075.6711    58     8     9  5752   437
 306 1291.9341 1076.5408    45     8     7  7028    15
 307  775.7582 1076.6032    63     9     9  8015    -1
 308  799.3685 1077.5534    65     9     9  8382   432
 309  822.9402 1078.4927    64    10     9  8434   374
 310  846.3652 1079.4626    64     9     9  8704   339
 311  869.7422 1080.4145    64     9     9  8897   318
 312  892.9416 1081.3547    60     9     9  8838   301
 313  916.0259 1082.2932    60     9     9  9058   293
 314  939.0164 1083.2293    59     9     9  9174   270
 315  961.9393 1084.1832    59     9     8  9317   254
 316  984.7141 1085.1371    60     9     8  9618   235
 317 1007.3156 1086.0885    59     9     8  9930   222
 318 1029.9604 1087.0514    58     8     8 10011   200
 319 1052.3184 1088.0071    60     9     8 10491   191
 320 1074.7870 1088.9519    58     9     8 10563   176
 321 1096.9574 1089.8962    56     8     8 10605   150
 322 1119.0274 1090.8385    56     8     8 10807   137
 323 1141.0510 1091.7282    58     8     9 10964   129
 324 1162.9830 1092.5735    57     8     9 11011   104
 325 1184.8233 1093.4226    57     8     9 10948    78
 326 1206.4522 1094.2955    56     9     8 10811    70
 327 1228.0432 1095.1254    54     8     8 10988    54
 328 1249.5536 1096.0440    57     9     8 10736    27
 329 1270.9680 1096.9662    52     8     8 10689    30
 330 1292.1991 1097.6919    48     8     8  7193    23
 331  750.3382 1098.0211    60     9     8  5967    -1
 332  774.0738 1098.9992    65    10     8  8170    -1
 333  797.7894 1099.9402    62     9     8  8277    -1
 334  821.4491 1100.9108    61     9     8  8507   379
 335  844.9839 1101.8030    62    10     9  8609   355
 336  868.3621 1102.7414    66     9     9  9107   333
 337  891.7375 1103.5978    64     9     9  9182   328
 338  914.9176 1104.4598    62     9     9  9223   313
 339  937.9714 1105.3319    59     9     9  9237   290
 340  960.9563 1106.2269    60     9     9  9419   280
 341  983.8421 1107.1317    60     9     8  9638   260
 342 1006.5576 1108.0472    60     9     8 10045   238
 343 1029.1511 1108.9778    60     9     8 10172   221
 344 1051.7630 1109.9054    59     9     8 10353   210
 345 1074.0716 1110.7971    60     9     9 10495   207
 346 1096.4316 1111.6228    60     9     9 10622   180
 347 1118.6711 1112.4533    61     9     9 10841   155
 348 1140.7837 1113.2554    61     9     9 11104   144
 349 1162.7865 1114.0993    58     9     8 11184   118
 350 1184.6407 1114.9775    58     9     8 11245    94
 351 1206.3173 1115.8125    57     9     8 10995    86
 352 1228.0173 1116.6668    57     8     9 11038    69
 353 1249.6228 1117.4435    57     9     9 10674    50
 354 1271.0425 1118.2039    54     8     8 10820    47
 355 1292.3078 1119.0460    46     7     8  7003    45
 356  748.5687 1120.8051    60     9     9  5999   428
 357  772.3765 1121.6010    66     9     9  8408   434
 358  796.2300 1122.4188    64     9     9  8481    -1
 359  819.9567 1123.2597    65    10     9  8698   380
 360  843.5708 1124.0979    63     9     9  8885   360
 361  867.0878 1125.0272    63    10     8  8960   344
 362  890.4398 1125.9486    60     9     8  9142   325
 363  913.7779 1126.8185    63     9     9  9389   330
 364  936.9308 1127.6510    61     9     9  9387   319
 365  959.9565 1128.4335    61     9     9  9551   302
 366  982.9302 1129.2563    61     9     9  9743   282
 367 1005.7569 1130.0891    60     9     8  9972   264
 368 1028.4277 1131.0034    60     9     8 10291   249
 369 1051.0248 1131.8846    57     8     8 10118   227
 370 1073.5704 1132.7195    63     9     9 10582   215
 371 1095.9578 1133.4650    60     8     9 10610   197
 372 1118.1517 1134.2146    59     9     9 10815   174
 373 1140.3212 1135.0597    59     9     8 11190   153
 374 1162.4315 1135.9106    60     9     8 11307   145
 375 1184.3938 1136.6982    59     9     9 11133   133
 376 1206.2195 1137.4096    58     9     9 11139   105
 377 1228.0183 1138.1250    55     8     8 11127    97
 378 1249.6970 1138.9703    57     9     8 10971    68
 379 1271.1689 1139.7586    54     8     8 10665    58
 380 1292.4055 1140.4727    45     7     7  7204    75
 381  746.8630 1143.4802    62     9     9  6174    -1
 382  770.7029 1144.2593    66     9     9  8464    -1
 383  794.6096 1145.0669    65     9     9  8641   354
 384  818.4607 1145.9701    60     9     8  8644   381
 385  842.1509 1146.8154    63     9     9  8885   371
 386  865.7616 1147.5952    65     9     9  9247   358
 387  889.1917 1148.3424    63     9     9  9330   349
 388  912.5946 1149.0982    62     9     9  9422   338
 389  935.8446 1149.9806    61     9     8  9394   329
 390  958.9647 1150.8388    61     9     9  9500   324
 391  981.9971 1151.6397    62    10     9  9827   312
 392 1004.9335 1152.3655    61     9     9  9970   299
 393 1027.7308 1153.1119    62     9     9 10258   273
 394 1050.3568 1153.9839    60     9     8 10439   257
 395 1072.9814 1154.8130    58     8     9 10376   231
 396 1095.4212 1155.5299    62     9     9 10761   217
 397 1117.8614 1156.2053    61     9     9 10981   193
 398 1140.0284 1157.0253    59     8     8 11094   177
 399 1162.1184 1157.8384    59     9     9 11212   168
 400 1184.1797 1158.4876    59     9     9 11283   147
 401 1206.1129 1159.1364    55     8     8 11206   123
 402 1227.9787 1159.9585    54     8     8 11158   107
 403 1249.7088 1160.6886    56     9     9 10875   108
 404 1271.2828 1161.3540    53     8     9 10495    81
 405 1292.6366 1162.0813    49     8     8  7516    88
 406  745.0794 1166.3700    60     9     9  6169    -1
 407  769.0170 1167.1452    66    10     9  8526   438
 408  793.0345 1167.9777    65    10     8  8676   348
 409  816.9272 1168.7668    65    10     9  8903   383
 410  840.7298 1169.4699    65     9     9  9172   377
 411  864.3846 1170.1792    65     9     9  9376   367
 412  887.9545 1171.0063    64    10     8  9240   362
 413  911.4136 1171.8567    65     9     9  9558   352
 414  934.7983 1172.5381    65     9     9  9674   342
 415  957.9757 1173.2287    62     9     9  9570   332
 416  981.0764 1174.0203    62     9     8  9764   321
 417 1004.0560 1174.8149    62     9     9  9938   311
 418 1026.9697 1175.5291    61     9     9 10171   292
 419 1049.7684 1176.1858    63     9     9 10464   276
 420 1072.3438 1176.9871    60     9     8 10608   258
 421 1094.9620 1177.7537    58     8     9 10654   234
 422 1117.3148 1178.3715    63     9     9 11126   209
 423 1139.7529 1179.0548    59     9     8 11118   187
 424 1161.9524 1179.8637    57     8     9 11125   178
 425 1184.0308 1180.4508    59     8     9 11397   156
 426 1206.0467 1181.0826    56     8     8 11310   142
 427 1227.9527 1181.8836    55     8     8 11252   134
 428 1249.7596 1182.4732    56     8     9 10927   119
 429 1271.3836 1183.1145    54     9     8 10739   114
 430 1292.6778 1183.7686    48     8     8  7400   128
 431  743.2216 1189.5642    63     9     9  6390   373
 432  767.3170 1190.1975    65     9     9  8606   369
 433  791.4130 1190.9868    63     9     8  8670   365
 434  815.3929 1191.7299    67     9     9  9109   363
 435  839.2476 1192.3648    67     9     9  9289   410
 436  863.0615 1193.0683    66    10     9  9198   382
 437  886.6879 1193.8639    64     9     9  9372   433
 438  910.2087 1194.5446    65     9     9  9549   431
 439  933.6646 1195.1569    66     9     9  9703   444
 440  956.9527 1195.9465    63    10     8  9585   445
 441  980.1244 1196.6755    63     9     9  9886   407
 442 1003.1942 1197.2761    64     9     9 10158    -1
 443 1026.1775 1198.0120    61     9     8 10097    -1
 444 1049.0233 1198.7371    58     8     9 10142    -1
 445 1071.8509 1199.3224    63     9     9 10711    -1
 446 1094.3801 1200.0158    60     9     8 10823    -1
 447 1116.9600 1200.7502    58     8     9 10826   245
 448 1139.2917 1201.2682    62     9     9 11205    -1
 449 1161.6899 1201.9704    58     9     8 11180    -1
 450 1183.8956 1202.6411    60     9     9 11456    -1
 451 1205.9760 1203.1404    57     8     9 11375    -1
 452 1227.9306 1203.8923    55     8     8 11268    -1
 453 1249.7978 1204.4346    56     8     9 11000   149
 454 1271.5462 1205.0909    56     9     8 10702   402
 455 1293.0423 1205.6258    49     8     8  7420   406
 456  741.4414 1212.7614    60     9     9  6106   376
 457  765.5405 1213.3506    67     9     9  8683   368
 458  789.7188 1213.9683    66     9     9  8688   375
 459  813.7949 1214.7914    65    10     9  8919   412
 460  837.7645 1215.4816    67     9     9  9483   411
 461  861.6040 1216.1224    68     9     9  9658   423
 462  885.3961 1216.8636    67     9     9  9800   408
 463  909.0130 1217.4619    67    10     9  9943   409
 464  932.5037 1218.0776    63     9     9  9954    -1
 465  955.8998 1218.8008    64    10     9 10071    -1
 466  979.1645 1219.3686    65     9     9 10397    -1
 467 1002.3457 1220.0392    62     9     8 10443   424
 468 1025.3743 1220.7382    66     9     9 10946    -1
 469 1048.2866 1221.2602    64     9     9 11026   415
 470 1071.1433 1221.9627    63     9     9 11047    -1
 471 1093.9281 1222.5504    61     9     9 11348    -1
 472 1116.4554 1223.1046    61     9     9 11551    -1
 473 1138.9787 1223.7865    58     8     9 11519    -1
 474 1161.2988 1224.2333    61     9     9 11778    -1
 475 1183.7036 1224.9422    60     9     9 11987   353
 476 1205.8547 1225.4669    61     9     9 12148    -1
 477 1227.8956 1225.9713    57     8     8 11669   417
 478 1249.8152 1226.4797    58     8     9 11184   405
 479 1271.6497 1226.9736    55     8     8 10319   446
 480 1293.2639 1227.5532    49     8     8  7110    -1
 481 1279.0280 1239.4406     7     4     3   636    -1
 482  860.4951 1247.2850    42     8     7  4342    -1
 483  830.4087 1249.2985    10     3     4   763   448
 484 1193.5884 1255.4724     5     3     3   431    -1
 485 1225.6992 1255.5088    15    14     2  2226    -1
 486 1190.1392 1256.1234     8     2     5   716   385
 487 1240.5667 1303.7667     7     4     3   365    -1
 488 1241.4091 1436.1364     8     3     4   411    -1
 489 1207.3000 1439.7000     7     3     3   360    -1
 490 1241.2273 1441.5000    15     4     7   772    -1
 491 1206.7778 1445.8889    11     2     8   568    -1
 492 1241.6818 1454.0455     6     3     3   311    -1
 493 1208.1667 1454.8333     5     4     2   256    -1
 494 1224.4333 1622.9000    12     3     7   615    -1
 495 1211.5215 1633.1609    99    13    23  5183    -1
 496 1222.5580 2041.8668    58     5    24  3797    -1
