480
   0  197.4339  744.1033    20     6     5  1121    -1
   1  570.6541  760.1404    72    33     7  3892   194
   2  590.4231  766.7564     8     3     4   439    -1
   3   99.2375  768.8484    47     9     7  2769    -1
   4  125.3842  770.7471    48     9     7  2918    -1
   5  553.0523  771.2394    34     8     6  2694   135
   6  151.2119  772.5030    48     9     7  3070    -1
   7  176.9867  774.2985    49     8     7  3239    -1
   8  202.5627  776.0892    53     9     8  3575    -1
   9  228.0606  777.8276    52     8     8  3647    -1
  10  593.9895  779.3766    79    20    10  4663   154
  11  253.3462  779.6054    54     9     8  3877    -1
  12  278.6027  781.4869    54     9     7  3995    -1
  13  303.6659  783.3706    54     9     8  4153    -1
  14  643.3937  784.5731   204    56     8 12129    -1
  15  328.6418  785.1740    57     9     8  4479    -1
  16  353.4945  786.9129    58     9     8  4702    -1
  17  378.2035  788.6921    56     9     8  4726    -1
  18  402.8288  790.5315    56     9     8  4862    -1
  19   95.0926  790.5370    48     8     7  2859    -1
  20  427.2850  792.3707    58     9     8  5151    -1
  21  121.2230  792.4007    48     9     7  2974    -1
  22  451.6677  794.1313    59     9     8  5413   192
  23  147.1339  794.3199    48     9     7  3072    -1
  24  475.8987  795.8438    58    10     8  5471   184
  25  172.9919  796.0497    52     8     8  3344    -1
  26  499.9793  797.5857    58    10     8  5583    -1
  27  198.7801  797.7364    51     9     8  3396    -1
  28  523.9639  799.3800    58    10     8  5709   171
  29  224.2862  799.5659    52     9     7  3587    -1
  30  547.8131  801.0810    58     9     8  5886    -1
  31  249.7441  801.4474    53     9     7  3752    -1
  32  682.9848  802.3485    12     3     6   633    -1
  33  571.5350  802.7685    58     9     8  5958    74
  34  275.0136  803.1865    54     9     8  3909    -1
  35  595.1032  804.5638    55     9     7  5711    80
  36  300.2129  804.8879    57     9     8  4219    -1
  37  618.7086  806.3625    57     9     8  5918    66
  38  325.2992  806.6350    55     9     8  4254    -1
  39  642.1183  808.0060    56     9     8  5944    69
  40  350.2197  808.4673    56     9     8  4452    -1
  41   67.3333  809.5000     5     2     4   256    -1
  42  665.3434  809.6618    51     9     7  4664    60
  43  375.0586  810.2511    57     9     8  4658    -1
  44  399.8175  811.8976    58     9     8  4862    -1
  45   90.8881  812.6150    47     8     7  2837    -1
  46  424.3375  813.6369    56     9     8  4941   172
  47  117.0788  814.4420    48     8     7  3003    -1
  48  448.8137  815.4581    56     9     8  5092   173
  49  143.0739  816.3058    49     8     8  3140    -1
  50  473.1207  817.1663    58     9     8  5357    -1
  51  168.9969  817.9893    52     8     8  3397    -1
  52  497.2862  818.7932    58     9     8  5519   164
  53  194.9129  819.6551    52     9     8  3496    -1
  54  521.3623  820.5100    56     9     8  5494   181
  55  220.5577  821.4811    54     9     7  3706    -1
  56  545.2870  822.2150    60     9     8  5888    -1
  57  246.0663  823.2875    55     9     8  3889    -1
  58  569.1400  823.8491    57     9     8  5872    59
  59  271.4984  824.9406    56     9     8  4087    -1
  60  592.8692  825.5267    56     9     8  5904    65
  61  296.8420  826.5969    57     9     8  4233    -1
  62  616.4876  827.2121    58     9     8  6283    27
  63  321.9308  828.4040    55    10     8  4282    -1
  64  640.0292  828.8072    58    10     8  6360    24
  65  346.9862  830.0883    58    10     8  4605    -1
  66  663.3235  830.4858    51     9     7  4941    36
  67  371.9282  831.7445    59    10     8  4823    -1
  68   62.8000  832.2000     9     3     5   460    -1
  69  396.7598  833.4916    55     9     7  4763    -1
  70   86.5689  834.9724    50     9     8  3008    -1
  71  421.3803  835.2181    59     9     8  5188   169
  72  112.8596  836.5690    48     9     7  3009    -1
  73  445.9358  836.8340    59    10     8  5357   187
  74  139.0098  838.4286    48     8     7  3114    -1
  75  470.3227  838.5173    56     9     8  5282   188
  76  165.0025  840.1671    53     8     8  3458    -1
  77  494.6351  840.2024    59     9     8  5652   163
  78  191.0011  841.7104    54     8     8  3622    -1
  79  518.8086  841.8082    59     9     8  5753   170
  80  542.8276  843.4721    57     9     8  5753    -1
  81  216.8023  843.4875    52     9     7  3642    -1
  82  566.7663  845.0720    58     9     8  6024    54
  83  242.3564  845.2221    56     9     8  3984    -1
  84  590.5576  846.6788    58     9     8  6149    40
  85  267.9370  846.8057    57    10     8  4152    -1
  86  614.2612  848.3050    59     9     8  6380    31
  87  293.2719  848.5245    53     9     7  4079    -1
  88  637.9105  849.8776    59    10     8  6538    21
  89  318.5574  850.2170    57     9     8  4454   162
  90  661.2907  851.4898    51     9     7  5010    23
  91  343.7149  851.8422    58     9     8  4659    -1
  92  368.7549  853.5016    56     9     7  4683   157
  93   58.1667  854.3333     6     2     5   306    -1
  94  393.6317  855.1914    58     9     8  5026    -1
  95  418.3835  856.7952    59     9     8  5277   167
  96   82.1235  857.4294    48     8     7  2910    -1
  97  443.0387  858.4520    59    10     9  5367    -1
  98  108.5533  859.1123    53     9     8  3269    -1
  99  467.5387  860.0639    60     9     8  5662    -1
 100  134.9118  860.6246    50     8     8  3214    -1
 101  491.9340  861.6308    59    10     8  5664    84
 102  161.0067  862.4418    49     8     7  3275    -1
 103  516.1783  863.2784    60     9     8  5888    -1
 104  187.0269  864.0527    54     9     8  3630    -1
 105  540.3184  864.8205    59     9     8  5989    70
 106  212.9706  865.5939    55     9     8  3804    -1
 107  564.3125  866.4387    58     9     8  6014    52
 108  238.6843  867.3493    55     9     8  3938    -1
 109  588.2156  867.9957    61     9     8  6447    38
 110  264.2633  868.9122    57     9     8  4223    -1
 111  612.0530  869.5446    59    10     9  6402    25
 112  289.8042  870.5116    57     9     8  4313    -1
 113  635.7828  871.0946    59     9     8  6687    12
 114  315.1117  872.2009    58     9     8  4538   159
 115  659.2260  872.5924    55     9     8  5305    18
 116  340.3594  873.7696    58     9     8  4721    -1
 117  365.4995  875.4196    58     9     8  4841    -1
 118   54.0714  876.9286     6     2     4   307    -1
 119  390.4973  877.0192    60     9     8  5192    86
 120  415.3628  878.6055    58     9     8  5204   166
 121   77.7544  879.9602    49     8     8  2965    -1
 122  440.1081  880.2073    61    10     8  5571    -1
 123  104.2011  881.5339    51     9     7  3169    -1
 124  464.7146  881.7567    60     9     8  5680   156
 125  130.6836  883.2712    53     9     8  3380    -1
 126  489.2046  883.3347    59     9     8  5763    79
 127  156.9774  884.7862    55     9     8  3592    -1
 128  513.5614  884.8589    60     9     8  6015   128
 129  537.7923  886.3834    58     9     8  5962    67
 130  183.0772  886.4670    53     9     8  3589    -1
 131  561.9012  887.9171    62    10     8  6363    46
 132  209.0330  888.0037    56     9     8  3890    -1
 133  585.8947  889.4338    59    10     9  6320    -1
 134  234.9447  889.5499    55     9     8  3953   153
 135  609.8109  890.9572    60     9     8  6644    20
 136  260.6467  891.1822    57     9     8  4241   146
 137  633.6480  892.4466    61     9     9  6780    10
 138  286.2132  892.7122    56     9     8  4341    -1
 139  657.0881  893.9491    57     9     8  5540    17
 140  311.7104  894.3243    55     9     8  4423    -1
 141  337.0443  895.8885    61    10     8  4911    57
 142  362.2479  897.4570    59     9     9  4949    -1
 143  387.3544  899.0011    61     9     8  5309   152
 144  412.3113  900.5508    60     9     9  5363    -1
 145  437.1808  902.0654    63    10     8  5766    -1
 146   73.3212  902.6673    53     9     8  3170    -1
 147  461.8734  903.6046    60    10     8  5686    -1
 148   99.9556  904.3857    51     8     8  3180    -1
 149  486.4441  905.0987    61     9     8  5983   149
 150  126.4868  905.8562    55     9     8  3508    -1
 151  510.9256  906.6168    60    10     8  5996   105
 152  152.8967  907.4558    51     9     7  3387    -1
 153  535.2494  908.0886    62     9     8  6384    43
 154  179.0916  908.9452    58     9     8  3877    -1
 155  559.4409  909.6049    62     9     9  6435    44
 156  205.1639  910.5203    52     9     7  3683    -1
 157  583.5225  911.0325    60     9     8  6641    35
 158  231.1359  912.0075    58     9     8  4169   141
 159  607.5600  912.5147    65     9     9  6935    22
 160  256.9978  913.5522    58    10     8  4260   140
 161  631.4375  913.9644    60     9     8  7001     6
 162  282.6760  915.0776    58     9     8  4491    -1
 163  655.0288  915.4341    56     9     8  5442    11
 164  308.2372  916.6204    56     9     8  4486    -1
 165  333.6751  918.1272    58     9     8  4802    58
 166  359.0141  919.6424    61    10     8  5073    -1
 167  384.2022  921.1531    62     9     8  5360    -1
 168  409.2494  922.6726    59     9     8  5372    -1
 169   45.1000  922.9000     5     2     4   255    -1
 170  434.2034  924.1200    63    10     8  5824   136
 171   68.9066  925.5829    49     8     8  2969    -1
 172  459.0040  925.6197    63    10     9  5882    -1
 173  483.6501  927.0663    60     9     8  5965   147
 174   95.5842  927.1927    53     9     8  3291    -1
 175  508.2329  928.5315    60     9     9  6051    -1
 176  122.2632  928.6415    54     9     8  3456    -1
 177  532.6598  929.9644    61     9     8  6422    41
 178  148.7317  930.1950    56     9     8  3659    -1
 179  556.9776  931.3699    61    10     8  6448    51
 180  175.0826  931.6308    55     9     8  3713    -1
 181  581.1715  932.8247    61     9     8  6724    37
 182  201.2516  933.1622    59     9     8  4069    -1
 183  605.2678  934.2032    61     9     8  6908     5
 184  227.2482  934.6495    57     9     8  4101   150
 185  629.2495  935.6409    62     9     9  7032     7
 186  253.2634  936.0913    60     9     8  4441   143
 187  652.9312  937.0068    57     9     8  5628     4
 188  279.0703  937.5801    61    10     8  4586    -1
 189  304.7407  939.0730    59     9     8  4732    -1
 190  330.2660  940.5533    60     9     9  4876    -1
 191  355.7029  942.0153    61     9     8  5179    -1
 192  380.9894  943.4635    61    10     9  5267    -1
 193  406.1866  944.9113    60    10     8  5514    -1
 194  431.2200  946.3163    62    10     8  5746    -1
 195  456.1348  947.7960    63    10     8  5995    81
 196   64.3870  948.7429    54     9     8  3231    -1
 197  480.8871  949.1471    63    10     8  6165    71
 198   91.2032  950.2746    54     9     8  3330    -1
 199  505.5472  950.5927    64     9     9  6360    -1
 200  118.0034  951.6056    53     8     8  3379    -1
 201  530.0831  951.9525    64    10     8  6623    50
 202  144.5300  953.1267    55     9     8  3618    -1
 203  554.4675  953.2854    60     9     8  6537    42
 204  171.0530  954.5424    53     9     8  3594    -1
 205  578.7723  954.7352    62    10     8  6820    33
 206  197.2876  955.9824    57     9     8  3961    -1
 207  602.9468  956.0668    63    10     8  7100    13
 208  627.0429  957.3985    63    10     9  7171     9
 209  223.4845  957.4015    57     9     8  4078    -1
 210  650.8713  958.8086    56     8     8  5606     3
 211  249.5249  958.8460    61     9     8  4498   148
 212  275.4640  960.2367    61     9     8  4634    -1
 213  301.2187  961.7084    60     9     8  4742    -1
 214  326.7722  963.0795    59     9     8  4798    -1
 215  352.4314  964.4352    57     9     8  4672   137
 216  377.8311  965.9186    62     9     8  5305    -1
 217  403.0431  967.2835    63    10     8  5654    -1
 218  428.1902  968.7511    63    10     8  5858   160
 219  453.2086  970.0489    63    10     8  6074    -1
 220  478.0906  971.4160    65    10     9  6298    83
 221   59.8813  972.0402    52     8     8  3135    -1
 222  502.8141  972.8196    63    10     8  6432    -1
 223   86.8429  973.4728    52     9     7  3224    -1
 224  527.4505  974.0853    62     9     8  6633    55
 225  113.6963  974.8307    57     9     8  3609    -1
 226  551.9584  975.4377    65    10     9  6830    56
 227  350.7595  975.9607    74    10     8  6259    -1
 228  140.3226  976.2568    57     9     8  3701    -1
 229  576.3505  976.8231    61     9     8  6903    30
 230  166.9380  977.5962    58     9     8  3836    -1
 231  600.6133  978.0580    60     9     8  7088    16
 232  193.3502  978.9477    59     9     8  4058    -1
 233  624.8077  979.3644    64    10     9  7331     1
 234  219.6148  980.3295    57     9     8  4052    -1
 235  648.7470  980.7320    58     9     8  5783     8
 236  245.7500  981.7356    61     9     8  4438   155
 237  271.7665  983.0874    60    10     8  4602    -1
 238  297.6729  984.4472    61     9     9  4791    -1
 239  323.3310  985.8553    61     9     8  4961    -1
 240  348.9695  987.2408    61    10     8  4871   138
 241  360.3411  987.8222    38     8     7  3033   193
 242  374.6129  988.5428    62     9     9  5225   139
 243  399.9109  989.9021    64    10     8  5794    -1
 244  425.2022  991.1625    63    10     8  5944   151
 245  450.2626  992.5624    65     9     9  6169    -1
 246  475.2553  993.8914    64    10     8  6371   145
 247  500.1070  995.1085    65    10     8  6629    -1
 248   55.2042  995.5038    52     9     7  3124    -1
 249  524.8249  996.4189    66    10     9  6815    72
 250   82.3439  996.9030    55     9     8  3410    -1
 251  549.4105  997.7851    64     9     9  6964    49
 252  109.3366  998.1667    57     9     8  3621    -1
 253  573.9109  998.9751    65    10     8  7224    32
 254  136.0721  999.5048    55     9     9  3582    -1
 255  598.3121 1000.1719    63     9     9  7323    15
 256  162.8327 1000.8428    59     9     8  3933    -1
 257  622.5783 1001.5196    65     9     9  7530     2
 258  189.3074 1002.1018    59     9     8  4035    -1
 259  646.5677 1002.8200    60     9     8  6000    14
 260  215.7353 1003.4437    59     9     9  4123    -1
 261  241.9821 1004.7860    59    10     8  4317    -1
 262  268.0996 1006.0372    61    10     8  4621    -1
 263  294.1080 1007.3728    64    10     9  4922    -1
 264  319.9693 1008.7505    63    10     8  5106    -1
 265  345.6781 1010.0409    62     9     8  5217    -1
 266  371.2911 1011.3164    63     9     9  5448   142
 267  396.7552 1012.6701    65    10     9  5848    -1
 268  422.1270 1013.9311    65    10     8  6108    -1
 269  447.3381 1015.1211    62     9     8  6138    -1
 270  472.3872 1016.4080    65     9     9  6458   129
 271  497.3543 1017.7590    64     9     9  6617    62
 272  522.2005 1018.9444    66    10     8  6963    76
 273   50.6560 1019.0706    54     9     8  3245    -1
 274  546.8881 1020.1033    65    10     8  7097    61
 275   77.9180 1020.3880    53     9     8  3284    -1
 276  571.4674 1021.3038    66     9     9  7347    47
 277  104.9246 1021.6842    57     9     8  3599    -1
 278  595.9520 1022.6133    65    10     9  7425    29
 279  131.8960 1022.9364    58     9     8  3789    -1
 280  620.3172 1023.8417    64     9     8  7566    19
 281  158.6419 1024.1388    57     9     8  3844    -1
 282  644.4000 1024.9966    60     9     8  6109    26
 283  185.2718 1025.4765    59     9     9  4015    -1
 284  211.7997 1026.7890    60     9     8  4218    -1
 285  238.1540 1027.9777    61    10     8  4440    -1
 286  264.3874 1029.2279    61     9     8  4586    -1
 287  290.4244 1030.5369    63     9     9  4830    -1
 288  316.4319 1031.8315    61     9     8  5017   131
 289  342.2953 1033.0181    62     9     8  5308    -1
 290  368.0101 1034.2179    66    10     9  5721   144
 291  393.5835 1035.5479    65     9     9  5920    -1
 292  419.0419 1036.8219    66    10     9  6177   177
 293  444.3412 1038.0021    63     9     8  6261    -1
 294  469.4982 1039.1018    63     9     8  6462   120
 295  494.5576 1040.3463    66     9     9  6826    68
 296  519.5035 1041.5790    66     9     9  7033    89
 297   19.0878 1041.8041    47     8     8  2498    -1
 298  544.3249 1042.7961    66     9     9  7207    -1
 299   45.9738 1042.8888    54     8     8  3253    -1
 300  569.0007 1043.9191    66    10     8  7442    77
 301   73.2991 1044.1104    57     9     8  3507    -1
 302  593.5618 1045.0272    63     9     8  7501    28
 303  100.4934 1045.3331    57     9     8  3611    -1
 304  618.0547 1046.1370    67    10     9  7810    34
 305  127.5000 1046.6280    57     9     8  3725    -1
 306  642.2144 1047.2966    62     9     9  6237    39
 307  154.3635 1047.8454    59     9     8  3946   176
 308  181.1841 1048.9666    60     9     8  4108    -1
 309  207.8551 1050.1424    59    10     8  4147    -1
 310  234.3228 1051.3861    62     9     9  4443    -1
 311  260.5910 1052.6929    63     9     9  4622    -1
 312  286.7832 1053.8613    61     9     8  4625    -1
 313  312.9423 1055.0040    64    10     8  5081    -1
 314  338.8678 1056.1518    66    10     9  5494    -1
 315  364.6791 1057.4055    68    10     9  5834    -1
 316  390.3785 1058.6628    67     9     9  6065    -1
 317  415.9434 1059.8500    66    10     8  6234    -1
 318  441.3592 1060.9676    64     9     8  6346    97
 319  466.6141 1062.0443    66    10     8  6664    -1
 320  491.8012 1063.1743    68    10     9  6946    78
 321  516.8132 1064.2912    68    10     9  7183    93
 322  541.7198 1065.4529    68    10     9  7394    96
 323   14.2971 1065.7391    52     8     8  2876    -1
 324  566.5038 1066.6170    66     9     9  7540    85
 325   41.3177 1066.9248    57     9     8  3415    -1
 326  591.2092 1067.7597    68    10     9  7771    45
 327   68.7680 1068.0314    58     9     8  3568    -1
 328  615.7167 1068.8723    65    10     9  7814    48
 329   96.0052 1069.1804    55     8     8  3526    -1
 330  640.0396 1069.9248    61     9     8  6247    64
 331  123.1345 1070.3556    59     9     9  3809    -1
 332  150.1639 1071.5887    59     9     9  3920    -1
 333  177.0893 1072.7673    59    10     8  4031    -1
 334  203.8268 1073.8676    60     9     8  4178    -1
 335  230.3946 1075.0007    64     9     8  4576    -1
 336  256.8299 1076.1001    62    10     8  4573    -1
 337  283.2019 1077.2728    61    10     8  4489    -1
 338  309.4024 1078.4357    64     9     9  4972    -1
 339  335.4212 1079.6408    66     9     9  5495    -1
 340  361.3543 1080.8128    66    10     9  5736   180
 341  387.1573 1081.9069    66    10     8  6008    -1
 342  412.7780 1082.9723    66    10     8  6260    -1
 343  438.3235 1084.0476    64    10     8  6361   103
 344  463.6987 1085.1133    69    10     9  6822   117
 345  489.0054 1086.1921    70    10     9  7141    91
 346  514.1331 1087.2672    69    10     9  7312   100
 347  539.1397 1088.3409    70    10     9  7586   185
 348  564.0300 1089.4136    69    10     9  7746    95
 349    9.6415 1089.7098    52     8     8  2805    -1
 350  588.7936 1090.4702    69    10     9  7950    53
 351   36.5417 1091.0082    55     9     8  3301    -1
 352  613.4274 1091.5559    67     9     9  8072    63
 353   64.0628 1092.1021    56     9     8  3461    -1
 354  637.8017 1092.6592    61     9     9  6311    75
 355   91.5700 1093.1433    58     9     8  3657    -1
 356  118.8025 1094.3089    57     9     9  3703    -1
 357  145.9217 1095.4833    63    10     9  4108    -1
 358  172.9314 1096.6551    62    10     9  4164    -1
 359  199.7821 1097.7538    60     9     8  4198    -1
 360  226.4741 1098.8173    60     9     8  4390    -1
 361  253.0553 1099.9036    62    10     8  4636   123
 362  279.4692 1100.9539    64     9     8  4826    -1
 363  305.8036 1102.0281    63    10     8  4998    -1
 364  331.9615 1103.0636    66    10     8  5495   189
 365  358.0000 1104.1361    67    10     9  5790   190
 366  383.9202 1105.2208    69    10     9  6194   168
 367  409.6396 1106.2820    69    10     9  6431    -1
 368  435.2864 1107.3371    69    10     9  6643   107
 369  460.7785 1108.3822    68    10     9  6829    -1
 370  486.1569 1109.4349    70    10     9  7169    98
 371  511.4083 1110.4332    68     9     9  7336   106
 372  536.4923 1111.4410    67     9     9  7516   108
 373  561.5066 1112.4435    67     9     9  7736   102
 374  586.3937 1113.4514    68     9     9  7972    73
 375  611.1307 1114.4301    70    10     9  8252    -1
 376    6.5750 1114.4500    18     4     7   940    -1
 377   31.8238 1115.2356    56     9     9  3322    -1
 378  635.6052 1115.4016    64     9     9  6573    90
 379   59.4036 1116.3600    58     9     9  3543    -1
 380   87.0687 1117.4341    60     9     9  3728    -1
 381  114.3650 1118.5477    60     9     9  3859    -1
 382  141.5975 1119.6211    62     9     9  4074    -1
 383  168.7381 1120.7013    63     9     9  4238    -1
 384  195.6680 1121.7370    63     9     9  4382    -1
 385  222.5276 1122.7803    63     9     9  4563    -1
 386  249.2607 1123.8253    65     9     9  4821    -1
 387  275.7656 1124.8845    64    10     8  4966    -1
 388  302.1892 1125.8626    67    10     9  5319    -1
 389  328.4685 1126.8942    64     9     8  5422    -1
 390  354.5857 1127.9175    65    10     8  5724    -1
 391  380.5982 1128.9044    65    10     8  6000   174
 392  406.4926 1129.9136    65     9     9  6231    -1
 393  432.2179 1130.9084    69    10     9  6648   115
 394  457.8004 1131.9004    68    10     9  6829   126
 395  483.3200 1132.8591    71    10     9  7245   158
 396  508.6298 1133.8215    65    10     9  7194   110
 397  533.8445 1134.7657    69    10     9  7642    92
 398  558.9818 1135.7016    70    10     9  7925   109
 399  583.9369 1136.6355    70    10     9  8156    88
 400  608.7667 1137.5614    70    10     9  8370    94
 401  633.3292 1138.4437    66     9     9  6766    99
 402   26.9491 1139.9057    56     8     8  3330    -1
 403   54.7925 1140.8962    59     9     8  3586    -1
 404   82.4276 1141.8855    60     9     8  3760    -1
 405  109.9376 1142.9047    59     9     8  3800    -1
 406  137.3027 1143.9008    60     9     8  3973    -1
 407  164.5227 1144.8989    61     9     8  4153    -1
 408  191.6121 1145.8987    62     9     8  4349    -1
 409  218.5405 1146.8788    62     9     8  4507    -1
 410  245.3588 1147.8395    65     9     9  4829    -1
 411  272.0470 1148.8408    66    10     9  5075    -1
 412  298.5442 1149.7920    64     9     9  5193    -1
 413  324.9569 1150.7512    69    10     9  5687    -1
 414  351.1947 1151.6993    69    10     9  5949    -1
 415  377.3208 1152.6469    71    10     9  6334   178
 416  403.3002 1153.5829    70    10     9  6553    -1
 417  429.1470 1154.4882    71    10     9  6842   116
 418  454.8282 1155.4023    71    10     9  7051   161
 419  480.4292 1156.2956    69     9     9  7208   125
 420  505.8885 1157.1964    73    10     9  7622   111
 421  531.2199 1158.0965    68    10     9  7591    -1
 422  556.4337 1159.0052    64     9     8  7616   114
 423  581.4840 1159.9345    68     9     9  8077    87
 424  606.4490 1160.8190    69     9     9  8394    82
 425  631.0562 1161.7294    65     9     9  6677   112
 426   22.0816 1164.7015    56     9     9  3321    -1
 427   50.0588 1165.6029    57     9     9  3462    -1
 428   77.8423 1166.4436    60     9     9  3745    -1
 429  105.4302 1167.3801    62     9     9  3959    -1
 430  132.9450 1168.2548    65    10     9  4196    -1
 431  160.2620 1169.2148    63     9     9  4230   134
 432  187.4976 1170.1291    63     9     8  4382    -1
 433  214.4986 1171.0697    64     9     8  4606    -1
 434  241.4503 1172.0094    64     9     8  4790    -1
 435  268.2647 1172.9695    65    10     8  5022    -1
 436  294.8942 1173.8952    66    10     9  5284    -1
 437  321.3822 1174.8173    69    10     9  5691    -1
 438  347.7224 1175.6856    69    10     9  5977    -1
 439  373.9682 1176.5650    71    10     9  6367   183
 440  400.0497 1177.4003    72    10     9  6689   165
 441  425.9988 1178.2778    71    10     9  6826   124
 442  451.8082 1179.1322    72    10     9  7056   179
 443  477.5133 1180.0049    66     9     9  6976   121
 444  503.0853 1180.9191    70    10     9  7399   118
 445  528.5081 1181.7538    70     9     9  7708   104
 446  553.8125 1182.5614    71    10     9  8078    -1
 447  579.0226 1183.3466    72    10     9  8365   101
 448  604.0587 1184.1778    71    10     9  8519    -1
 449  628.7408 1185.0100    63    10     8  6593    -1
 450   17.4017 1189.3940    57     9     9  3369    -1
 451   45.2740 1190.1703    61     9     9  3696    -1
 452   73.2076 1191.1261    61     9     9  3823    -1
 453  100.9229 1192.1575    61    10     8  3958    -1
 454  128.5113 1193.0919    64     9     8  4266    -1
 455  155.9543 1194.0302    63    10     8  4310    -1
 456  183.3014 1194.8934    64     9     9  4509    -1
 457  210.4540 1195.6939    67     9     9  4851    -1
 458  237.4919 1196.5202    67     9     9  5086    -1
 459  264.4029 1197.3205    66     9     9  5216    -1
 460  291.2066 1198.1756    70    10     9  5630    -1
 461  317.7604 1199.0485    68    10     8  5781    -1
 462  344.2836 1199.9392    71    10     9  6166    -1
 463  370.5714 1200.7541    72    10     9  6528   186
 464  396.7826 1201.5549    72    10     9  6862   175
 465  422.8162 1202.3574    73    10     9  7107   130
 466  448.7492 1203.1463    72    10     9  7244   133
 467  474.5895 1203.9572    67    10     9  7114   182
 468  500.2564 1204.7762    72    10     9  7734   127
 469  525.7590 1205.4832    73    10     9  8067   122
 470  551.2217 1206.1820    70    10     9  8010   191
 471  576.4837 1206.9299    65     9     9  7865   113
 472  601.6037 1207.7382    67    10     9  8035   119
 473  626.4507 1208.4489    66     9     9  6624    -1
 474  122.5704 1225.9155    33     7     6  1792    -1
 475  583.0287 1233.9386   478    96    16 30535     0
 476  506.5382 1237.2445    39     8     7  3077    -1
 477  539.4640 1238.1880    15     5     5  1000   132
 478  529.6491 1241.0351     7     3     3   464    -1
 479  538.2292 1248.5625     9     3     4   546    -1
