435
   0 2165.0000 1030.0000     6     3     3   310    -1
   1 2178.0111 1030.0611    14     4     4   880   395
   2 2191.2647 1030.9202    17     5     5  1088   207
   3 2204.6197 1031.5309    17     5     5  1109   153
   4 2217.9172 1032.1690    16     4     5  1090    -1
   5 2231.0773 1032.9890    16     4     4  1117    -1
   6 2244.2092 1033.8627    19     5     5  1256   143
   7 2257.4145 1034.5526    19     5     5  1254   197
   8 2270.4609 1035.1619    18     5     5  1181    -1
   9 2283.5041 1035.9979    18     5     4  1141   203
  10 2296.5244 1036.8659    16     5     4  1005   213
  11 2309.3660 1037.5103    17     5     5  1044   387
  12 2322.2978 1038.2079    13     4     4   828    -1
  13 2335.0561 1039.0348    14     4     4   887   184
  14 2347.8515 1039.7788    14     4     4   865   257
  15 2360.5336 1040.4832    11     4     4   669   277
  16 2373.2826 1041.2319    13     4     4   788   285
  17 2385.7667 1041.9167    13     4     4   770   284
  18 2398.4247 1042.6828    10     3     4   593   401
  19 2410.8548 1043.4355    10     4     3   562   321
  20 2166.8285 1043.9599    15     4     4   887    -1
  21 2423.3667 1044.3000     9     3     4   480   406
  22 2180.0940 1044.7997    18     5     5  1267    -1
  23 2435.6667 1045.0000     5     3     2   256   362
  24 2193.5307 1045.4821    21     5     5  1441    81
  25 2206.8789 1046.1895    18     5     5  1251   120
  26 2220.1075 1046.9922    16     5     4  1121   105
  27 2233.4161 1047.7871    19     5     5  1260   159
  28 2246.6443 1048.4564    19     5     5  1248   121
  29 2259.8222 1049.0889    17     5     5  1120   149
  30 2272.9414 1049.9648    14     4     4   956    -1
  31 2285.9825 1050.7281    16     4     5  1028   407
  32 2298.9600 1051.2800    16     4     5  1000   379
  33 2311.9333 1052.0778    14     4     4   880    -1
  34 2324.7917 1052.8810    13     4     4   818    -1
  35 2337.6314 1053.6241    13     4     4   787   242
  36 2350.3786 1054.1357    12     4     4   740   253
  37 2363.2188 1055.0234    14     4     4   828   201
  38 2375.7368 1055.6842    13     4     4   764   276
  39 2388.5588 1056.4294     9     3     3   535   319
  40 2401.1087 1057.1630    13     4     4   742   254
  41 2413.5260 1057.6818    10     3     4   577   336
  42 2426.2586 1058.5862     8     3     3   458   338
  43 2169.0325 1058.9740    14     4     4   854    -1
  44 2438.6228 1059.3421     9     3     4   507   318
  45 2182.3107 1059.6688    19     5     5  1341    71
  46 2451.0526 1059.8947     8     3     4   438   335
  47 2195.7424 1060.3308    19     5     5  1346    87
  48 2209.0855 1061.0217    18     5     5  1245    79
  49 2222.4666 1061.8222    19     5     5  1279   125
  50 2235.7988 1062.5213    20     5     5  1328   151
  51 2248.9517 1063.1172    16     4     5  1090   133
  52 2262.1557 1063.9652    15     4     4  1023   229
  53 2275.3182 1064.6777    18     5     5  1142    -1
  54 2288.2946 1065.2500    16     5     5  1024   189
  55 2301.3889 1066.0354    15     5     4   948    -1
  56 2314.3563 1066.8161    14     4     4   874   236
  57 2327.2654 1067.4074    14     4     5   862   274
  58 2340.1770 1068.1522    14     4     4   861   255
  59 2353.0168 1068.8691    14     4     4   849   261
  60 2365.7586 1069.5517    12     4     4   716   260
  61 2378.4907 1070.1389    11     3     4   658   304
  62 2391.2339 1070.9128    13     4     4   759   398
  63 2403.7184 1071.4770    11     4     3   637   294
  64 2416.5704 1072.3732    10     3     4   571   340
  65 2428.9688 1073.0156    10     4     4   564   312
  66 2441.4074 1073.5926     8     3     3   454   358
  67 2171.0875 1074.0187    14     4     4   860    -1
  68 2453.7857 1074.4048     8     3     3   442   414
  69 2184.5076 1074.5680    21     5     5  1447   112
  70 2197.9856 1075.2323    18     4     5  1281    88
  71 2211.3764 1075.9943    18     5     4  1248    94
  72 2224.8107 1076.7692    20     5     5  1338    49
  73 2238.0247 1077.2716    18     4     5  1224   123
  74 2251.2682 1078.0121    18     5     4  1189   108
  75 2264.6615 1078.8692    17     5     5  1110   388
  76 2277.8113 1079.3599    18     5     5  1157   188
  77 2290.8723 1080.0325    15     4     4   981   170
  78 2303.8971 1080.8923    14     4     4   909   193
  79 2316.8736 1081.4195    16     4     5   974    -1
  80 2329.7934 1082.0150    14     4     4   867   248
  81 2342.6962 1082.8861    13     4     4   808   266
  82 2355.5238 1083.4206    14     4     5   826   234
  83 2368.4120 1084.1560    12     4     4   725   297
  84 2381.1306 1084.8604    14     4     4   811   280
  85 2393.7414 1085.4080    11     4     3   637   300
  86 2406.5238 1086.0714    10     3     4   584   273
  87 2419.1667 1086.7609    10     4     4   569   309
  88 2431.5714 1087.4286     8     3     3   456   402
  89 2444.1667 1088.0833    10     4     4   548   346
  90 2456.4250 1088.5750     8     3     3   440   415
  91 2173.2386 1088.9771    15     4     4   903    -1
  92 2186.8154 1089.6002    21     5     5  1459    54
  93 2200.1862 1090.2117    21     5     5  1442    50
  94 2213.7594 1090.9813    18     5     4  1247    73
  95 2227.0516 1091.6091    18     4     5  1239   119
  96 2240.3956 1092.2405    20     5     5  1316   124
  97 2253.7898 1092.9806    17     5     4  1133    96
  98 2266.9982 1093.6935    18     4     5  1179   172
  99 2280.1076 1094.1076    15     4     5   987   376
 100 2293.2465 1094.9507    15     4     4   963   171
 101 2306.3936 1095.6170    15     4     5   938   195
 102 2319.3400 1096.1286    15     5     4   925   208
 103 2332.4150 1096.9444    14     4     4   853   221
 104 2345.3045 1097.5451    14     4     5   833    -1
 105 2358.1783 1098.1294    13     4     4   793   210
 106 2370.9750 1098.8250    13     4     4   770   220
 107 2383.7111 1099.4111    12     4     4   690   289
 108 2396.5108 1100.0484    10     3     4   593   292
 109 2409.2654 1100.7840    10     4     4   581   298
 110 2421.6714 1101.3000    10     4     4   570   322
 111 2434.3710 1101.8387     9     3     4   512   334
 112 2446.8902 1102.4756     9     4     3   491   301
 113 2459.5000 1103.3857     8     3     3   435   353
 114 2175.4930 1103.9930    14     5     4   842   224
 115 2188.9769 1104.6821    19     4     5  1340   147
 116 2202.5399 1105.3628    20     5     5  1401    60
 117 2216.0086 1105.9914    16     4     4  1148   139
 118 2229.3974 1106.6453    19     5     5  1301   107
 119 2242.8058 1107.1850    19     5     5  1277   104
 120 2256.0714 1107.9460    15     4     4  1037   110
 121 2269.4016 1108.5433    18     5     5  1154   363
 122 2282.6282 1109.0897    18     5     5  1134   145
 123 2295.8784 1109.9550    15     4     4   972   141
 124 2308.9069 1110.3775    17     4     5  1054   200
 125 2321.9819 1110.9922    14     4     4   893   160
 126 2334.9083 1111.8373    14     4     4   869   113
 127 2347.8958 1112.2153    14     4     4   844   183
 128 2360.7353 1112.9412    13     4     4   786   209
 129 2373.6604 1113.5849    13     4     4   756   278
 130 2386.4423 1114.0769    11     3     4   654   275
 131 2399.3193 1114.7892    11     4     4   633   310
 132 2411.7188 1115.4062    10     4     3   564   325
 133 2424.5411 1115.9795    10     3     4   573   316
 134 2437.2778 1116.5926     9     4     3   504    -1
 135 2449.6837 1117.2143     9     3     4   499    -1
 136 2462.2500 1117.6389     8     3     3   436   389
 137 2177.7639 1119.1111    15     4     4   894   396
 138 2191.2084 1119.8248    19     5     5  1341    35
 139 2204.8471 1120.4709    20     5     5  1412    59
 140 2218.2449 1121.0159    19     5     5  1295    62
 141 2231.8237 1121.7861    20     5     5  1346   106
 142 2245.0801 1122.2372    19     5     5  1262   103
 143 2258.5480 1122.9576    18     5     4  1171    82
 144 2271.8948 1123.6033    18     4     5  1171   180
 145 2285.0429 1124.0347    14     4     4   945   190
 146 2298.2963 1124.8519    17     5     5  1066   134
 147 2311.3051 1125.2641    16     5     5   995   164
 148 2324.5000 1126.0031    14     5     4   863   216
 149 2337.5368 1126.7206    12     3     5   736   394
 150 2350.4160 1127.0725    13     5     4   781   240
 151 2363.5179 1127.8661    11     3     4   662   400
 152 2376.3039 1128.3922    12     4     4   702   262
 153 2389.1800 1128.9700    12     4     4   700   283
 154 2401.9103 1129.4615    11     4     4   628   272
 155 2414.5704 1130.1901    10     3     4   571   323
 156 2427.3833 1130.7500     9     3     4   510    -1
 157 2439.7593 1131.2963    10     4     4   554   308
 158 2452.4362 1131.6489     9     3     4   497   357
 159 2465.2576 1132.5303     8     3     3   433   403
 160 2179.9841 1134.5764    17     4     5  1007   378
 161 2193.5214 1135.0508    20     5     5  1374    45
 162 2207.0865 1135.6830    20     5     5  1399    39
 163 2220.6852 1136.2593    20     5     5  1378    74
 164 2234.0761 1136.9060    17     5     5  1185    85
 165 2247.5833 1137.4321    19     5     5  1274   100
 166 2260.9729 1138.0054    15     4     4  1027    84
 167 2274.2614 1138.6136    19     5     5  1214    93
 168 2287.5221 1139.1018    15     5     4   976   174
 169 2300.8251 1139.9187    14     4     4   903   156
 170 2313.9175 1140.2526    16     4     5   994   148
 171 2327.0697 1140.9970    14     4     4   865   237
 172 2340.1378 1141.5787    13     4     5   777   191
 173 2353.1489 1142.0191    14     4     4   831   252
 174 2365.9673 1142.7430    13     4     4   757   246
 175 2378.9200 1143.2600    12     4     4   700   235
 176 2391.6900 1143.8700    13     4     4   750   409
 177 2404.5800 1144.3667    10     3     4   575   314
 178 2417.4474 1144.9211    10     3     4   576   356
 179 2430.2143 1145.5536    10     4     3   556    -1
 180 2442.6607 1146.1071     9     3     4   506   343
 181 2455.4130 1146.5870     8     3     3   446   354
 182 2468.0135 1147.1216     9     4     4   487   333
 183 2182.1736 1149.9514    15     4     4   894   377
 184 2195.8416 1150.3928    20     5     5  1401    24
 185 2209.3851 1150.9360    19     5     5  1333    34
 186 2222.9817 1151.5052    18     4     5  1282   117
 187 2236.4750 1152.0187    19     5     5  1270    80
 188 2249.9938 1152.7125    18     4     5  1220    98
 189 2263.3132 1153.1154    19     5     5  1223    48
 190 2276.7892 1153.8815    17     5     5  1099   118
 191 2290.0238 1154.2273    16     4     5  1031   126
 192 2303.2990 1154.9573    16     5     4   999   122
 193 2316.3919 1155.3649    17     5     5  1035   154
 194 2329.5903 1155.9861    13     4     4   794   239
 195 2342.5826 1156.4266    13     4     5   759   205
 196 2355.6681 1156.9790    13     4     4   769   269
 197 2368.7095 1157.7571    13     4     4   755   181
 198 2381.5526 1158.0789    10     3     4   595   296
 199 2394.4659 1158.7614    11     3     4   638   288
 200 2407.4651 1159.3023    11     3     4   636   328
 201 2420.2465 1159.8239    10     4     4   571    -1
 202 2432.9912 1160.4649    11     4     4   607   341
 203 2445.4474 1160.8684    11     3     4   607   392
 204 2458.3444 1161.5667     8     3     3   445   348
 205 2470.7581 1161.7903     7     3     4   381   324
 206 2344.1182 1164.1455    15     4     5   860   225
 207 2184.3397 1165.1718    15     4     5   881   243
 208 2198.0773 1165.7371    19     5     5  1338    21
 209 2211.7738 1166.3068    19     5     5  1359    26
 210 2225.2977 1166.8419    20     5     5  1351    43
 211 2238.9319 1167.3812    18     4     5  1245    69
 212 2252.3081 1167.9579    18     5     4  1197    89
 213 2265.8785 1168.4792    19     5     5  1238    95
 214 2279.1870 1168.9959    16     5     4  1046   179
 215 2292.5437 1169.5087    17     5     5  1079   136
 216 2305.8944 1169.9977    15     4     4   963   142
 217 2319.0307 1170.6341    17     4     5  1029   127
 218 2332.1908 1171.1118    14     4     4   852   206
 219 2345.3596 1171.7368    12     4     4   714   227
 220 2351.2593 1171.9444     7     4     2   404   219
 221 2358.4076 1172.0798    12     4     4   719   211
 222 2371.4633 1172.8303    13     4     4   759   232
 223 2384.3857 1173.1190    12     4     4   705   259
 224 2397.2717 1173.8152    12     4     4   692   268
 225 2410.2159 1174.2500    13     4     4   738   270
 226 2422.8600 1174.7267    12     4     4   675   306
 227 2435.6207 1175.3103     9     3     4   508   339
 228 2448.4000 1175.7200     9     3     4   500    -1
 229 2461.1970 1176.4697     7     3     3   383   361
 230 2473.6333 1176.6667     7     3     3   380   330
 231 2186.8897 1180.6765    15     4     5   886   386
 232 2200.4103 1181.2177    20     5     5  1379    14
 233 2214.0803 1181.7021    19     5     5  1336    23
 234 2227.7877 1182.2616    19     5     5  1315    31
 235 2241.1946 1182.7335    19     5     5  1284    53
 236 2254.8490 1183.2416    18     5     5  1198    68
 237 2268.2744 1183.8647    18     5     5  1166    66
 238 2281.7390 1184.2570    18     5     5  1151   109
 239 2295.0546 1184.8866    16     4     5  1038   152
 240 2308.2604 1185.2083    16     5     5   992    90
 241 2321.7395 1185.9012    14     4     4   867   187
 242 2334.7867 1186.2203    16     4     5   943   202
 243 2347.9797 1186.9122    14     4     4   848   175
 244 2361.0360 1187.2120    13     4     4   775   192
 245 2374.0547 1187.9297    14     4     4   828   231
 246 2387.1078 1188.2353    13     4     4   752   241
 247 2399.9948 1188.8918    13     4     4   747   238
 248 2412.8721 1189.2907    11     4     4   636   279
 249 2425.6154 1189.8590    11     3     4   628   287
 250 2438.5625 1190.1406    10     3     4   564   366
 251 2451.3824 1190.7353     9     3     4   501   344
 252 2463.7973 1191.2297     8     3     4   437   349
 253 2476.5345 1191.4655     8     3     3   429    -1
 254 2189.0931 1196.2103    16     4     5   945   249
 255 2202.7547 1196.7118    21     5     5  1423    13
 256 2216.4467 1197.2440    20     5     5  1375    18
 257 2230.0859 1197.6944    20     5     5  1355    40
 258 2243.7454 1198.2331    19     5     5  1276    47
 259 2257.1711 1198.6661    20     5     5  1301    56
 260 2270.8405 1199.1667    18     5     5  1179    27
 261 2284.1378 1199.7205    17     4     5  1104   144
 262 2297.6215 1200.0514    16     5     4  1014   131
 263 2310.9680 1200.7512    17     4     5  1053    91
 264 2324.1705 1201.0568    14     4     4   876   186
 265 2337.4404 1201.5927    15     4     5   901   167
 266 2350.6020 1201.9898    13     4     4   797   178
 267 2363.7385 1202.6615    14     4     5   830   307
 268 2376.6760 1202.9400    14     4     4   825   212
 269 2389.7718 1203.4612    13     4     5   753   230
 270 2402.6263 1203.9842    12     4     4   695   247
 271 2415.5417 1204.2917    11     3     4   622   258
 272 2428.5000 1204.9250    11     3     4   630   320
 273 2441.4365 1205.3095    11     3     4   613   291
 274 2454.3085 1205.7128     9     3     4   497   317
 275 2466.8000 1206.2000    10     4     4   540   342
 276 2479.4677 1206.5968     9     3     3   481    -1
 277 2191.3130 1211.9228    15     4     4   873   373
 278 2205.0149 1212.3726    20     5     5  1369     7
 279 2218.8251 1212.7869    20     5     5  1366    16
 280 2232.5000 1213.2577    20     5     5  1355    30
 281 2246.0963 1213.7391    19     5     5  1272    37
 282 2259.7690 1214.1655    18     5     5  1190    51
 283 2273.1570 1214.6083    20     5     5  1277    28
 284 2286.8112 1215.0353    15     4     4   991   135
 285 2300.1609 1215.5217    17     4     5  1080   137
 286 2313.5559 1215.9693    16     5     4   979    83
 287 2326.9022 1216.4402    17     4     5  1034   169
 288 2340.1280 1217.0488    14     4     4   864   204
 289 2353.2365 1217.2703    14     4     5   848   150
 290 2366.4265 1217.9338    14     4     4   836   365
 291 2379.4741 1218.1466    12     4     4   716    -1
 292 2392.5654 1218.8178    11     3     4   657   381
 293 2405.4890 1219.0824    11     3     4   641   267
 294 2418.4583 1219.6250    10     3     4   572   355
 295 2431.4231 1219.9872    11     3     4   628   302
 296 2444.3421 1220.6053     9     4     3   507   329
 297 2457.0962 1220.8269    12     4     4   652   311
 298 2469.6951 1221.2073     9     3     4   491   416
 299 2482.5000 1221.5690     8     3     4   429   399
 300 2193.7602 1227.5163    15     4     5   873   138
 301 2207.3860 1227.9986    22     5     6  1451    12
 302 2221.1253 1228.4587    21     5     5  1437     6
 303 2234.9441 1228.8851    19     5     5  1272    19
 304 2248.6487 1229.3734    19     5     5  1266    36
 305 2262.1609 1229.7422    18     5     5  1189    55
 306 2275.8231 1230.1269    18     5     5  1160    57
 307 2289.2189 1230.6124    18     5     5  1149    97
 308 2302.7744 1231.0163    16     5     4  1015   115
 309 2316.1364 1231.4330    18     4     5  1109    86
 310 2329.5000 1231.9724    15     5     4   913   163
 311 2342.7236 1232.2143    15     4     5   911   182
 312 2355.9589 1232.8630    14     4     4   846   165
 313 2369.1577 1233.1107    14     4     4   849   228
 314 2382.3246 1233.6930    14     4     5   814   256
 315 2395.3818 1234.0818    12     4     4   710   281
 316 2408.3837 1234.4302    12     4     5   686   368
 317 2421.4333 1234.9000    10     3     4   575    -1
 318 2434.3082 1235.1712    12     4     4   673   299
 319 2447.2167 1235.6167    11     4     4   610   332
 320 2460.0652 1236.1304    10     4     4   546   412
 321 2472.6250 1236.3750     8     3     3   440   405
 322 2485.4091 1236.7727     9     3     4   483   370
 323 2196.0540 1243.3417    17     4     5   989    99
 324 2209.8064 1243.7396    21     5     5  1409     5
 325 2223.5868 1244.1835    20     5     5  1357    10
 326 2237.3006 1244.5578    20     5     5  1346    32
 327 2251.0119 1244.9475    17     4     5  1145    38
 328 2264.7230 1245.4122    19     5     5  1246    44
 329 2278.2294 1245.8451    18     5     5  1155   102
 330 2291.9286 1246.1490    17     4     5  1095   101
 331 2305.2848 1246.6166    18     5     5  1123    78
 332 2318.8077 1246.9923    15     4     4   945   116
 333 2332.1257 1247.3342    17     4     5  1037   146
 334 2345.4338 1247.9172    14     4     4   851   185
 335 2358.5949 1248.1569    14     4     4   837   155
 336 2371.8379 1248.7138    14     4     5   845   250
 337 2385.0076 1249.0227    14     4     4   832   233
 338 2398.1923 1249.3846    14     4     5   804   226
 339 2411.2188 1249.8854    13     4     4   746   244
 340 2424.2500 1250.1905    13     4     4   734   264
 341 2437.2833 1250.6167    11     4     4   610   315
 342 2450.1316 1250.9211    11     4     4   607    -1
 343 2462.7821 1251.3205    10     4     4   539   331
 344 2475.6250 1251.3750     8     3     3   432    -1
 345 2488.3929 1251.7500     9     3     4   478   352
 346 2198.2615 1259.1972    14     4     5   809    -1
 347 2212.0881 1259.5515    19     5     5  1319     0
 348 2225.9985 1259.9537    19     4     6  1285     9
 349 2239.8504 1260.4288    20     5     5  1351     4
 350 2253.4490 1260.7261    20     5     5  1314    15
 351 2267.0803 1261.0912    18     4     5  1174    33
 352 2280.8849 1261.5755    18     4     5  1178    22
 353 2294.3559 1261.8930    18     5     5  1129    72
 354 2307.9236 1262.1507    17     4     5  1079    77
 355 2321.3500 1262.6000    17     5     5  1050    76
 356 2334.8187 1262.9945    15     4     4   932   157
 357 2348.1071 1263.2500    15     4     5   918   158
 358 2361.4185 1263.8778    14     4     4   835   166
 359 2374.5084 1264.0462    13     4     4   769   218
 360 2387.6849 1264.5168    15     4     5   869   198
 361 2400.8846 1264.8675    14     4     4   817   199
 362 2413.9889 1265.1667    13     4     4   740   265
 363 2427.1486 1265.6351    11     4     4   624   286
 364 2440.1212 1265.9848    12     4     4   666   290
 365 2452.8200 1266.2000    11     4     4   600   305
 366 2465.7500 1266.4444     8     3     3   436   337
 367 2478.7143 1267.0000     8     3     4   428   345
 368 2491.5000 1267.5000     7     3     3   371   350
 369 2200.8173 1275.0192    15     4     4   854   114
 370 2214.5587 1275.4832    22     5     5  1458     1
 371 2228.4099 1275.7674    20     5     5  1344     3
 372 2242.2508 1276.2098    20     5     5  1317    11
 373 2256.0049 1276.5324    18     4     5  1209    20
 374 2269.7812 1276.9531    17     5     5  1106    65
 375 2283.3730 1277.2869    19     5     5  1194    75
 376 2296.9413 1277.6134    18     4     5  1147    61
 377 2310.5861 1277.9976    17     5     4  1059   111
 378 2324.0000 1278.2212    16     4     5  1008   161
 379 2337.4514 1278.6622    18     5     5  1085   128
 380 2350.8554 1278.9337    14     4     4   866   176
 381 2364.1242 1279.3188    14     4     5   849   364
 382 2377.4426 1279.8279    13     4     5   772   214
 383 2390.5095 1279.9857    12     3     4   705   245
 384 2403.6290 1280.2849    14     4     5   793   177
 385 2416.7198 1280.7967    13     4     4   741   271
 386 2429.7143 1280.9048    12     4     4   684   303
 387 2442.7222 1281.2460    10     4     4   563   391
 388 2455.6667 1281.5000    10     3     4   548   295
 389 2468.6667 1282.0556     9     3     4   486   347
 390 2481.5345 1282.3621     8     3     3   429   359
 391 2494.5000 1282.5000     7     3     3   371   351
 392 2203.1509 1291.0660    15     4     5   856   168
 393 2216.9765 1291.4412    18     4     5  1240     2
 394 2230.8821 1291.7537    21     5     5  1385     8
 395 2244.7643 1292.1943    20     5     5  1314    63
 396 2258.5270 1292.4459    21     5     5  1346    17
 397 2272.1840 1292.7937    18     5     5  1169    41
 398 2285.9609 1293.0556    16     4     5  1043   130
 399 2299.5940 1293.4701    18     5     5  1134    67
 400 2313.1588 1293.8602    16     4     5  1011    92
 401 2326.7581 1294.0269    15     4     4   936   222
 402 2340.1686 1294.3629    16     4     5   975   129
 403 2353.6643 1294.8357    15     4     5   890   173
 404 2366.8235 1294.9412    14     4     4   836   223
 405 2380.1585 1295.1748    14     4     5   823   196
 406 2393.4450 1295.7477    14     4     5   809   215
 407 2406.4895 1296.0158    12     3     4   695   293
 408 2419.5667 1296.1400    11     3     4   625   313
 409 2432.7295 1296.5492    11     4     4   611    -1
 410 2445.6724 1296.9483    11     3     4   608   413
 411 2458.6628 1297.1512     9     3     4   493    -1
 412 2471.7000 1297.4000     8     3     3   430    -1
 413 2484.5455 1297.5909     8     3     4   422    -1
 414 2497.6111 1298.1667     9     3     4   468   417
 415 2219.2386 1307.2908    16     4     5   953    58
 416 2233.1648 1307.6705    18     5     5  1076    25
 417 2247.0722 1307.9897    16     4     5   994    29
 418 2260.9708 1308.3875    18     4     5  1140    46
 419 2274.9016 1308.7295    17     4     5  1094    42
 420 2288.6134 1309.0126    18     5     4  1138    52
 421 2302.1170 1309.2617    17     4     5  1085    64
 422 2315.8217 1309.6391    18     4     5  1130    70
 423 2329.3316 1309.9796    16     5     4   996   132
 424 2342.8407 1310.0934    16     4     5   982   140
 425 2356.2857 1310.4881    16     4     5   968   162
 426 2369.6522 1310.8913    14     4     4   838   263
 427 2382.9526 1311.0036    14     4     4   837   194
 428 2396.1532 1311.2903    14     4     5   824   217
 429 2409.4813 1311.8271    13     4     4   757    -1
 430 2422.5217 1312.0000    12     3     4   692   251
 431 2435.4639 1312.0904    11     3     4   633   282
 432 2448.6228 1312.3421     9     3     4   507   327
 433 2461.6154 1312.7692    11     3     4   602   326
 434 2474.6667 1313.1250     9     3     4   474   360
