493
   0 1827.9681  985.0585    10     4     4   688   478
   1 1777.3723  986.1000    89    24     5  5280    -1
   2 1797.5581  987.2291    75    20     8  4610    -1
   3 2033.9800  998.5500     7     3     3   450   476
   4 1759.6792 1003.1061    23     5     6  1574   237
   5 1774.5877 1003.8881    25     5     6  2242   160
   6 2065.1566 1004.5576    77    31     6  4249   455
   7 1789.4831 1004.7467    26     5     6  2423   161
   8 1804.2772 1005.5990    27     6     6  2562   187
   9 1819.0084 1006.5222    27     6     5  2658   180
  10 1833.7105 1007.4726    27     6     5  2737   176
  11 1848.4292 1008.3680    28     6     6  2771   193
  12 1863.0322 1009.2484    30     6     6  2883   195
  13 1877.5842 1010.1081    28     6     6  2765   214
  14 1892.0828 1010.9401    30     6     6  2811   240
  15 1906.5189 1011.7486    27     6     6  2617   269
  16 1920.8694 1012.6058    27     6     6  2560   280
  17 1935.2198 1013.5417    26     6     5  2474   306
  18 1949.5000 1014.4868    23     5     5  2286   327
  19 1963.6505 1015.4088    26     6     5  2396   332
  20 1977.8391 1016.3199    28     6     6  2444   346
  21 1991.9238 1017.1077    28     6     6  2417   359
  22 2005.9265 1017.8806    28     6     6  2380   376
  23 1760.7865 1018.5661    23     6     5  1876   182
  24 2019.8987 1018.6746    25     6     6  2178   407
  25 1775.7740 1019.4548    28     6     6  2838    52
  26 2033.7793 1019.5927    24     6     5  2063   428
  27 1790.6348 1020.3131    30     6     6  2998    73
  28 2047.6692 1020.5069    23     5     5  1877   442
  29 1805.5228 1021.1743    29     7     6  2942   113
  30 2061.5198 1021.3913    22     5     5  1707   451
  31 1820.3788 1022.0248    29     6     6  2919   137
  32 2075.2429 1022.2055    21     5     5  1505   456
  33 1835.1176 1022.8421    30     6     6  2941   157
  34 2088.9387 1023.0839    16     4     4  1110   465
  35 1849.7761 1023.6497    28     6     6  2769   184
  36 2102.5877 1024.1667    12     4     4   657   475
  37 1864.4702 1024.5473    25     6     5  2560   211
  38 1879.0833 1025.4634    28     6     5  2684   210
  39 1893.5899 1026.3788    26     6     6  2546   229
  40 1908.1179 1027.2157    27     6     6  2567   246
  41 1922.4848 1028.0455    26     5     6  2486   268
  42 1936.7882 1028.7961    27     6     6  2488   286
  43 1951.1252 1029.6262    28     6     6  2478   310
  44 1965.3926 1030.5566    25     6     5  2311   334
  45 1979.5116 1031.4496    23     5     5  2182   363
  46 1993.6354 1032.3697    25     6     5  2225   378
  47 2007.7061 1033.1390    26     6     6  2217   390
  48 2021.6980 1033.8715    25     6     6  2149   402
  49 1762.1103 1034.2862    25     6     6  1989   117
  50 2035.6506 1034.6276    23     6     5  2020   427
  51 1777.0085 1035.0092    28     6     6  2926    44
  52 2049.5690 1035.5127    23     5     5  2019   436
  53 1791.9321 1035.8338    31     6     6  3126    54
  54 2063.3998 1036.3765    23     5     5  1968   440
  55 1806.8054 1036.6400    30     6     6  2993    84
  56 2077.2487 1037.2313    24     6     6  1948   445
  57 1821.6804 1037.5181    27     6     5  2786   121
  58 2090.8846 1037.9709    22     6     6  1633   454
  59 1836.5165 1038.4476    28     7     6  2792   127
  60 2104.6840 1038.8190    15     5     5   913   472
  61 1851.2840 1039.2897    28     6     6  2803   147
  62 1865.9452 1040.0771    30     6     6  2895   162
  63 1880.5527 1040.8401    29     6     6  2779   200
  64 1895.1346 1041.6417    28     6     6  2670   217
  65 1909.6142 1042.5113    26     6     5  2535   245
  66 1924.0896 1043.4512    27     6     5  2539   266
  67 1938.4749 1044.3225    27     6     6  2505   283
  68 1952.7712 1045.0757    29     6     6  2560   312
  69 1967.0324 1045.8005    28     6     6  2465   320
  70 1981.2652 1046.5959    26     6     5  2322   353
  71 1995.4345 1047.4911    23     5     5  2157   382
  72 2009.5165 1048.3971    23     5     5  2122   396
  73 2023.5421 1049.1545    25     5     6  2153   401
  74 2037.5392 1049.8456    25     5     6  2118   417
  75 1763.3579 1049.9250    26     6     6  2067   123
  76 2051.4499 1050.5896    23     5     5  2009   432
  77 1778.2864 1050.6843    30     6     6  3003    34
  78 2065.3547 1051.4879    23     5     5  1976   439
  79 1793.2485 1051.5073    28     6     6  2915    53
  80 2079.2214 1052.3320    24     6     5  1968   444
  81 1808.2050 1052.3952    30     6     6  2988    60
  82 2092.8832 1053.0566    23     6     6  1698   453
  83 1823.0774 1053.2149    30     6     6  3012    82
  84 2106.7593 1053.8642    15     5     5   912   470
  85 1837.8987 1053.9756    29     6     6  2945   105
  86 1852.6352 1054.7321    28     6     6  2835   133
  87 1867.4059 1055.5437    27     6     6  2699   166
  88 1882.0912 1056.4635    28     6     5  2716   170
  89 1896.6464 1057.2870    29     6     6  2741   197
  90 1911.2278 1058.0625    29     6     6  2714   236
  91 1925.6579 1058.7660    27     6     6  2553   254
  92 1940.1078 1059.5597    27     6     5  2505   272
  93 1954.4756 1060.4692    23     5     5  2255   318
  94 1968.7423 1061.3441    27     6     6  2415   308
  95 1983.0217 1062.0632    28     6     6  2437   333
  96 1997.1769 1062.7120    28     6     6  2381   365
  97 2011.3279 1063.5532    26     6     5  2259   383
  98 2025.4106 1064.4246    23     5     5  2078   400
  99 2039.4165 1065.2117    24     5     6  2074   416
 100 1764.5775 1065.5735    24     5     6  1948   136
 101 2053.3856 1065.8665    24     5     6  2013   422
 102 1779.5274 1066.4831    29     7     5  2871    14
 103 2067.2839 1066.5832    24     6     5  2005   434
 104 1794.5000 1067.3005    30     7     6  3029    23
 105 2081.1918 1067.4361    24     6     5  1982   438
 106 1809.5156 1068.0929    29     7     6  2990    68
 107 2094.8944 1068.2430    22     6     5  1668   450
 108 1824.4393 1068.8513    29     6     6  2950    71
 109 2108.7289 1068.9639    15     4     4   916   473
 110 1839.3135 1069.6084    29     6     6  2898    98
 111 1854.1412 1070.4665    28     6     5  2802   126
 112 1868.8768 1071.2915    30     6     6  2896   153
 113 1883.5704 1072.0243    28     6     6  2777   167
 114 1898.2173 1072.7353    30     6     6  2809   204
 115 1912.7514 1073.5194    26     6     5  2537   231
 116 1927.3398 1074.4220    25     6     5  2430   261
 117 1941.7085 1075.1946    30     6     6  2656   249
 118 1956.1259 1075.8831    29     6     6  2562   273
 119 1970.4633 1076.5810    25     5     6  2312   313
 120 1984.7240 1077.4776    26     6     5  2327   330
 121 1998.9902 1078.3256    27     6     6  2319   348
 122 2013.1315 1078.9665    28     6     6  2339   368
 123 2027.2421 1079.6158    26     6     5  2215   388
 124 2041.3072 1080.4720    25     6     5  2142   414
 125 2055.3319 1081.2988    23     6     5  1965   424
 126 1765.6809 1081.5612    23     5     5  1902   100
 127 2069.2282 1081.8808    25     6     6  2030   418
 128 1780.7646 1082.3881    29     6     6  2924     0
 129 2083.1220 1082.6009    26     6     5  2083   435
 130 1795.7773 1083.1131    30     6     6  3105     5
 131 2096.8693 1083.4123    22     6     5  1693   449
 132 1810.8070 1083.8568    29     6     6  2997    29
 133 2110.7928 1084.0691    15     4     4   931   469
 134 1825.7503 1084.6190    29     6     6  2920    57
 135 1840.6816 1085.4541    28     6     6  2837   101
 136 1855.5463 1086.2086    28     6     6  2848   135
 137 1870.3660 1086.9069    30     6     6  2940   143
 138 1885.1001 1087.6246    28     6     6  2748   165
 139 1899.7288 1088.4728    26     6     5  2585   178
 140 1914.4135 1089.2649    28     6     6  2672   218
 141 1928.8582 1089.9297    28     6     6  2631   227
 142 1943.3995 1090.6381    27     6     6  2494   260
 143 1957.7886 1091.4730    26     6     5  2374   284
 144 1972.2088 1092.2926    26     6     6  2351   307
 145 1986.4990 1092.9020    26     5     6  2325   340
 146 2000.6828 1093.5592    25     6     5  2229   358
 147 2014.9428 1094.4523    27     6     5  2294   373
 148 2029.1066 1095.1961    27     6     6  2255   372
 149 2043.1534 1095.7412    26     6     6  2154   394
 150 2057.2096 1096.5153    26     6     5  2147   404
 151 2071.2182 1097.3566    24     6     5  2009   415
 152 1766.8387 1097.5567    25     6     5  1991    70
 153 2085.1729 1097.9641    27     6     6  2102   426
 154 1782.0712 1098.3127    30     6     6  2995    11
 155 2098.9086 1098.5880    23     6     5  1752   446
 156 1797.1276 1099.0276    30     6     6  3111    21
 157 2112.7525 1099.3889    17     4     5  1048   467
 158 1812.2043 1099.7514    30     6     6  3059    19
 159 1827.2020 1100.5027    28     6     6  2870    46
 160 1842.1481 1101.2776    31     6     6  3025    86
 161 1857.0077 1101.9896    28     6     6  2889   110
 162 1871.8034 1102.6538    29     6     6  2841   141
 163 1886.5998 1103.4670    26     6     5  2633   188
 164 1901.3553 1104.2362    28     6     6  2727   202
 165 1915.9416 1104.8793    28     6     6  2684   213
 166 1930.4914 1105.5462    24     5     5  2369   253
 167 1945.0612 1106.4281    27     6     5  2462   264
 168 1959.5036 1107.1402    27     5     6  2459   274
 169 1973.8593 1107.7015    27     6     6  2402   287
 170 1988.2881 1108.5000    26     6     5  2324   339
 171 2002.5262 1109.3308    26     5     6  2293   328
 172 2016.7234 1109.8691    25     6     6  2190   356
 173 2030.9112 1110.5559    25     6     5  2162   369
 174 2045.0986 1111.3979    25     6     5  2122   384
 175 2059.1377 1112.0145    28     6     6  2228   393
 176 2073.1025 1112.5900    25     6     5  2050   411
 177 2087.1211 1113.4175    24     6     5  1976   431
 178 1768.1975 1113.5290    25     6     5  1974   103
 179 2100.9574 1114.0626    23     6     6  1701   448
 180 1783.3412 1114.3182    29     6     6  2924     7
 181 2114.8220 1114.7881    15     4     5   927   468
 182 1798.4404 1115.0230    31     7     6  3160    36
 183 1813.5265 1115.7119    29     7     6  2960    40
 184 1828.5575 1116.4619    31     7     6  2993    47
 185 1753.3889 1116.8333     5     2     4   259    -1
 186 1843.5406 1117.1761    28     6     6  2879   102
 187 1858.4644 1117.8470    29     7     6  2911    94
 188 1873.3459 1118.5355    28     6     6  2782   145
 189 1888.1744 1119.3205    29     6     6  2826   139
 190 1902.8712 1119.9694    29     6     6  2805   172
 191 1917.5420 1120.6071    28     6     6  2661   198
 192 1932.1898 1121.4220    27     6     6  2517   222
 193 1946.6729 1122.0629    29     6     6  2578   225
 194 1961.2284 1122.6823    29     6     6  2514   258
 195 1975.6112 1123.4826    26     6     5  2334   297
 196 1753.5833 1124.0000     7     2     6   362    -1
 197 1990.0206 1124.2230    28     6     6  2418   314
 198 2004.3657 1124.7615    27     6     6  2348   323
 199 2018.5751 1125.4947    23     5     5  2096   360
 200 2032.8009 1126.2774    27     6     6  2244   349
 201 2046.9187 1126.7295    27     6     6  2217   370
 202 2061.0613 1127.4965    25     6     5  2098   410
 203 2075.1494 1128.2793    25     6     6  2043   419
 204 2089.1076 1128.7113    25     6     6  2012   423
 205 2102.9671 1129.4967    23     6     5  1758   441
 206 1769.5244 1129.6218    25     5     6  1989    93
 207 2116.8503 1130.0819    16     4     5   977   464
 208 1784.6061 1130.4029    28     6     6  2842    16
 209 1799.7429 1131.0620    30     6     6  3114    22
 210 1814.8717 1131.7682    31     6     6  3086    33
 211 1754.1923 1131.8846     8     2     6   413    -1
 212 1829.9527 1132.4520    29     6     6  2908    67
 213 1844.9934 1133.1559    30     6     6  3020    72
 214 1859.9175 1133.8213    30     6     6  2966   104
 215 1874.8166 1134.4971    27     6     5  2727   134
 216 1889.6520 1135.1996    30     6     6  2895   149
 217 1904.4596 1135.8159    29     7     6  2786   174
 218 1919.1902 1136.5143    28     6     6  2662   190
 219 1933.7752 1137.2570    30     6     6  2681   205
 220 1948.3853 1137.7404    27     6     6  2440   248
 221 1962.8859 1138.5097    27     6     5  2384   277
 222 1977.4307 1139.2856    27     6     6  2418   289
 223 1991.7565 1139.8208    27     6     6  2391   298
 224 2006.1399 1140.4979    26     6     5  2272   325
 225 2020.4634 1141.2780    26     5     6  2255   337
 226 2034.6582 1141.7481    25     6     6  2173   374
 227 2048.8777 1142.4761    26     6     5  2179   386
 228 1755.2778 1142.7222     5     2     4   259    -1
 229 2063.0349 1143.1683    28     6     6  2232   381
 230 2077.0704 1143.6281    25     6     5  2046   406
 231 2091.1688 1144.4004    24     6     5  1973   425
 232 2105.0338 1144.9413    24     6     6  1762   437
 233 2118.9450 1145.5950    18     4     5  1100   463
 234 1949.2965 1145.8252    32     6     6  2873   191
 235 1770.7013 1145.8896    25     5     6  2020   131
 236 1785.8836 1146.5908    30     6     6  2965     9
 237 1801.0746 1147.2213    30     6     6  3061    15
 238 1816.2754 1147.9137    30     6     6  3076    43
 239 1831.3762 1148.5571    28     6     6  2854    81
 240 1846.4355 1149.2381    29     7     6  2924    74
 241 1861.4281 1149.8643    29     6     6  2924   114
 242 1876.3736 1150.5066    27     6     6  2719   138
 243 1891.2498 1151.1961    30     6     6  2895   159
 244 1906.0542 1151.8007    30     6     6  2857   171
 245 1920.7296 1152.4788    26     6     5  2528   207
 246 1935.4841 1153.1518    28     6     6  2592   221
 247 1950.0234 1153.7407    27     6     6  2376   257
 248 1956.5609 1154.0670    17     6     4  1425   392
 249 1964.6417 1154.4476    25     6     5  2280   279
 250 1979.1623 1155.0681    28     6     6  2472   265
 251 1993.5604 1155.5901    26     6     6  2310   290
 252 2008.0097 1156.3813    27     6     6  2327   311
 253 2022.3208 1156.8952    27     6     6  2304   329
 254 2036.5524 1157.5011    23     5     5  2066   357
 255 2050.8010 1158.2428    27     6     6  2217   343
 256 2064.9591 1158.6587    26     6     6  2132   371
 257 2079.1330 1159.4151    24     6     5  2001   397
 258 2093.1835 1159.9418    27     6     6  2140   405
 259 2107.0856 1160.5587    22     6     5  1696   443
 260 2120.9057 1161.1000    15     4     5   925   466
 261 1771.9180 1162.1954    28     6     6  2132    77
 262 1787.2277 1162.8593    30     6     6  3039    18
 263 1802.4264 1163.4347    32     7     7  3054    28
 264 1817.6355 1164.0746    30     6     6  3035    35
 265 1832.7507 1164.7278    31     6     6  3034    61
 266 1847.8553 1165.3697    30     6     6  2958    87
 267 1862.9003 1165.9882    30     6     6  2979   109
 268 1877.8601 1166.5918    30     6     6  2883   125
 269 1892.7841 1167.2435    30     6     6  2880   132
 270 1907.6062 1167.7992    29     6     6  2787   155
 271 1922.4191 1168.4747    26     6     5  2523   208
 272 1937.1327 1169.1177    28     6     6  2598   212
 273 1951.7408 1169.6620    27     6     6  2467   230
 274 1966.3990 1170.4075    27     6     6  2409   251
 275 1980.8905 1170.9133    28     6     6  2496   244
 276 1995.4019 1171.5118    26     6     5  2319   281
 277 2009.8173 1172.2077    30     6     6  2499   302
 278 2024.1912 1172.6660    28     6     6  2352   304
 279 2038.5197 1173.4255    23     5     5  2063   344
 280 2052.7344 1173.8982    26     6     6  2179   379
 281 2066.9742 1174.5000    25     6     5  2083   391
 282 2081.1473 1175.1560    28     6     6  2211   380
 283 2095.2284 1175.5571    26     6     5  2088   389
 284 2109.1898 1176.3267    22     5     5  1706   429
 285 2122.9450 1176.7147    17     4     5  1041   460
 286 1773.2899 1178.5115    25     6     5  1945   116
 287 1788.5014 1179.1585    30     7     6  2961    20
 288 1803.7376 1179.7886    31     6     6  3061    30
 289 1819.0584 1180.3818    31     6     6  3022    42
 290 1834.2098 1180.9919    30     6     6  3037    50
 291 1849.3683 1181.5911    28     6     6  2827    79
 292 1864.4039 1182.2008    29     6     6  2897   120
 293 1879.4213 1182.7799    29     6     6  2861   122
 294 1894.3833 1183.3856    29     6     6  2787   140
 295 1909.2441 1183.9764    30     6     6  2856   151
 296 1924.0538 1184.5534    29     6     6  2667   177
 297 1938.7863 1185.1702    30     6     6  2719   168
 298 1953.4957 1185.7019    27     6     6  2514   203
 299 1968.1481 1186.3983    28     6     6  2511   256
 300 1982.6696 1186.8838    29     6     6  2547   262
 301 1997.2309 1187.5039    26     6     5  2333   278
 302 2011.6271 1188.1089    28     6     6  2415   285
 303 2026.0520 1188.5786    28     6     6  2342   319
 304 2040.4372 1189.2922    25     5     6  2174   336
 305 2054.6540 1189.6767    26     6     6  2183   342
 306 2068.9652 1190.4077    27     6     6  2184   361
 307 2083.1407 1190.8155    26     6     6  2121   387
 308 2097.2901 1191.4608    24     6     5  1991   399
 309 2111.2785 1191.9281    23     5     6  1755   420
 310 2125.0847 1192.5000    17     4     5  1033   462
 311 1774.5399 1195.0851    26     5     6  2052    37
 312 1789.8086 1195.6179    30     6     6  2916     2
 313 1805.1375 1196.1218    32     6     6  3131     4
 314 1820.4234 1196.7572    29     6     6  2912    24
 315 1835.5976 1197.3103    29     6     6  2884    55
 316 1850.7933 1197.9040    31     6     6  3050    76
 317 1865.8864 1198.4749    30     6     7  2895    78
 318 1880.9408 1199.0341    30     6     6  2936   119
 319 1895.9293 1199.6060    31     6     6  2880   148
 320 1910.8341 1200.1728    30     6     6  2808    -1
 321 1925.6860 1200.7099    30     6     6  2758   156
 322 1940.5134 1201.3168    27     6     6  2540   201
 323 1955.2160 1201.8471    30     6     6  2690   196
 324 1969.8407 1202.4632    28     6     6  2486   224
 325 1984.4991 1202.9987    28     5     6  2525   238
 326 1999.0169 1203.5039    28     6     5  2435   239
 327 2013.5222 1204.1261    27     5     6  2385   301
 328 2027.9264 1204.5618    28     6     6  2338   293
 329 2042.3715 1205.2334    26     6     6  2234   315
 330 2056.6122 1205.6066    24     5     6  2091   341
 331 2070.9183 1206.2932    27     6     6  2201   345
 332 2085.1292 1206.6384    26     6     6  2109   322
 333 2099.3629 1207.3579    24     5     6  1988   408
 334 2113.3171 1207.6631    22     5     5  1707   430
 335 2127.2833 1208.3333    17     5     5  1030   447
 336 1775.6997 1211.5835    23     5     5  1821    91
 337 1791.1569 1212.0679    31     6     6  3045    32
 338 1806.5117 1212.6710    31     7     6  3000    25
 339 1821.7889 1213.1490    30     6     6  3030    27
 340 1837.0926 1213.7836    30     6     6  2995    39
 341 1852.3028 1214.2840    30     6     6  2940    66
 342 1867.4233 1214.8326    29     6     6  2884    97
 343 1882.5060 1215.3500    30     7     6  2840    99
 344 1897.5109 1215.9121    30     7     6  2871   158
 345 1912.4667 1216.4497    28     6     6  2633   144
 346 1927.3980 1217.0047    31     6     6  2834   179
 347 1942.2013 1217.5034    28     6     6  2565   192
 348 1956.9445 1218.0472    29     6     6  2658   185
 349 1971.5924 1218.5601    27     6     6  2465   234
 350 1986.3036 1219.1610    30     6     6  2615   241
 351 2000.8317 1219.5928    28     6     6  2434   252
 352 2015.4225 1220.2115    27     6     6  2369   282
 353 2029.8333 1220.6150    27     6     6  2298   309
 354 2044.3024 1221.2594    26     6     6  2231   300
 355 2058.6144 1221.6087    25     6     6  2133   326
 356 2072.9555 1222.2588    27     6     6  2204   350
 357 2087.2095 1222.6088    27     6     6  2159   364
 358 2101.4219 1223.2519    25     5     6  2044   377
 359 2115.4405 1223.6029    23     5     5  1772   413
 360 2129.5301 1224.2651    19     5     5  1116   458
 361 1777.1352 1228.1075    27     6     6  2071   115
 362 1792.5042 1228.7232    31     7     6  2975     1
 363 1807.8340 1229.1455    30     6     6  3057     3
 364 1823.2464 1229.7417    30     6     6  3014    41
 365 1838.5158 1230.2218    31     7     6  3006    49
 366 1853.7580 1230.7775    31     6     6  2988    69
 367 1868.9442 1231.2363    31     6     6  2957    96
 368 1884.0889 1231.8158    30     6     6  2906    83
 369 1899.1483 1232.2881    31     6     6  2895   106
 370 1914.1378 1232.8443    30     6     6  2839   154
 371 1929.0474 1233.3363    31     6     6  2796   152
 372 1943.8897 1233.8333    29     6     6  2692   189
 373 1958.6580 1234.3514    28     6     6  2571   243
 374 1973.4384 1234.8056    28     6     6  2552   220
 375 1988.1290 1235.3935    28     6     6  2470   235
 376 2002.7036 1235.7964    28     6     6  2456   288
 377 2017.2967 1236.3917    27     6     6  2329   270
 378 2031.7405 1236.7689    28     6     6  2352   276
 379 2046.2796 1237.3804    26     6     6  2203   347
 380 2060.6080 1237.6991    26     6     6  2189   305
 381 2074.9726 1238.3393    26     6     6  2140   352
 382 2089.2559 1238.6158    27     6     6  2153   403
 383 2103.5000 1239.2436    26     5     6  2076   367
 384 2117.5637 1239.5570    23     5     5  1747   409
 385 2131.7252 1240.1556    16     4     5   951    -1
 386 1778.4889 1244.9224    27     5     6  2072    80
 387 1793.8069 1245.3034    31     6     7  3000    17
 388 1809.2740 1245.8739    30     6     6  3022     6
 389 1824.6186 1246.2982    30     6     6  2942    13
 390 1840.0000 1246.8683    31     6     6  3038    48
 391 1855.2862 1247.2960    31     6     6  2967    56
 392 1870.5050 1247.8178    31     7     6  2963    75
 393 1885.6227 1248.2982    30     6     6  2853    -1
 394 1900.7308 1248.7967    31     6     6  2915   108
 395 1915.7388 1249.2521    30     6     6  2819   124
 396 1930.7019 1249.7484    30     6     6  2788   199
 397 1945.5809 1250.2383    28     6     6  2623   183
 398 1960.4591 1250.6806    27     6     6  2524   209
 399 1975.2221 1251.2012    29     6     6  2598   219
 400 1989.8791 1251.5941    28     6     6  2463   216
 401 2004.5561 1252.1578    27     5     6  2402   259
 402 2019.1639 1252.5327    27     6     6  2299   263
 403 2033.6964 1253.0280    27     6     6  2297   271
 404 2048.2443 1253.4783    26     6     5  2176   294
 405 2062.6347 1253.9098    27     6     6  2226   317
 406 2077.0155 1254.4255    27     6     6  2155   331
 407 2091.3140 1254.7204    26     5     6  2085   355
 408 2105.5747 1255.3307    26     5     6  2050   351
 409 2119.6791 1255.5851    22     5     5  1664   412
 410 2133.7877 1256.1849    16     4     5   946   461
 411 1779.6979 1261.6461    25     5     6  1907   128
 412 1795.2069 1262.0611    32     6     6  3040     8
 413 1810.6562 1262.5908    31     6     7  2971    10
 414 1826.1047 1263.0094    31     6     6  3040    58
 415 1841.4676 1263.4957    33     7     7  3041    59
 416 1856.7786 1263.9648    31     6     6  3011    62
 417 1872.0523 1264.3866    32     6     7  2976    89
 418 1887.2615 1264.9084    30     6     6  2913    88
 419 1902.3668 1265.3070    30     6     6  2806   130
 420 1917.4464 1265.7648    28     6     6  2669   163
 421 1932.4299 1266.2341    28     6     6  2626   142
 422 1947.4062 1266.6790    28     6     6  2573   175
 423 1962.2218 1267.1581    30     6     6  2661   186
 424 1977.0042 1267.5698    29     6     6  2525   233
 425 1991.7373 1268.0337    30     6     6  2583   228
 426 2006.4726 1268.4787    23     5     5  2137   250
 427 2021.0679 1268.9106    28     6     6  2379   275
 428 2035.6184 1269.3838    27     6     6  2254   295
 429 2050.1989 1269.6864    28     6     6  2280   292
 430 2064.6198 1270.2047    27     6     6  2210   316
 431 2079.0349 1270.5297    25     6     5  2024   335
 432 2093.4340 1270.9825    26     5     6  2073   354
 433 2107.6856 1271.4474    24     5     5  1922   385
 434 2121.8254 1271.6792    24     6     6  1747   398
 435 2135.8404 1272.1738    16     4     5   941   459
 436 1780.9976 1278.5160    26     6     6  1925    65
 437 1796.5563 1278.9601    31     7     6  2954    12
 438 1812.0387 1279.3349    32     6     7  3048    31
 439 1827.5401 1279.8559    32     7     6  3047    45
 440 1842.9071 1280.1813    30     6     6  2937    51
 441 1858.3428 1280.7254    30     6     6  2893    63
 442 1873.5848 1281.0762    32     7     6  3004    95
 443 1888.8075 1281.5737    32     6     7  2917   118
 444 1903.9599 1281.9693    28     6     6  2685   112
 445 1919.0572 1282.4095    30     6     7  2627   150
 446 1934.0905 1282.8620    30     6     6  2638   169
 447 1949.1216 1283.2427    29     6     6  2515   181
 448 1963.9898 1283.6626    31     6     6  2626   173
 449 1978.7942 1284.0650    30     6     6  2608   255
 450 1993.5813 1284.5231    27     6     6  2346   242
 451 2008.3557 1284.8953    28     6     6  2412   232
 452 2023.0000 1285.3548    29     6     6  2366   291
 453 2037.5707 1285.6425    26     6     6  2191   299
 454 2052.1495 1286.1343    28     6     6  2256   303
 455 2066.5957 1286.4876    23     5     5  1955   366
 456 2081.1051 1286.8179    27     6     6  2130   321
 457 2095.5026 1287.3255    25     5     6  2018   362
 458 2109.7547 1287.5388    23     6     5  1845    -1
 459 2123.9778 1287.9565    24     6     6  1717   395
 460 2138.0267 1288.4008    17     4     5   981   457
 461 1782.5106 1295.2825    22     5     5  1477   226
 462 1797.8309 1295.7707    28     6     6  2379   107
 463 1813.4344 1296.1219    28     6     6  2421    92
 464 1828.9568 1296.6813    31     6     6  2697    38
 465 1844.4097 1297.0440    30     6     6  2796    26
 466 1859.8031 1297.4832    32     6     7  2966    90
 467 1875.1517 1297.9301    30     6     6  2944    64
 468 1890.4188 1298.2662    30     6     6  2843    85
 469 1905.5780 1298.7063    28     6     6  2631   111
 470 1920.5994 1299.0466    31     6     6  2677   129
 471 1935.8542 1299.5169    29     6     6  2458   164
 472 1950.8824 1299.9246    28     6     6  2488   146
 473 1965.7068 1300.2731    29     6     6  2543   206
 474 1980.5836 1300.6513    28     6     6  2477   194
 475 1995.4579 1301.0500    28     5     6  2469   215
 476 2010.2163 1301.4286    27     6     6  2330   223
 477 2024.8533 1301.7863    28     6     6  2385   247
 478 2039.5309 1302.2125    26     5     6  2239   267
 479 2054.0893 1302.4866    26     6     5  2123   296
 480 2068.6329 1302.8400    26     6     6  2150   324
 481 2083.1588 1303.2767    26     6     6  2021   338
 482 2139.6818 1303.4091     7     3     4   361   471
 483 2097.5450 1303.4775    23     5     5  1772   375
 484 2111.8927 1303.7489    22     5     6  1566   433
 485 2126.0601 1304.1598    20     5     5  1291   452
 486 1814.6644 1314.8924   143    45     5  8093    -1
 487 1835.3723 1318.8617     8     5     2   447    -1
 488 1863.5278 1320.0611    11     3     4   730   477
 489 2103.1649 1322.1649    46    20     6  2488   421
 490 2078.6124 1325.3202     8     3     3   489   474
 491 1836.7727 1326.9091     5     3     2   272    -1
 492 2071.5405 1335.9459    36    18     3  1874    -1
