482
   0  857.9228  925.5528    16     5     9  1046   453
   1  884.3965  925.8216    18     5     5  1441   400
   2  831.8031  927.2270   204    45    13 12519   268
   3 1140.3368  941.2477    17     5     4  1726   450
   4  797.8319  945.8038    33     7     6  2361    -1
   5  816.0977  946.8836    37     7     7  3401    -1
   6  834.6073  947.8185    36     7     7  3580    -1
   7  853.0106  948.8427    38     8     7  3919   397
   8  871.3463  949.7644    38     7     7  4249    -1
   9  889.6002  950.7705    38     7     7  4455   435
  10  907.7875  951.8024    38     7     7  4516   376
  11  925.9005  952.8116    38     7     7  4589   387
  12  943.9595  953.8082    38     8     7  4677    -1
  13  961.9487  954.8064    37     7     7  4696   349
  14  979.8932  955.8231    38     7     7  4853   367
  15  997.7498  956.7822    38     7     7  4986   354
  16 1015.5226  957.7586    38     7     7  5082   323
  17 1033.2140  958.7956    37     7     7  5000   347
  18 1050.9012  959.7993    36     7     7  5018   335
  19 1068.4199  960.7368    36     7     7  5170   312
  20 1085.9519  961.7692    37     7     7  5205   327
  21 1103.3097  962.6978    36     7     7  5274   310
  22  796.4771  962.9065    35     7     6  2798    -1
  23 1120.7036  963.6451    39     7     7  5471   273
  24  814.9087  963.9429    36     8     6  3875    -1
  25 1137.9737  964.6195    37     6     7  5314   304
  26  833.4508  964.8845    39     7     7  4205    -1
  27 1155.0968  965.5619    36     7     7  5257   292
  28  851.9039  965.9274    36     7     7  4053   394
  29 1172.1798  966.5401    36     7     7  4992   248
  30  870.2763  966.8724    37     7     7  4264   380
  31 1189.2759  967.5145    37     7     7  4822   286
  32  888.6457  967.8448    37     7     7  4382    -1
  33 1206.3242  968.4373    35     7     7  4526   283
  34  906.8569  968.8691    36     7     7  4347   355
  35 1223.1713  969.3430    30     6     6  3067   295
  36  925.0400  969.8438    39     8     7  4585   429
  37  943.1504  970.8051    38     7     7  4663   366
  38  961.1873  971.7630    38     7     7  4740   338
  39  979.1698  972.7319    38     7     7  4807    -1
  40  997.0708  973.6906    38     7     7  4843   341
  41 1014.9208  974.6707    38     7     7  4906   317
  42 1032.6599  975.5684    38     7     7  5059   332
  43 1050.3523  976.5342    38     7     7  5144   319
  44 1067.9708  977.4762    37     7     7  5038   285
  45 1085.5116  978.4264    37     7     7  5289   298
  46 1102.9775  979.3134    36     6     7  5134   305
  47  795.2028  980.0830    33     7     6  2710   378
  48 1120.3436  980.2691    39     7     7  5479   246
  49  813.7205  981.0926    37     7     6  4054   369
  50 1137.7300  981.1985    36     7     7  5326   278
  51  832.2809  982.0739    38     7     6  4200   356
  52 1154.9476  982.0926    33     6     6  5160   284
  53  850.8449  983.0202    36     7     6  4157   346
  54 1172.0333  983.0485    34     7     6  5257   220
  55 1189.1895  984.0106    35     7     6  5367   256
  56  869.2110  984.0145    36     7     6  4284   340
  57 1206.2500  984.9639    36     7     6  5488   265
  58  887.6431  984.9717    38     7     6  4514   328
  59 1223.1140  985.8995    31     7     6  3700   217
  60  905.9302  985.9729    35     7     6  4370   320
  61  924.1384  986.9411    35     7     6  4493   306
  62  942.3054  987.8549    39     7     7  4827   293
  63  960.4116  988.7819    39     7     7  4926   255
  64  978.4439  989.7141    38     7     7  4964   254
  65  996.4192  990.6505    38     7     7  5057   230
  66 1014.3063  991.6039    39     7     7  5135   211
  67 1032.0902  992.5159    38     7     7  5053   210
  68 1049.8397  993.4023    38     7     7  5165   182
  69 1067.5031  994.3394    37     7     7  5343   170
  70 1085.0674  995.2043    37     7     7  5276   172
  71 1102.6483  996.1601    38     7     7  5466   144
  72 1120.0027  997.0570    33     6     6  5223   154
  73  793.9879  997.7082    35     7     7  2826   377
  74 1137.3675  998.0148    37     7     6  5556   143
  75  812.4879  998.5369    37     7     7  4156   363
  76 1154.7906  998.9763    35     7     6  5460   119
  77  831.1868  999.4079    40     7     7  4334   353
  78 1171.9880  999.8989    34     6     7  5415   198
  79  849.6736 1000.3325    40     7     7  4477   339
  80 1189.1149 1000.7886    38     7     7  5611    -1
  81  868.2256 1001.2213    39     7     7  4501   326
  82 1206.2138 1001.6526    35     7     7  5558    -1
  83  886.6356 1002.1826    39     7     7  4634   318
  84 1223.1116 1002.4715    33     7     7  3828   447
  85  904.9771 1003.0505    39     8     7  4635   301
  86  923.2262 1004.0477    37     7     6  4702   289
  87  941.4990 1004.9912    38     7     6  4923   275
  88  959.6581 1005.9234    38     7     6  4949   262
  89  977.7384 1006.8666    37     7     7  4962   250
  90  995.7197 1007.7836    38     7     7  5105   224
  91 1013.6437 1008.6714    39     7     7  5270   214
  92 1031.5158 1009.5459    37     7     7  5269   193
  93 1049.3230 1010.4157    39     7     7  5413   176
  94 1067.0135 1011.2585    37     7     7  5287   157
  95 1084.6962 1012.1851    39     7     7  5539   134
  96 1102.1694 1013.0679    35     7     6  5395   121
  97 1119.7974 1014.0159    36     7     6  5516    97
  98 1137.0904 1014.9470    35     7     6  5488   102
  99  792.6757 1015.1557    36     7     6  2950   386
 100 1154.4946 1015.8001    38     7     7  5785    92
 101  811.2416 1016.0194    38     7     6  4199   357
 102 1171.8376 1016.6626    38     7     7  5768   133
 103  829.9616 1016.9770    38     8     6  4231   350
 104 1189.0093 1017.4749    37     6     7  5673    -1
 105  848.5807 1017.8597    39     7     7  4491   344
 106 1206.1312 1018.2604    37     7     7  5844   426
 107  867.1641 1018.7938    39     7     7  4537   329
 108 1223.1160 1019.1177    34     7     6  4010   398
 109  885.5992 1019.6284    39     7     7  4723   314
 110  904.0386 1020.4743    41     8     7  4848   308
 111  922.3805 1021.3351    39     7     7  4928   277
 112  940.6479 1022.2071    39     7     7  4999   252
 113  958.8652 1023.0638    36     7     6  4826   263
 114  976.9770 1024.0011    36     8     6  4871   233
 115  995.0284 1024.9833    37     8     6  5003   225
 116 1013.0157 1025.8902    39     8     7  5192   229
 117 1030.9353 1026.7560    37     7     7  5190   189
 118 1048.7564 1027.5715    40     7     7  5526   164
 119 1066.5381 1028.3977    37     7     7  5546   174
 120 1084.2070 1029.2095    38     7     7  5593   126
 121 1101.8998 1030.0646    35     7     6  5429   109
 122 1119.3589 1030.9914    37     7     6  5684   139
 123 1136.9264 1031.9103    36     7     7  5651    85
 124 1154.2392 1032.7244    37     7     7  5772    79
 125  791.3709 1032.8692    35     7     6  2920   384
 126 1171.6190 1033.4856    37     7     7  5941   104
 127  810.0334 1033.6897    42     8     7  4451   371
 128 1188.9236 1034.2547    37     7     7  5861    -1
 129  828.7308 1034.4529    40     7     7  4504   333
 130 1206.0537 1035.0891    35     7     7  5848   428
 131  847.4672 1035.2890    41     7     7  4671   337
 132 1223.0906 1035.9330    32     6     6  3974   192
 133  866.0937 1036.0949    39     8     7  4564   313
 134  884.6109 1037.0322    38     7     6  4713   287
 135  903.0921 1037.9814    37     8     6  4650   294
 136  921.4684 1038.8175    40     7     7  5036   266
 137  939.7625 1039.6689    40     7     7  5108   245
 138  958.0529 1040.4636    40     8     7  5131   251
 139  976.2368 1041.2603    40     7     7  5241   209
 140  994.3145 1042.1380    38     7     7  5243   196
 141 1012.3520 1043.0348    38     7     6  5320   203
 142 1030.3153 1043.9281    39     7     7  5447   169
 143 1048.2232 1044.8032    39     7     7  5509   149
 144 1066.0531 1045.6285    38     7     7  5534   161
 145 1083.8073 1046.3495    40     7     7  5781   108
 146 1101.4571 1047.1907    39     7     7  5868    89
 147 1119.0263 1048.0137    35     7     6  5626    98
 148 1136.6321 1048.8935    38     7     7  5913    61
 149 1154.0502 1049.7533    37     7     7  5841    72
 150  790.0934 1050.4431    34     6     7  2878   395
 151 1171.4365 1050.4650    37     7     7  6083    65
 152 1188.8286 1051.2016    37     7     7  5995    -1
 153  808.7507 1051.2348    40     7     7  4417   360
 154 1206.0007 1052.0253    33     6     6  5872    -1
 155  827.5994 1052.0827    39     7     7  4476   334
 156 1223.0584 1052.8728    30     6     6  3973   168
 157  846.3262 1052.9629    38     7     6  4518   324
 158  865.0124 1053.8793    40     8     7  4668   316
 159  883.5767 1054.6289    41     7     7  4944   288
 160  902.1509 1055.3997    42     8     7  5062   271
 161  920.5603 1056.2394    41     7     7  5150   264
 162  938.9497 1057.0254    38     8     6  4911   247
 163  957.2190 1057.9639    37     7     6  5021   236
 164  975.4878 1058.7695    41     7     7  5397   218
 165  993.6144 1059.5711    40     7     7  5461   206
 166 1011.7146 1060.3523    40     7     7  5500   195
 167 1029.7816 1061.1445    38     7     7  5419   167
 168 1047.7550 1062.0103    37     7     6  5481   159
 169 1065.5908 1062.8639    39     7     7  5770   140
 170 1083.3664 1063.6463    38     7     7  5831   127
 171 1101.0812 1064.3766    38     7     7  5814   101
 172 1118.7933 1065.1572    37     7     7  5812    93
 173 1136.2543 1065.9899    36     7     6  5846    70
 174 1153.8831 1066.8460    37     7     7  5977    74
 175 1171.2478 1067.5543    39     7     7  6201    54
 176  788.7955 1068.2109    37     7     7  3085   391
 177 1188.7058 1068.2634    38     7     7  6186    36
 178 1205.9770 1069.0295    33     6     6  5973    53
 179  807.5254 1069.0473    39     7     7  4426   352
 180 1223.0441 1069.8713    32     6     6  4153   152
 181  826.4204 1069.9144    39     7     7  4539   321
 182  845.2426 1070.7346    40     7     7  4681   303
 183  863.8966 1071.4709    42     8     7  4914   299
 184  882.5661 1072.2492    41     7     7  5017   267
 185  901.1421 1073.0154    38     8     6  4820   260
 186  919.6433 1073.9093    39     7     7  5070   242
 187  938.1001 1074.7330    40     8     7  5168   241
 188  956.4473 1075.4419    38     7     7  5240   208
 189  974.7270 1076.1965    39     7     7  5294   207
 190  992.9433 1076.9940    38     8     6  5173   191
 191 1011.0874 1077.8950    38     7     7  5315   186
 192 1029.1669 1078.6601    40     7     7  5585   160
 193 1047.1620 1079.3495    40     7     7  5748   145
 194 1065.0697 1080.0798    38     7     7  5660   112
 195 1082.9604 1080.9846    35     7     6  5592   116
 196 1100.7146 1081.7463    39     7     7  6042   111
 197 1118.4175 1082.4646    38     7     7  6132    80
 198 1136.0201 1083.1253    37     7     7  5963    62
 199 1153.6505 1083.9764    37     7     6  6115    52
 200 1171.0685 1084.7750    37     7     7  6167    56
 201 1188.5337 1085.4221    37     7     7  6419    27
 202 1205.9383 1086.0961    38     7     7  6319    34
 203  787.5091 1086.1507    36     7     6  3008   392
 204 1222.9972 1086.9184    32     6     6  4279   120
 205  806.3080 1086.9718    38     7     6  4384   359
 206  825.2527 1087.7868    40     7     7  4584   421
 207  844.0923 1088.5036    42     8     7  4847   315
 208  862.8142 1089.2221    41     8     7  4857   280
 209  881.5342 1090.0314    38     7     6  4879   272
 210  900.1850 1090.8684    40     8     7  5010   244
 211  918.6806 1091.5794    40     7     7  5212   228
 212  937.2412 1092.2817    40     7     7  5238   216
 213  955.6263 1093.0668    39     7     7  5267   204
 214  973.9727 1093.9147    40     8     7  5294   194
 215  992.2643 1094.6464    40     7     7  5428   178
 216 1010.4355 1095.2800    39     7     7  5423   166
 217 1028.5613 1096.0982    39     7     7  5556   137
 218 1046.6314 1096.8982    39     7     7  5770   113
 219 1064.5818 1097.6324    39     7     7  5984   125
 220 1082.4806 1098.3505    39     7     7  6076    88
 221 1100.2732 1099.0594    38     7     7  5988    87
 222 1118.0597 1099.8874    38     7     7  6002    73
 223 1135.7513 1100.5253    40     7     7  6381    63
 224 1153.3277 1101.1936    39     7     7  6412    37
 225 1170.9601 1101.9905    35     7     6  6188    40
 226 1188.3955 1102.6763    37     7     7  6473    17
 227 1205.8538 1103.2836    38     7     7  6485    25
 228 1222.9737 1104.0082    32     6     6  4355    99
 229  786.1723 1104.0400    34     7     6  2887   393
 230 1010.2441 1104.0627    48     8     7  6484   117
 231  805.0415 1104.9755    41     8     7  4460    -1
 232  824.0365 1105.7339    42     8     7  4704   422
 233  842.8794 1106.4078    42     8     7  4865   417
 234  861.7396 1107.1262    39     7     7  4767   307
 235  880.5090 1107.9192    39     7     7  4956   257
 236  899.2391 1108.6623    40     7     7  5124   243
 237  917.7687 1109.3339    40     7     7  5197   223
 238  936.3582 1110.0603    39     7     7  5202   183
 239  954.8122 1110.8692    40     7     7  5277   187
 240  973.2576 1111.5667    41     7     7  5557   181
 241  991.5182 1112.2533    41     7     7  5569   165
 242 1009.7874 1113.0257    36     7     6  5133   158
 243 1017.8384 1113.3561    27     7     6  3587   276
 244 1027.9821 1113.7940    38     8     7  5420   138
 245 1046.0893 1114.4146    40     7     7  5864    96
 246 1064.0822 1115.0887    38     7     7  5763    95
 247 1082.0357 1115.9298    39     8     7  5868    86
 248 1099.9277 1116.5892    39     7     7  6086    67
 249 1117.7744 1117.2071    39     7     7  6200    44
 250 1135.4506 1117.9667    39     7     7  6385    47
 251 1153.1299 1118.6848    39     7     7  6478    33
 252 1170.7749 1119.2460    39     7     7  6603    32
 253 1188.2201 1119.9920    36     7     6  6481    11
 254 1205.7724 1120.6969    39     7     7  6881    21
 255 1222.9692 1121.2026    33     6     6  4444    55
 256  784.8652 1122.2586    38     7     7  3176    -1
 257  803.7373 1123.0385    39     7     7  4407   438
 258  822.7915 1123.7622    42     8     7  4724    -1
 259  841.7211 1124.4214    41     7     7  4836   358
 260  860.6335 1125.1231    41     7     7  4926   290
 261  879.4765 1125.8781    41     7     7  5065   258
 262  898.2657 1126.5605    41     7     7  5225   235
 263  916.8523 1127.2011    41     8     7  5192   222
 264  935.4927 1127.9565    39     7     7  5258   201
 265  954.0064 1128.6928    42     8     7  5455   199
 266  972.4714 1129.3307    41     7     7  5611   162
 267  990.8445 1130.0202    37     7     7  5249   153
 268 1009.1456 1130.8039    39     7     7  5500   150
 269 1027.3860 1131.4371    40     7     7  5817   122
 270 1045.5241 1132.0905    39     7     7  5894   110
 271 1063.6071 1132.8055    41     7     7  6122    84
 272 1081.5643 1133.4653    39     7     7  6152    66
 273 1099.5377 1134.1073    40     7     7  6242    59
 274 1117.3847 1134.8234    41     7     7  6431    48
 275 1135.1862 1135.4200    40     7     7  6585    35
 276 1152.9418 1136.0468    39     7     7  6509    18
 277 1170.5755 1136.7614    40     7     7  6924    29
 278 1188.1300 1137.3244    40     7     7  6960     7
 279 1205.7282 1138.0196    38     7     7  6904    10
 280 1222.9623 1138.7315    31     6     6  4336    91
 281  783.6097 1140.5552    38     7     7  3204   396
 282  802.5035 1141.2009    41     7     7  4628   430
 283  821.5554 1141.9147    40     7     7  4655   330
 284  840.5885 1142.5515    43     7     7  4985   296
 285  859.5543 1143.2184    41     7     7  4980   311
 286  878.4336 1143.9223    39     7     7  4962   269
 287  897.2777 1144.5770    41     7     7  5230   237
 288  915.9428 1145.1964    42     8     7  5255   239
 289  934.5744 1145.9238    40     7     7  5292   291
 290  953.2242 1146.5767    41     7     7  5480   442
 291  971.6584 1147.2406    40     7     7  5473   185
 292  990.1380 1147.9296    40     8     7  5461   155
 293 1008.4688 1148.5624    40     7     7  5816   147
 294 1026.7485 1149.2013    41     7     7  5840   135
 295 1044.9661 1149.9049    40     8     7  5806   106
 296 1063.1152 1150.5078    41     7     7  6179   100
 297 1081.1401 1151.1140    38     7     7  6009    69
 298 1099.1254 1151.8513    38     7     7  6144    60
 299 1117.0635 1152.3877    39     7     7  6413    51
 300 1134.9320 1153.0245    38     7     7  6409    30
 301 1152.6871 1153.6792    39     7     7  6889    28
 302 1170.3498 1154.2311    39     7     7  7063    14
 303 1188.0124 1154.9473    36     6     7  6888    13
 304 1205.5743 1155.4596    37     7     7  7190     5
 305 1222.9561 1156.0593    32     6     6  4661     9
 306  782.2286 1158.9790    34     7     6  2890    -1
 307  801.2701 1159.5134    42     8     7  4710   433
 308  820.4126 1160.1121    41     7     7  4705   406
 309  839.4535 1160.7981    41     7     7  4848   365
 310  858.4827 1161.4149    42     7     7  5050   309
 311  877.4083 1162.0440    40     7     7  4987   238
 312  896.2769 1162.7212    40     7     7  5115   234
 313  915.0196 1163.3167    44     8     7  5418   232
 314  933.7052 1163.9855    39     7     7  5186   200
 315  952.3780 1164.6090    40     7     7  5460   184
 316  970.8652 1165.2171    41     8     7  5454   188
 317  989.4174 1165.8702    41     7     7  5694   156
 318 1007.7817 1166.4838    41     7     7  5866   141
 319 1026.1501 1167.0949    39     7     7  5685   131
 320 1044.4344 1167.7356    41     7     7  6137   105
 321 1062.5951 1168.3476    40     7     7  6239    90
 322 1080.7435 1168.9658    40     7     8  6238    78
 323 1098.7386 1169.5781    41     7     7  6584    71
 324 1116.7621 1170.1318    39     7     7  6524    43
 325 1134.6357 1170.7530    40     7     7  6877    38
 326 1152.4186 1171.3160    39     7     7  7060    24
 327 1170.1539 1171.9244    37     7     7  7008    19
 328 1187.8714 1172.4663    39     7     7  7138     8
 329 1205.5165 1173.0422    39     7     7  7330     6
 330 1222.9261 1173.4634    31     6     7  4338     1
 331  780.8481 1177.2609    39     7     7  3234    -1
 332  799.9241 1177.9087    42     8     7  4571    -1
 333  819.1785 1178.5070    42     8     7  4809    -1
 334  838.3207 1179.0886    41     7     7  4794   362
 335  857.3785 1179.7203    42     7     7  4996   302
 336  876.3755 1180.3372    43     7     7  5202   259
 337  895.2722 1180.9286    40     7     7  5012   221
 338  914.1194 1181.5286    43     8     7  5434   226
 339  932.8047 1182.1259    41     8     7  5247   215
 340  951.5125 1182.7382    41     7     7  5501   179
 341  970.1903 1183.3360    42     8     7  5594   177
 342  988.6801 1183.9446    40     7     7  5565   173
 343 1007.1938 1184.5128    41     7     7  5884   136
 344 1025.5322 1185.1129    41     7     7  5964   128
 345 1043.8397 1185.7217    40     7     7  6001   115
 346 1062.1017 1186.2340    40     8     7  6120    82
 347 1080.2477 1186.8791    39     7     7  6215    77
 348 1098.3570 1187.4134    40     7     7  6644    75
 349 1116.3601 1187.9738    40     7     8  6690    49
 350 1134.3395 1188.5267    41     7     7  7077    31
 351 1152.1666 1189.0559    38     7     7  6966    22
 352 1170.0102 1189.6358    40     8     7  7337    20
 353 1187.7851 1190.0859    38     7     7  7333     4
 354 1205.3758 1190.6764    36     7     7  6930     2
 355 1222.8551 1191.1086    31     6     6  3980     3
 356  779.4944 1195.8929    37     7     7  3110    -1
 357  798.5981 1196.4023    42     7     7  4699    -1
 358  817.8890 1196.9772    43     8     8  4677    -1
 359  837.1481 1197.5444    43     8     7  4966   375
 360  856.2707 1198.1056    41     7     7  4867   331
 361  875.3120 1198.6810    40     7     7  5000   274
 362  894.2750 1199.2602    42     7     7  5207   249
 363  913.1573 1199.8349    42     8     7  5208   240
 364  931.9275 1200.4028    43     8     7  5495   219
 365  950.6721 1200.9748    41     7     8  5420   190
 366  969.3918 1201.5432    41     7     7  5636   180
 367  987.9593 1202.1069    42     8     7  5542   175
 368 1006.4810 1202.6460    41     7     7  5892   151
 369 1024.9276 1203.1857    41     8     7  5827   132
 370 1043.3228 1203.7523    40     7     7  6046   118
 371 1061.5880 1204.3081    41     7     7  6359   107
 372 1079.8322 1204.8708    40     7     7  6280    83
 373 1097.9573 1205.3426    41     8     7  6594    68
 374 1116.0300 1205.9185    39     8     7  6535    57
 375 1134.0415 1206.3748    40     8     7  6984    41
 376 1151.9594 1206.9329    38     7     7  6998    26
 377 1169.8525 1207.4003    39     7     7  7357    15
 378 1187.5497 1207.8770    38     7     7  6768    12
 379 1205.0440 1208.1503    35     6     7  5250     0
 380 1221.6227 1208.6025    20     5     5  1693   124
 381  778.1229 1214.4700    39     8     7  3215    -1
 382  797.3850 1215.0008    42     7     8  4630    -1
 383  816.6221 1215.5287    43     7     7  4870   434
 384  835.9082 1216.1140    43     8     7  4808   383
 385  855.1451 1216.6136    43     8     7  5072   345
 386  874.2521 1217.1578    42     8     7  5057   297
 387  893.2837 1217.6870    40     7     7  5134   282
 388  912.2189 1218.2331    43     8     7  5338   279
 389  931.0953 1218.7830    42     8     7  5354   261
 390  949.8048 1219.3007    41     8     7  5452   213
 391  968.5644 1219.8390    41     7     7  5593   205
 392  987.2800 1220.3763    42     7     7  5787   197
 393 1005.7998 1220.8915    40     7     7  5663   163
 394 1024.3430 1221.4251    42     7     7  6080   146
 395 1042.7458 1221.9223    40     7     7  5966   130
 396 1061.0939 1222.4175    42     8     7  6343   114
 397 1079.3504 1222.9219    40     7     7  6364   103
 398 1097.5563 1223.4373    40     7     7  6705    81
 399 1115.7037 1223.9200    40     7     7  6786    64
 400 1133.7619 1224.3658    41     7     7  7228    45
 401 1151.7466 1224.8897    39     7     7  7229    46
 402 1169.6072 1225.2948    39     7     7  7144    23
 403 1203.9790 1225.5896    13     4     4  1007   142
 404 1187.3193 1225.7220    34     7     7  5579    16
 405  776.8088 1233.2062    38     7     7  3166   444
 406  796.0593 1233.7105    43     8     7  4696   425
 407  815.4503 1234.2383    42     7     7  4794   382
 408  834.6667 1234.7102    44     8     7  5007   390
 409  853.9471 1235.2571    43     8     7  4986   373
 410  873.1942 1235.7149    42     8     7  5073   336
 411  892.2736 1236.2592    44     8     7  5314   342
 412  911.2880 1236.7195    41     7     7  5262   300
 413  930.1974 1237.2468    43     8     7  5428   281
 414  949.0393 1237.7442    42     8     7  5445   253
 415  967.7586 1238.2575    41     7     7  5534   227
 416  986.5059 1238.7196    41     7     7  5761   212
 417 1005.1608 1239.2190    43     8     7  5865   202
 418 1023.6724 1239.6895    42     7     7  6078   171
 419 1042.1810 1240.1741    41     7     7  6060   148
 420 1060.5652 1240.6359    42     7     7  6441   129
 421 1078.9031 1241.1356    40     8     7  6264   123
 422 1097.1527 1241.5837    41     7     7  6744    94
 423 1115.3166 1242.0338    40     7     8  6869    76
 424 1133.4586 1242.4987    38     7     7  7216    58
 425 1151.4442 1242.9170    40     7     7  7451    50
 426 1169.3826 1243.2607    39     7     7  6347    42
 427 1187.2308 1243.4058    27     6     6  2847    39
 428  775.4393 1251.9983    37     7     6  3052   385
 429  794.6579 1252.5247    43     7     7  4741   379
 430  814.2206 1253.0147    45     8     8  4809   370
 431  833.5263 1253.4879    43     7     7  4968   446
 432  852.7879 1253.9581    45     8     8  5018   427
 433  872.0805 1254.4506    44     8     7  5237    -1
 434  891.2735 1254.8601    45     8     8  5235   424
 435  910.3097 1255.3843    43     7     7  5408   423
 436  929.3138 1255.7848    41     7     7  5316   415
 437  948.2003 1256.2979    43     8     7  5560   348
 438  967.0207 1256.7319    43     8     7  5582   439
 439  985.7350 1257.2276    41     7     7  5655   388
 440 1004.4640 1257.6524    41     7     7  5941   325
 441 1023.0815 1258.1277    41     8     7  5818    -1
 442 1041.5835 1258.5440    43     7     7  6356   322
 443 1060.0697 1258.9851    44     8     8  6197   361
 444 1078.4432 1259.4109    43     7     7  6671    -1
 445 1096.7642 1259.8356    41     7     7  6743   231
 446 1114.9603 1260.2385    40     7     7  6995    -1
 447 1133.1506 1260.6730    41     7     7  7402    -1
 448 1151.1761 1261.0602    38     7     7  7309    -1
 449 1169.1825 1261.3633    33     6     7  5587   443
 450 1185.9808 1262.0854    12     4     5   887    -1
 451  774.0577 1270.8824    35     7     6  2634   389
 452  793.4435 1271.3339    43     7     7  4275   372
 453  812.8700 1271.7596    43     8     7  4361   381
 454  832.3800 1272.3049    43     7     7  4851   432
 455  851.6052 1272.7177    42     7     7  5095   374
 456  870.9117 1273.2582    43     8     7  5247   418
 457  890.1892 1273.5975    43     8     7  5442   364
 458  909.3372 1274.0838    43     7     8  5497   437
 459  928.3558 1274.5028    43     7     7  5722   351
 460  947.3608 1274.9056    44     7     8  5792   343
 461  966.2298 1275.3752    43     8     7  5925    -1
 462  985.0258 1275.7422    44     8     7  6019    -1
 463 1003.7161 1276.2413    41     7     7  6094    -1
 464 1022.4145 1276.6100    43     7     7  6440    -1
 465 1041.0006 1277.0238    44     8     8  6417    -1
 466 1059.5120 1277.4154    45     7     7  6918   368
 467 1077.9504 1277.8105    43     8     7  6666    -1
 468 1096.3313 1278.2133    42     7     7  7080    -1
 469 1114.5640 1278.4069    39     7     7  6761    -1
 470 1132.8693 1278.9569    40     7     8  7351   413
 471 1151.0026 1279.3023    39     7     7  7463    -1
 472 1169.0422 1279.8342    34     6     7  5745   414
 473 1186.4765 1280.2072    22     5     6  2251   454
 474  835.3937 1291.4082    15    13     3   957    -1
 475  810.2540 1294.3046   277    46    18 17330   270
 476  836.3802 1297.8667    27    13     4  1759   452
 477  869.8807 1298.8551    14     4     4  1052   399
 478 1171.3333 1597.0833    12     3     5   612    -1
 479 1150.2713 1610.0092   202    24    25 10970    -1
 480 1093.9795 1617.7624   385    87     7 20664    -1
 481 1091.0551 1637.1637   380    90     7 20371    -1
