466
   0  646.5667  904.1667     5     3     2   280   415
   1  616.7857  908.9089    12     5     5   803   349
   2  251.0094  911.7767    27     6     5  1509    -1
   3  271.8962  912.9292    29     7     6  1662    -1
   4  292.4628  914.1074    33     7     6  1999    -1
   5  313.0958  915.1905    33     7     6  2125   407
   6  333.6411  916.4612    34     7     7  2267    -1
   7  354.0379  917.7350    33     7     6  2284    -1
   8  677.5216  917.7904   130    42     7  7378   352
   9  374.4387  918.9280    37     7     6  2600   394
  10  394.7327  920.0539    36     7     6  2625    -1
  11  414.9417  921.2762    39     8     7  2799    -1
  12  435.0708  922.6166    39     8     7  2868   347
  13  455.0749  923.8957    38     8     6  2921    -1
  14  475.0399  925.0270    37     8     6  2941    -1
  15  494.9301  926.1725    38     8     6  3051   380
  16  514.6524  927.4579    39     7     7  3210   313
  17  534.3860  928.7537    38     7     7  3260   276
  18  247.9586  929.5892    29     6     6  1764    -1
  19  553.9847  929.9556    37     8     6  3257    -1
  20  268.8672  930.7943    32     7     6  1984   291
  21  573.4948  931.0612    38     7     6  3445   323
  22  289.5817  931.9834    34     7     6  2153   389
  23  592.9219  932.1727    41     8     7  3605   226
  24  310.2843  933.1714    32     7     6  2096   385
  25  612.2941  933.4243    39     7     7  3601   269
  26  330.9408  934.3989    33     7     7  2174    -1
  27  631.4866  934.6879    39     7     7  3589   278
  28  351.4215  935.6619    35     7     7  2374    -1
  29  650.6794  935.9044    36     7     6  3316   373
  30  371.8382  936.8953    34     7     6  2383    -1
  31  669.8456  937.0649    34     7     6  3063   372
  32  392.1850  938.0682    35     7     6  2512    -1
  33  688.9643  938.1530    36     8     6  3146   215
  34  412.4893  939.1979    36     7     6  2644   318
  35  707.7764  939.3530    30     6     6  2126   199
  36  432.6623  940.3918    37     7     7  2737   336
  37  452.7303  941.7187    37     7     7  2801   398
  38  472.7864  942.8959    35     7     6  2773   378
  39  492.7562  944.0044    37     7     6  2974    -1
  40  512.5953  945.1450    37     7     6  3067   306
  41  532.3538  946.3336    38     7     7  3186   232
  42  551.9860  947.5801    40     8     7  3323    -1
  43  244.9045  947.8876    31     6     6  1906    -1
  44  571.5523  948.7944    38     7     7  3354   289
  45  265.9323  948.9703    33     7     6  2071    -1
  46  591.0663  949.9370    39     8     6  3474   275
  47  286.7925  950.1473    36     7     6  2265   280
  48  610.4459  951.0103    38     7     6  3546   364
  49  307.4496  951.3585    34     7     6  2216    -1
  50  629.7662  952.0870    36     7     6  3483   235
  51  328.1566  952.6139    35     7     7  2312    -1
  52  649.0449  953.1640    40     8     7  3738   209
  53  348.7407  953.8416    34     7     6  2344   382
  54  668.2704  954.3471    40     7     7  3838   152
  55  369.2585  954.9720    36     7     6  2533   341
  56  687.3971  955.5577    39     7     7  3874   365
  57  389.6843  956.0492    36     7     6  2603    -1
  58  706.1996  956.7179    34     7     6  2742   176
  59  410.0561  957.1337    36     8     6  2638    -1
  60  430.3029  958.3472    38     7     7  2803   333
  61  450.4523  959.5953    38     7     7  2886   381
  62  470.5100  960.8248    37     7     6  2946   388
  63  490.5101  961.9392    38     7     6  3093   292
  64  510.4438  963.0316    38     7     6  3164   274
  65  530.2863  964.1110    39     7     6  3274   284
  66  550.0104  965.2160    41     8     7  3441   371
  67  242.0082  966.1181    33     7     6  2014    -1
  68  569.6079  966.4154    39     7     7  3452   214
  69  263.0184  967.3280    31     6     6  1957    -1
  70  589.2321  967.6057    41     8     7  3640   247
  71  283.8483  968.6239    35     7     7  2218   234
  72  608.6346  968.7422    40     7     7  3664   198
  73  304.7222  969.7825    33     7     6  2181    -1
  74  628.0339  969.8932    41     8     7  3777   160
  75  325.4806  970.8700    36     7     6  2419   184
  76  647.3481  970.9208    38     7     6  3756   189
  77  666.5697  971.9819    38     7     6  3865   132
  78  346.1057  971.9836    35     7     6  2422   183
  79  685.7838  973.0298    39     8     6  3962    94
  80  366.6715  973.0435    36     7     6  2558    -1
  81  704.7813  974.0365    35     7     6  2859    91
  82  387.1967  974.1366    37     7     6  2648   283
  83  407.5416  975.2640    37     7     7  2740   304
  84  427.8524  976.4871    41     8     7  2978   268
  85  448.1176  977.6601    40     8     7  3012   334
  86  468.2972  978.8274    37     7     7  2974   374
  87  488.3097  979.9085    36     7     6  3019   249
  88  508.2826  980.9876    38     7     6  3188   167
  89  528.2033  982.0404    40     8     6  3338   272
  90  547.9874  983.0850    40     8     7  3424    -1
  91  567.6580  984.1827    37     7     7  3388   362
  92  238.9171  984.7818    32     7     6  1962   295
  93  587.3126  985.2900    41     7     7  3683   169
  94  259.9478  985.8735    33     7     6  2081   383
  95  606.7667  986.3882    41     8     7  3786   213
  96  280.9413  986.9170    35     8     6  2244    -1
  97  626.3203  987.4884    39     7     7  3764   155
  98  301.8754  988.0391    35     7     6  2312   236
  99  645.5961  988.5669    40     7     7  3914   103
 100  322.6801  989.1013    36     7     6  2422   270
 101  664.9344  989.6784    43     8     7  4146    57
 102  343.4354  990.1637    36     7     6  2481    -1
 103  684.2630  990.7469    40     8     7  4110    78
 104  364.1166  991.2544    38     8     7  2633   345
 105  703.1843  991.7860    36     7     6  2975   146
 106  384.5638  992.4591    38     7     7  2731   314
 107  405.0841  993.6023    40     8     7  2880   266
 108  425.4406  994.7475    37     7     7  2844    -1
 109  445.6781  995.8591    40     8     6  3061   193
 110  465.9747  996.9161    37     8     6  2977   180
 111  486.1159  997.9488    38     8     6  3121   171
 112  506.1400  998.9885    38     8     6  3200   157
 113  526.0850 1000.0358    39     8     6  3333   237
 114  545.9562 1001.0684    39     8     6  3412   370
 115  565.6840 1002.1384    37     7     7  3421   217
 116  585.4182 1003.1682    41     7     7  3738   123
 117  235.9599 1003.2674    33     7     6  2024   233
 118  604.9707 1004.1917    41     8     7  3805    58
 119  257.0700 1004.3551    32     7     7  2014   246
 120  624.4861 1005.2511    41     7     7  3914   129
 121  278.0633 1005.4283    35     7     7  2224   375
 122  643.8934 1006.2735    42     8     7  4047    83
 123  299.0461 1006.6107    37     8     7  2392   248
 124  663.3377 1007.3222    41     7     7  4120    34
 125  319.8851 1007.7314    37     7     7  2442   164
 126  682.5955 1008.3556    41     7     7  4239    67
 127  340.7021 1008.7793    35     7     6  2423   271
 128  701.6318 1009.3100    37     7     7  3034   105
 129  361.4106 1009.8129    36     7     6  2583    87
 130  382.0430 1010.8863    38     8     6  2749    89
 131  402.5368 1011.9196    38     7     6  2851    54
 132  423.0200 1012.9560    38     8     6  2900    40
 133  443.3761 1013.9991    38     7     6  2998    24
 134  463.6472 1015.0435    38     7     6  3096    29
 135  483.8498 1016.0548    38     8     6  3158    28
 136  503.9466 1017.0602    38     8     6  3230    17
 137  523.9837 1018.0866    40     8     7  3408    26
 138  543.8757 1019.1277    40     8     7  3504    73
 139  563.6879 1020.1506    38     7     7  3497   212
 140  583.4867 1021.1624    40     7     7  3724    -1
 141  232.8117 1021.9638    35     7     6  2151   216
 142  603.1360 1022.1682    41     8     7  3822   133
 143  254.0473 1023.0248    34     8     6  2144   207
 144  622.6661 1023.1794    38     7     7  3778   147
 145  275.1700 1024.0940    34     7     6  2200   263
 146  642.2242 1024.1639    42     8     7  4058   135
 147  296.2065 1025.0852    35     7     6  2319   151
 148  661.6067 1025.1637    41     7     7  4158   401
 149  681.0078 1026.1356    41     8     7  4226    99
 150  317.1272 1026.1368    36     8     6  2425   125
 151  700.0874 1027.1023    35     7     6  2957    -1
 152  337.9678 1027.1395    37     8     6  2549   108
 153  358.7359 1028.1738    37     7     7  2647    92
 154  379.4816 1029.2034    37     7     7  2720    65
 155  400.0636 1030.1920    40     8     7  2935    51
 156  420.5697 1031.2431    38     7     7  2947    48
 157  441.0027 1032.2665    41     8     7  3168    27
 158  461.3760 1033.3292    39     7     7  3168    11
 159  481.6073 1034.3261    39     7     7  3255     7
 160  501.7096 1035.3419    41     8     7  3448     4
 161  521.8124 1036.3340    42     8     7  3582     6
 162  541.7875 1037.3243    42     8     7  3665    41
 163  561.6895 1038.3255    41     8     7  3712   203
 164  581.5287 1039.2903    42     7     7  3879    -1
 165  601.2714 1040.2462    41     8     7  3874   360
 166  229.7148 1040.8852    33     7     6  2055   228
 167  620.8820 1041.1999    42     8     7  4016    -1
 168  250.9344 1041.9108    35     8     6  2215   252
 169  640.4862 1042.1599    40     7     7  4029    -1
 170  272.1596 1042.9410    35     7     6  2267   191
 171  659.9615 1043.1164    41     8     7  4154   357
 172  293.3129 1043.9167    36     7     6  2388   131
 173  679.4393 1044.0753    39     7     7  4189   115
 174  314.2856 1044.9138    36     7     6  2467   165
 175  698.6095 1045.0532    36     7     6  3060   358
 176  335.2186 1045.9112    36     7     6  2532   110
 177  356.0950 1046.9201    37     8     6  2645    75
 178  376.8575 1047.9253    39     8     6  2820    52
 179  397.4695 1048.8980    38     7     6  2885    25
 180  418.1219 1049.9152    38     8     6  2950    33
 181  438.5446 1050.8893    38     7     6  3043    22
 182  459.0025 1051.8450    41     8     7  3250    10
 183  479.3424 1052.8144    38     7     7  3201     2
 184  499.5247 1053.8030    41     7     7  3466     0
 185  519.6660 1054.7560    42     8     7  3600     8
 186  539.7118 1055.7137    43     8     7  3741    44
 187  559.6600 1056.6309    42     8     7  3788    -1
 188  579.5418 1057.5687    41     7     7  3869   376
 189  599.4117 1058.4822    41     7     7  3963    -1
 190  619.0974 1059.3663    44     8     7  4182   144
 191  226.6748 1059.8650    32     7     6  1989   287
 192  638.6759 1060.2929    41     8     7  4131   355
 193  247.9133 1060.8747    34     7     6  2167   208
 194  658.3276 1061.1887    42     8     7  4275    93
 195  269.1515 1061.7804    35     7     6  2235   162
 196  677.7412 1062.1264    42     8     7  4351    -1
 197  290.3934 1062.8180    36     7     6  2344   185
 198  696.9485 1062.9911    34     7     6  2942    -1
 199  311.4890 1063.7794    37     7     7  2487   114
 200  332.4614 1064.6955    39     7     7  2702    90
 201  353.4115 1065.6442    39     7     7  2775    79
 202  374.2572 1066.5795    41     8     7  2956    47
 203  394.9433 1067.4682    42     8     7  3106    49
 204  415.5746 1068.3944    40     7     7  3099    32
 205  436.1836 1069.3385    40     8     7  3065     9
 206  456.6237 1070.1661    37     7     7  2982    23
 207  477.0466 1071.1866    41     8     7  3285   262
 208  497.3669 1072.1239    41     7     7  3470    -1
 209  517.5250 1073.0730    39     7     7  3470     3
 210  537.5956 1074.0106    39     8     6  3550    20
 211  557.6499 1074.9921    40     8     6  3701     5
 212  577.5773 1075.9255    40     7     7  3798   154
 213  597.4577 1076.8069    41     7     7  3966    60
 214  617.2915 1077.6761    42     8     7  4105    -1
 215  636.9353 1078.5206    44     8     7  4332   221
 216  223.5126 1078.9447    35     7     6  2148   367
 217  656.5665 1079.3746    42     7     7  4341    -1
 218  455.4515 1079.6429    51     9     7  4159   177
 219  244.8634 1079.8742    35     8     6  2215   251
 220  676.1630 1080.2379    43     8     7  4420   392
 221  266.1442 1080.8221    35     7     6  2225   224
 222  695.4210 1081.1273    37     7     6  3154    -1
 223  287.4859 1081.7209    35     7     6  2248   324
 224  308.6730 1082.6450    37     7     7  2457   187
 225  329.6509 1083.4908    38     7     7  2662   104
 226  350.6594 1084.3687    40     7     7  2853   101
 227  371.5781 1085.2592    38     7     7  2847    76
 228  392.4398 1086.1624    41     7     7  3063    59
 229  413.0896 1087.0616    42     8     7  3172    55
 230  433.6596 1088.0383    38     7     6  3009    46
 231  454.2065 1089.0059    36     7     6  2897    62
 232  463.3538 1089.3956    22     6     5  1866   339
 233  474.7115 1089.9423    40     8     6  3239   202
 234  495.1149 1090.8347    41     8     7  3499   138
 235  515.3764 1091.6790    41     7     7  3620   172
 236  535.5418 1092.5376    42     7     7  3776    13
 237  555.6254 1093.3888    41     7     7  3821    -1
 238  575.6282 1094.2344    41     7     7  3891    37
 239  595.5584 1095.0991    40     7     7  3918    72
 240  615.4368 1095.9883    38     7     6  3911    -1
 241  635.2122 1096.8679    42     8     7  4185   354
 242  654.8519 1097.7020    46     8     7  4562    12
 243  220.3103 1098.0936    35     7     6  2156   309
 244  674.5025 1098.5282    43     7     7  4526    16
 245  241.8063 1098.9521    35     7     6  2230   337
 246  693.8258 1099.2627    38     8     7  3177   356
 247  263.1654 1099.9019    36     7     6  2335   379
 248  284.5251 1100.7711    38     7     7  2457   227
 249  305.8046 1101.6563    37     7     7  2477   205
 250  326.9103 1102.4631    41     8     7  2808   117
 251  347.9421 1103.3125    42     8     7  2964   113
 252  368.8974 1104.1429    39     8     7  2891   136
 253  389.7537 1105.0649    39     8     6  2959   264
 254  410.5441 1105.9829    38     7     6  3010   239
 255  431.2914 1106.9071    39     8     7  3134   243
 256  451.8918 1107.7944    44     8     7  3443   206
 257  472.4278 1108.6115    40     7     7  3372   111
 258  492.8307 1109.4084    42     8     7  3618   298
 259  513.2476 1110.2208    43     8     7  3715    45
 260  533.4770 1111.0766    41     7     7  3701   148
 261  553.5669 1111.9873    38     7     6  3634    64
 262  573.6225 1112.8337    42     8     7  3961    82
 263  593.6127 1113.6253    44     8     7  4188    98
 264  613.5509 1114.4285    43     7     7  4234    -1
 265  633.4449 1115.2176    42     7     7  4260    56
 266  653.2043 1116.0276    43     8     7  4358    19
 267  672.8342 1116.9065    44     8     7  4510    14
 268  217.2026 1117.2266    37     7     7  2267   405
 269  692.2483 1117.7046    39     7     7  3289    15
 270  238.6980 1118.1139    36     7     6  2305   340
 271  260.2370 1119.0116    36     7     6  2359   253
 272  281.5893 1119.9383    38     7     6  2516   307
 273  302.9024 1120.8092    39     8     7  2626   297
 274  324.1145 1121.6374    42     8     7  2886   282
 275  345.2396 1122.3813    40     7     7  2868   366
 276  366.3082 1123.1908    42     8     7  3054   196
 277  387.2055 1124.0059    39     8     6  2962   102
 278  408.0700 1124.9597    39     8     6  3029   258
 279  428.7799 1125.7765    44     8     7  3397   238
 280  449.4889 1126.5659    42     7     7  3451    39
 281  470.0782 1127.4236    44     8     7  3639   121
 282  490.5883 1128.1775    41     7     7  3557   150
 283  511.0216 1129.0171    42     8     7  3649   197
 284  531.3654 1129.8852    40     7     7  3664   170
 285  551.5377 1130.6456    42     7     7  3906   134
 286  571.6677 1131.4109    43     8     7  4058   118
 287  591.7225 1132.2025    44     8     7  4173   100
 288  611.6649 1133.0040    41     8     6  4070    66
 289  631.5536 1133.7999    42     7     7  4264    50
 290  651.4472 1134.5498    43     7     7  4478    21
 291  671.2275 1135.2993    46     8     7  4707    18
 292  690.6459 1136.0499    36     7     6  3102    30
 293  213.9578 1136.8590    36     8     6  2215   368
 294  235.5883 1137.5576    37     7     7  2371   285
 295  257.1923 1138.2818    37     7     7  2409   303
 296  278.6413 1139.1037    37     7     7  2501   343
 297  300.0277 1139.9810    39     8     6  2636   300
 298  321.2926 1140.8486    37     7     7  2636   369
 299  342.4713 1141.6094    40     7     7  2905   242
 300  363.5374 1142.3394    40     7     7  2990    81
 301  384.5729 1143.1239    40     7     7  3029   163
 302  405.4644 1143.9932    38     7     6  2997   301
 303  426.3477 1144.7980    42     8     7  3308   181
 304  447.1313 1145.5538    43     8     7  3506   230
 305  467.7174 1146.3157    42     8     7  3549   265
 306  488.3826 1147.0729    42     8     7  3608   192
 307  508.7649 1147.9381    44     8     7  3782    86
 308  529.2333 1148.6791    42     8     7  3836   137
 309  549.4995 1149.4025    43     7     7  3986   161
 310  569.6687 1150.1583    43     8     7  4029   127
 311  589.7948 1150.9383    44     8     7  4144   107
 312  609.8330 1151.6450    46     8     7  4417    77
 313  629.7827 1152.3922    43     8     7  4368    68
 314  649.6498 1153.1376    43     8     7  4413    36
 315  669.5080 1153.8785    42     7     7  4470    31
 316  689.0602 1154.6007    40     7     7  3371    38
 317  210.7455 1156.1591    37     7     7  2290   344
 318  232.4490 1157.0275    38     7     6  2410   294
 319  254.1425 1157.8929    39     8     7  2515   350
 320  275.6127 1158.5895    38     7     7  2548   312
 321  297.1206 1159.2983    41     8     7  2759   195
 322  318.4974 1160.0524    39     7     7  2723   223
 323  339.6359 1160.9448    40     8     6  2861   322
 324  360.7792 1161.6259    45     8     7  3235   245
 325  381.9062 1162.3655    42     8     7  3171    -1
 326  402.8913 1163.1078    41     8     7  3154   281
 327  423.8239 1163.9225    44     8     7  3407    69
 328  444.6124 1164.6511    44     8     7  3570    70
 329  465.4371 1165.3824    43     7     7  3612   128
 330  486.0359 1166.0931    43     8     7  3654   254
 331  506.5527 1166.8695    41     7     7  3663   220
 332  527.0792 1167.5786    44     8     7  3956   141
 333  547.4508 1168.3036    44     8     7  4048   156
 334  567.6338 1169.0421    42     8     7  3976   145
 335  587.8764 1169.7290    46     8     7  4322   122
 336  607.9714 1170.4405    44     8     7  4353    97
 337  628.0101 1171.1375    46     8     7  4468    84
 338  647.9709 1171.8219    45     8     7  4533    53
 339  667.7969 1172.5004    46     8     7  4786    35
 340  687.3893 1173.1831    40     7     7  3382    42
 341  207.4819 1175.9615    35     7     6  2192   315
 342  229.3301 1176.7246    39     7     7  2462    -1
 343  251.0331 1177.3265    41     8     7  2609   335
 344  272.6585 1178.0642    36     7     6  2431   320
 345  294.2360 1178.8644    38     8     7  2597   342
 346  315.5259 1179.5383    41     7     7  2860   331
 347  336.8524 1180.2025    41     8     7  2907   279
 348  358.1660 1180.9668    40     8     6  2934   255
 349  379.3169 1181.7432    41     8     7  3115   302
 350  400.4093 1182.4187    42     7     7  3269   310
 351  421.3733 1183.0898    42     8     7  3331   259
 352  442.2468 1183.8439    43     8     7  3473    88
 353  463.0624 1184.5484    44     8     7  3667   201
 354  483.7079 1185.2487    43     8     7  3670   119
 355  504.3858 1185.9216    42     8     7  3694   412
 356  524.8667 1186.5995    46     8     7  4059   158
 357  545.3723 1187.2964    44     8     7  4032   182
 358  565.6156 1187.9938    43     8     8  4019   149
 359  585.9378 1188.6225    46     8     7  4333   124
 360  606.1077 1189.3071    46     8     7  4441   112
 361  626.2531 1189.9606    46     8     8  4443    95
 362  646.2325 1190.6197    44     8     7  4555    61
 363  666.1625 1191.2797    46     8     7  4765    43
 364  685.7469 1191.9737    38     8     6  3192    63
 365  204.3481 1195.7608    38     7     7  2341   327
 366  226.1789 1196.3191    39     8     7  2442   348
 367  247.9249 1197.0330    38     8     6  2446   338
 368  269.5310 1197.7616    40     7     7  2646   330
 369  291.2615 1198.4107    43     8     7  2867   325
 370  312.6558 1199.1013    39     8     7  2720   316
 371  334.1424 1199.8318    42     8     7  2953   277
 372  355.4520 1200.4531    42     7     7  3080   299
 373  376.6008 1201.1142    40     7     7  3042   288
 374  397.7003 1201.8342    43     8     7  3308   190
 375  418.7796 1202.4455    44     8     7  3484   106
 376  439.7243 1203.1535    44     8     7  3542   109
 377  460.5809 1203.8305    42     8     7  3534   222
 378  481.4538 1204.4724    42     7     7  3660   204
 379  502.1429 1205.1280    45     8     7  3852   363
 380  522.6483 1205.7874    45     8     7  3969   174
 381  543.2724 1206.4356    46     8     7  4163   179
 382  563.5771 1207.0862    42     8     7  3980   139
 383  583.9750 1207.6517    46     8     7  4344   142
 384  604.2391 1208.3082    46     8     7  4458   120
 385  624.4183 1208.9064    44     8     8  4380    -1
 386  644.4685 1209.5332    43     7     7  4531    80
 387  664.4583 1210.1702    42     7     7  4523    71
 388  684.1633 1210.8007    39     7     7  3340    74
 389  201.0307 1215.5448    40     8     7  2424   406
 390  222.9181 1216.1239    39     8     7  2426    -1
 391  244.7928 1216.9125    39     7     7  2493   319
 392  266.5417 1217.4784    40     7     7  2648   305
 393  288.2611 1218.0310    41     8     7  2728   311
 394  309.7590 1218.8405    42     8     7  2849   328
 395  331.3371 1219.4294    44     8     7  3078   384
 396  352.6096 1220.0436    41     8     7  2990   326
 397  373.9674 1220.6747    45     8     7  3309   329
 398  395.1811 1221.3223    45     8     7  3426   168
 399  416.3223 1221.9380    41     8     7  3260   229
 400  437.3582 1222.5720    44     8     7  3561   261
 401  458.2769 1223.1979    45     8     7  3680   267
 402  479.1184 1223.8086    44     8     7  3707   153
 403  499.8127 1224.4345    46     8     7  3963    -1
 404  520.4840 1225.0708    43     7     8  3839   186
 405  541.1359 1225.6380    45     8     7  4090    -1
 406  561.5587 1226.2599    43     8     7  4074   178
 407  581.9464 1226.7554    44     8     7  4158   140
 408  602.3441 1227.4223    45     8     7  4411   130
 409  622.5169 1227.9888    44     7     8  4383   116
 410  642.6353 1228.5440    44     8     7  4588    85
 411  662.6629 1229.1613    45     8     7  4656    96
 412  682.3821 1229.6706    42     7     7  3483   126
 413  197.7146 1235.5046    39     7     7  2388   273
 414  219.7082 1236.0980    37     7     7  2340   346
 415  241.5686 1236.7437    39     7     7  2504   317
 416  263.5235 1237.3493    40     7     7  2637   210
 417  285.2826 1237.9138    38     7     6  2567   240
 418  306.8273 1238.5168    43     8     7  2926   257
 419  328.4682 1239.1297    41     7     7  2898   296
 420  349.8724 1239.7743    45     8     7  3198   250
 421  371.2953 1240.3502    45     8     7  3325   218
 422  392.4964 1240.9500    41     7     7  3170   143
 423  413.6530 1241.5109    45     8     7  3531   386
 424  434.7575 1242.1552    44     8     7  3505   159
 425  455.8082 1242.6921    45     8     7  3697   256
 426  476.7090 1243.3062    45     8     7  3767   166
 427  497.5443 1243.8468    42     8     7  3703   219
 428  518.3572 1244.4382    45     8     7  4015   194
 429  538.9306 1245.0093    45     8     8  4015    -1
 430  559.5139 1245.5298    44     7     7  4145    -1
 431  579.9813 1246.1316    45     8     7  4207    -1
 432  600.4118 1246.5924    45     8     7  4381    -1
 433  620.6142 1247.1997    45     8     7  4431    -1
 434  640.8385 1247.6538    46     8     7  4666    -1
 435  660.9714 1248.2823    45     8     7  4662    -1
 436  680.7926 1248.7540    40     8     7  3319    -1
 437  194.3874 1255.2884    38     7     7  2193   332
 438  216.4972 1255.7938    35     7     6  2104   231
 439  238.3767 1256.6252    38     7     7  2419   225
 440  260.4100 1257.2896    42     7     7  2789   321
 441  282.1980 1257.8843    39     8     7  2715   244
 442  303.8542 1258.4066    42     8     7  2978   293
 443  325.4765 1259.0256    42     7     7  3036   211
 444  347.0294 1259.5559    45     8     7  3323   290
 445  368.4774 1260.1643    41     7     7  3200   188
 446  389.7813 1260.6422    46     8     7  3587   241
 447  411.0841 1261.2645    45     8     7  3630   260
 448  432.2929 1261.7636    46     8     7  3734   286
 449  453.3793 1262.3634    45     8     7  3824    -1
 450  474.3732 1262.8292    46     8     8  3925    -1
 451  495.2597 1263.4340    46     8     7  4102   173
 452  516.0780 1263.9085    48     8     8  4246   200
 453  536.7280 1264.4565    45     8     7  4272   308
 454  557.4460 1264.9143    46     8     8  4318    -1
 455  577.9523 1265.4471    48     8     7  4613    -1
 456  598.4316 1265.8930    46     8     8  4435    -1
 457  618.7349 1266.3453    45     8     7  4357    -1
 458  639.0701 1266.7745    46     8     8  4191   175
 459  659.3089 1267.2754    44     8     7  4199    -1
 460  679.1167 1267.7572    37     7     7  2857    -1
 461  278.4111 1284.8222    17     5     4   940   409
 462  642.7800 1288.8133   212    52    10 12518     1
 463  609.9423 1291.9038     5     3     2   302   400
 464  583.3744 1292.0169    19     5     4  1364   351
 465  609.0116 1300.9186     6     3     3   343    -1
