459
   0 2079.7000 1071.4444    70    48     4  3590    -1
   1 2013.2077 1079.8846    20     9     3  1065    86
   2 2028.8818 1080.7591    34    14     4  1920   377
   3 1999.1935 1094.4194    13     4     4   712    -1
   4 2010.9627 1094.9471    13     4     4   905    -1
   5 2022.9438 1095.3098    16     4     5  1147   181
   6 2034.8051 1095.9528    16     5     4  1213   174
   7 2046.6007 1096.5141    18     5     5  1327   124
   8 2058.4463 1097.0050    17     5     4  1353    -1
   9 2070.1486 1097.6227    19     5     5  1431   123
  10 2081.9257 1098.0580    15     4     4  1241   197
  11 2093.7158 1098.7575    17     5     5  1281   179
  12 2105.2707 1099.1525    16     5     4  1223   199
  13 2116.9776 1099.8408    15     4     4  1152   256
  14 2128.4858 1100.2379    17     5     4  1201   214
  15 2140.0580 1100.8923    15     4     4  1112    -1
  16 2151.5554 1101.3664    15     5     4  1057   252
  17 2163.0046 1101.9648    14     4     4  1027    -1
  18 2174.4618 1102.4962    14     5     4   962   263
  19 2185.8724 1103.0138    14     4     4   990   327
  20 2197.2018 1103.5482    12     4     4   828   353
  21 2208.4916 1104.0840    14     5     4   938   419
  22 2219.6686 1104.5116    11     4     3   722   360
  23 2230.9478 1105.1940    12     4     4   734   325
  24 2242.2674 1105.6163     9     4     3   536   355
  25 2253.4388 1106.2755     7     3     3   399   372
  26 2000.5583 1107.2087    12     4     4   806   370
  27 2012.5615 1107.8627    17     5     4  1338    -1
  28 2024.4199 1108.1940    19     5     5  1499   100
  29 2036.3339 1108.9114    17     5     4  1392   114
  30 2048.1713 1109.2856    17     5     5  1349    84
  31 2060.0507 1109.9374    15     4     4  1253   170
  32 2071.8783 1110.4624    18     5     5  1352   148
  33 2083.6554 1110.9639    17     5     4  1307   150
  34 2095.3420 1111.4975    18     5     5  1305    -1
  35 2107.0131 1111.9846    15     4     4  1171   193
  36 2118.7011 1112.6293    17     5     5  1198   394
  37 2130.2155 1113.0470    15     4     4  1112    -1
  38 2141.8691 1113.6640    14     4     4  1017    -1
  39 2153.3182 1114.0956    15     5     4  1069    -1
  40 2164.7877 1114.6781    13     4     4   942   279
  41 2176.2726 1115.1823    13     4     4   927   261
  42 2187.6939 1115.7053    13     4     4   913   305
  43 2199.1000 1116.2077    13     4     4   910   268
  44 2210.3843 1116.6667    12     4     4   816   301
  45 2221.6667 1117.2500    13     4     4   854   338
  46 2232.9158 1117.6684    13     4     4   840   299
  47 2244.2200 1118.3000    13     4     4   825   335
  48 2255.3931 1118.6195    11     4     4   709   367
  49 2266.5417 1119.3611     8     3     3   472   359
  50 2002.1493 1120.2109    13     4     4   861    -1
  51 2014.0593 1120.9158    15     4     4  1231   408
  52 2025.9906 1121.2528    17     4     5  1384   103
  53 2037.9760 1121.9338    16     4     4  1321   121
  54 2049.8557 1122.3516    19     5     5  1442    77
  55 2061.7484 1122.9463    16     5     4  1275   215
  56 2073.4976 1123.3854    18     5     5  1319   115
  57 2085.2318 1123.9471    17     5     4  1275   225
  58 2097.0342 1124.3785    15     4     5  1145    -1
  59 2108.7900 1124.9575    16     5     4  1200   202
  60 2120.3971 1125.4176    17     5     5  1190   391
  61 2132.0222 1125.9778    14     4     4  1060    -1
  62 2143.6533 1126.5244    17     5     5  1137   396
  63 2155.1533 1126.9861    15     4     4  1073   172
  64 2166.6765 1127.5314    13     4     5   905   290
  65 2178.1401 1127.9879    14     4     4   989   283
  66 2189.6216 1128.4955    11     4     3   772   344
  67 2200.9667 1128.9941    14     4     4   955   303
  68 2212.3177 1129.5148    11     4     3   753   351
  69 2223.5935 1129.9346    14     5     4   914   319
  70 2234.8820 1130.4607    12     4     3   778   333
  71 2246.2273 1130.9318    12     4     4   776   293
  72 2257.4730 1131.5068     9     3     3   598   418
  73 2268.3871 1131.8387     9     3     4   512   368
  74 2003.5610 1133.3537    12     4     4   764   357
  75 2015.6462 1133.9624    18     5     4  1365   106
  76 2027.5573 1134.4008    19     5     5  1474    68
  77 2039.5339 1134.9522    18     5     4  1402    92
  78 2051.4286 1135.4004    18     5     5  1362    53
  79 2063.2966 1135.9675    17     5     4  1327   116
  80 2075.1340 1136.3531    17     5     5  1279    98
  81 2086.9804 1136.9573    15     4     4  1183    -1
  82 2098.7992 1137.3556    18     5     5  1281   209
  83 2110.4975 1137.9484    17     5     4  1247   167
  84 2122.1599 1138.3415    15     4     5  1097   195
  85 2133.8641 1138.9174    14     4     4  1057    -1
  86 2145.3431 1139.3072    15     5     4  1056    -1
  87 2157.0137 1139.9590    14     4     4  1029   397
  88 2168.4963 1140.2881    15     5     4  1019   347
  89 2180.0017 1140.8737    14     4     4   989   277
  90 2191.4390 1141.3293    14     5     4   946   237
  91 2202.8086 1141.7798    13     4     4   893   318
  92 2214.2500 1142.3318    13     4     4   870   403
  93 2225.5398 1142.7139    13     4     4   851   313
  94 2236.8135 1143.2622    12     4     4   785   330
  95 2248.2012 1143.6037    11     4     4   714   346
  96 2259.4497 1144.1415    11     3     4   709   348
  97 2270.4048 1144.4683     9     3     3   513   376
  98 2005.1576 1146.6848    13     4     4   834    -1
  99 2017.1112 1147.0292    15     4     4  1213   131
 100 2029.1042 1147.5890    19     5     5  1478    51
 101 2041.0812 1148.0147    17     5     4  1361    91
 102 2053.0333 1148.5542    17     4     5  1330    78
 103 2064.9906 1148.9990    16     4     4  1279   141
 104 2076.8890 1149.4931    18     5     5  1337    74
 105 2088.7384 1149.9583    16     5     4  1232   177
 106 2100.4318 1150.4015    17     5     5  1246   206
 107 2112.1810 1150.9506    16     5     4  1195   162
 108 2123.9426 1151.3039    16     4     5  1157   236
 109 2135.6595 1151.8875    15     5     4  1101    -1
 110 2147.2261 1152.2643    13     4     4   964    -1
 111 2158.8113 1152.8459    14     4     4  1018   276
 112 2170.3369 1153.1986    14     5     4   982   249
 113 2181.8626 1153.7711    13     4     4   923   241
 114 2193.3340 1154.1950    13     4     4   909   286
 115 2204.7949 1154.6667    13     4     4   884   341
 116 2216.2013 1155.1580    13     4     4   881   342
 117 2227.5220 1155.4890    10     4     3   682   373
 118 2238.8448 1155.9975    13     4     4   853   254
 119 2250.2066 1156.5120    11     4     3   717   336
 120 2261.4325 1156.8865    11     4     4   713   361
 121 2272.5152 1157.3636     8     3     3   466   369
 122 2006.7333 1159.8944    13     4     4   830    -1
 123 2018.7341 1160.1608    18     5     5  1357    -1
 124 2030.7998 1160.8598    19     5     5  1467    54
 125 2042.7358 1161.0815    17     5     4  1359    81
 126 2054.7468 1161.8170    19     5     5  1420    37
 127 2066.6553 1162.0617    17     5     4  1320   188
 128 2078.5322 1162.6563    17     5     5  1285    80
 129 2090.3386 1163.0135    18     5     4  1346   107
 130 2102.1625 1163.4625    18     5     5  1300   200
 131 2113.9743 1163.9572    15     4     4  1159   180
 132 2125.7108 1164.4036    18     5     5  1232   185
 133 2137.3638 1164.9377    16     5     4  1145   247
 134 2149.0489 1165.2571    14     4     4  1017   218
 135 2160.6806 1165.8323    14     5     4  1010   245
 136 2172.2017 1166.2186    13     4     4   945   251
 137 2183.7857 1166.7198    13     4     4   923   238
 138 2195.2416 1167.0993    13     4     4   917   312
 139 2206.6577 1167.5676    13     4     4   872   281
 140 2218.1218 1168.0168    14     4     4   938   296
 141 2229.5000 1168.4681    11     4     4   738   287
 142 2240.8234 1168.7935    13     4     4   851   345
 143 2252.1705 1169.3807    13     4     4   826   339
 144 2263.4359 1169.6154    10     3     4   656   425
 145 2274.5323 1170.2581     9     3     4   512   350
 146 2008.2411 1173.1193    13     4     4   847   417
 147 2020.2457 1173.5427    19     5     5  1418    93
 148 2032.2857 1173.9887    17     5     4  1382    65
 149 2044.3136 1174.4118    18     5     5  1399    57
 150 2056.3130 1174.9370    17     5     4  1342    55
 151 2068.2766 1175.2375    20     5     5  1461    89
 152 2080.1799 1175.8554    16     5     4  1253   101
 153 2092.0381 1176.0740    15     4     4  1196   203
 154 2103.9310 1176.7373    16     4     5  1213   173
 155 2115.7687 1177.0423    16     5     4  1202   158
 156 2127.4549 1177.5056    17     5     5  1205   160
 157 2139.1566 1177.9780    15     4     4  1114   242
 158 2150.8679 1178.3522    16     4     5  1118   196
 159 2162.4837 1178.9039    16     5     4  1107   169
 160 2174.0604 1179.1779    15     4     4  1048   234
 161 2185.6685 1179.7247    14     5     4   967   273
 162 2197.1232 1180.0978    14     4     4   976   363
 163 2208.6721 1180.4953    11     4     3   765   314
 164 2220.0333 1180.9500    14     4     4   940   272
 165 2231.4946 1181.4027    12     4     4   785   306
 166 2242.8153 1181.7118    13     4     4   853   375
 167 2254.1944 1182.2389    13     4     4   830   426
 168 2265.4517 1182.5276     9     3     3   595   414
 169 2276.5357 1182.9286     9     3     4   506   410
 170 2009.7412 1186.3529    12     4     4   770   424
 171 2021.9304 1186.9390    17     5     4  1317   105
 172 2033.9150 1187.1748    17     5     5  1385    41
 173 2045.9933 1187.8205    16     4     5  1321    72
 174 2057.9720 1188.0640    15     4     4  1250   187
 175 2069.9959 1188.5806    18     4     5  1384    97
 176 2081.9295 1188.9893    16     4     4  1268   153
 177 2093.8229 1189.3296    19     5     5  1396   122
 178 2105.7392 1189.9043    16     5     4  1218   144
 179 2117.4596 1190.1515    17     5     4  1246    87
 180 2129.2083 1190.7417    16     4     5  1160   175
 181 2140.9930 1191.0322    15     4     4  1107   220
 182 2152.6667 1191.5306    17     5     5  1144    36
 183 2164.2724 1191.9583    15     4     4  1062   292
 184 2175.9291 1192.2891    15     4     4  1025   352
 185 2187.5448 1192.7612    15     5     4  1018   163
 186 2199.0788 1193.1300    14     4     4   973   208
 187 2210.5293 1193.5390    13     4     4   855   374
 188 2222.0064 1193.9723    14     4     4   935   317
 189 2233.4679 1194.3717    13     4     4   837   386
 190 2244.8560 1194.7042    13     4     4   841   404
 191 2256.2403 1195.1243    13     4     4   831   275
 192 2267.4792 1195.5139     9     3     3   594   378
 193 2278.6429 1195.7041     9     3     4   499   421
 194 2011.3449 1199.9332    14     4     4   887   354
 195 2023.4219 1200.1009    17     5     4  1311    94
 196 2035.5018 1200.6734    20     5     5  1548    18
 197 2047.6058 1200.9923    18     5     4  1420    38
 198 2059.6468 1201.3806    19     5     5  1461    16
 199 2071.6896 1201.9333    18     5     4  1380    85
 200 2083.5998 1202.1334    17     5     4  1311    60
 201 2095.5657 1202.7418    19     5     5  1376   136
 202 2107.3565 1203.0106    17     5     4  1275   134
 203 2119.1885 1203.3717    17     5     5  1232   104
 204 2131.0481 1203.8948    15     4     4  1135   223
 205 2142.8047 1204.1361    15     4     4  1088   178
 206 2154.4850 1204.6199    15     5     4  1017   222
 207 2166.1656 1205.0350    14     4     4  1014   250
 208 2177.8270 1205.4392    14     4     5   963   224
 209 2189.4091 1205.8977    16     5     4  1064   189
 210 2200.9440 1206.1720    15     4     4  1000   337
 211 2212.4953 1206.6132    14     5     4   912   291
 212 2223.9487 1206.9786    14     4     4   934   274
 213 2235.4684 1207.4053    13     5     4   840   407
 214 2246.8135 1207.6622    13     4     4   835   334
 215 2258.3077 1208.1209    13     4     4   832   428
 216 2269.5420 1208.4580     9     3     3   593   298
 217 2280.6020 1208.6837     8     3     3   449    -1
 218 2155.3929 1211.1369    19     5     5  1286   213
 219 2012.9490 1213.1378    15     4     4   946   260
 220 2025.0388 1213.7102    17     4     5  1340    52
 221 2037.1136 1213.9780    16     5     4  1346    44
 222 2049.2034 1214.3289    20     5     5  1526    19
 223 2061.3040 1214.8921    17     5     4  1355    66
 224 2073.2739 1215.0830    18     5     4  1382    75
 225 2085.2991 1215.6026    19     5     5  1408    33
 226 2097.1942 1215.9621    17     5     4  1298   109
 227 2109.1148 1216.2129    16     4     5  1218   145
 228 2121.0375 1216.8400    15     4     4  1150   176
 229 2132.8680 1217.0280    15     4     4  1125   186
 230 2144.6211 1217.5000    17     5     5  1172   142
 231 2158.1827 1217.9573    25    10     4  1707    39
 232 2168.0986 1218.2059    13     4     4   939   253
 233 2179.7342 1218.7045    13     4     4   919   246
 234 2191.2651 1218.9982    16     5     4  1081   229
 235 2202.8967 1219.3636    13     4     4   892   392
 236 2214.4737 1219.7851    13     5     4   878   310
 237 2225.9592 1220.0622    14     4     4   933    -1
 238 2237.4721 1220.4777    12     4     4   779   315
 239 2248.8209 1220.7941    13     4     4   837   304
 240 2260.3605 1221.1919    13     4     4   822   393
 241 2271.6149 1221.4527    11     4     3   698   316
 242 2282.8778 1221.5444     7     3     3   395   398
 243 2014.5640 1226.8198    12     4     4   772   415
 244 2026.6674 1227.0687    17     5     4  1316   385
 245 2038.7867 1227.4534    19     5     5  1508    31
 246 2050.9432 1227.9297    17     5     4  1369   138
 247 2062.9667 1228.1078    16     4     5  1310    24
 248 2075.0221 1228.6285    17     4     5  1348    63
 249 2087.0289 1228.9668    16     4     4  1267    62
 250 2098.9823 1229.1836    16     4     5  1252    58
 251 2110.9846 1229.7671    16     4     5  1223   118
 252 2122.8494 1229.9987    16     5     4  1195   151
 253 2134.6416 1230.3757    18     5     5  1246   129
 254 2146.4906 1230.8500    17     5     4  1170   183
 255 2158.1687 1231.0851    14     4     4  1023   132
 256 2169.9413 1231.4929    15     4     5  1031   207
 257 2181.6875 1231.8715    14     5     4   988   231
 258 2193.2393 1232.1714    13     4     4   930   349
 259 2204.8106 1232.5979    13     4     4   885   258
 260 2216.4261 1232.9261    13     4     4   880   269
 261 2227.9720 1233.2243    13     4     4   864   244
 262 2239.4045 1233.5393    10     4     3   678   324
 263 2250.9138 1233.9138    14     4     4   903   332
 264 2262.3810 1234.3036    13     4     4   818   328
 265 2273.7416 1234.5067    12     4     4   749   366
 266 2285.1379 1234.8448    10     4     4   558   427
 267 2016.1543 1240.1489    13     4     4   838   156
 268 2028.1868 1240.6733    19     5     5  1429     3
 269 2040.4096 1240.9746    17     5     4  1381    20
 270 2052.5424 1241.2669    19     5     5  1469    64
 271 2064.7191 1241.7799    20     5     5  1493    21
 272 2076.7781 1241.9990    17     5     4  1339    47
 273 2088.7830 1242.2957    19     5     5  1420    30
 274 2100.8440 1242.8509    18     5     5  1336    73
 275 2112.7322 1243.0284    16     5     4  1222   113
 276 2124.6046 1243.3686    19     5     5  1323   110
 277 2136.5478 1243.8483    17     5     4  1206   147
 278 2148.2507 1244.0587    16     5     4  1149   184
 279 2160.0789 1244.4009    15     4     5  1073   192
 280 2171.8625 1244.8906    14     4     4  1020   232
 281 2183.4859 1245.0915    15     5     4  1034   205
 282 2195.1565 1245.4046    15     4     5  1012   266
 283 2206.7825 1245.8234    13     4     4   919   289
 284 2218.3932 1246.1111    13     4     4   884   267
 285 2229.9019 1246.4426    13     4     4   859   413
 286 2241.4902 1246.7990    13     5     4   854   383
 287 2252.9422 1247.1080    14     4     4   899   321
 288 2264.4745 1247.4873    11     4     4   707   356
 289 2275.7662 1247.6104    13     4     4   804   420
 290 2287.1949 1248.0424    10     4     4   559   402
 291 2017.7047 1253.8977    13     4     4   821   166
 292 2029.8936 1254.0957    17     5     5  1320    42
 293 2042.0255 1254.5200    19     5     5  1500     7
 294 2054.1531 1254.9302    17     5     4  1366    23
 295 2066.3041 1255.0837    19     5     5  1440     8
 296 2078.4347 1255.5379    19     5     5  1425    32
 297 2090.5200 1255.9133    17     5     4  1300    67
 298 2102.4977 1256.0787    17     5     4  1282   135
 299 2114.4873 1256.5127    17     5     5  1245    95
 300 2126.4332 1256.8930    17     5     4  1224   108
 301 2138.2629 1257.0913    16     5     4  1167   112
 302 2150.1402 1257.4573    16     4     5  1128   143
 303 2161.9529 1257.8853    15     4     4  1090   210
 304 2173.7722 1258.0696    15     4     4  1066   216
 305 2185.4301 1258.4266    17     5     5  1136   228
 306 2197.1528 1258.8611    15     4     4  1038   255
 307 2208.7707 1259.0414    15     4     4  1016   248
 308 2220.3816 1259.3465    14     5     4   928   264
 309 2231.9083 1259.7248    13     4     4   868   320
 310 2243.4757 1260.0000    14     5     4   906   285
 311 2254.9947 1260.3138    13     4     4   838   300
 312 2266.4748 1260.5755    11     3     4   709    -1
 313 2277.9012 1260.8779    13     4     4   822    -1
 314 2289.3667 1261.1667     9     3     4   510    -1
 315 2019.2292 1267.4583    14     4     5   892    -1
 316 2031.4619 1267.9174    17     5     4  1322    14
 317 2043.7019 1268.0556    18     5     5  1440     9
 318 2055.9132 1268.4305    20     5     5  1547    11
 319 2068.0259 1268.8606    16     4     5  1302   140
 320 2080.1219 1269.0434    17     5     4  1334    40
 321 2092.1906 1269.3301    19     5     5  1409    29
 322 2104.2587 1269.7970    18     5     5  1331    22
 323 2116.2202 1270.0109    16     5     4  1211    96
 324 2128.1781 1270.1913    17     5     5  1229    61
 325 2140.1298 1270.7320    16     4     5  1162   120
 326 2152.0055 1270.9643    15     4     4  1114   161
 327 2163.8313 1271.1386    15     4     4  1082   152
 328 2175.6353 1271.5957    17     5     5  1153   155
 329 2187.4010 1271.9096    17     5     4  1143    -1
 330 2199.0593 1272.0831    14     4     4   995   212
 331 2210.7383 1272.4064    14     4     5   935   240
 332 2222.3904 1272.7544    14     5     4   928   239
 333 2233.9746 1273.0000    14     4     4   936   262
 334 2245.5260 1273.2708    13     5     4   842   278
 335 2257.1354 1273.5608    13     4     4   831   297
 336 2268.5171 1273.8657    12     4     4   775   311
 337 2280.0732 1274.1646    13     4     4   814   329
 338 2291.4508 1274.4508     9     3     3   511   364
 339 2020.8627 1281.1528    15     4     4   943   219
 340 2033.0682 1281.5509    18     4     5  1391   117
 341 2045.3294 1281.8908    18     5     5  1445     1
 342 2057.5637 1282.0618    18     5     4  1418    17
 343 2069.7749 1282.3674    19     5     5  1463     6
 344 2081.9876 1282.8471    16     4     5  1284    45
 345 2094.0132 1282.9802    15     4     4  1204   171
 346 2106.0237 1283.1772    16     4     5  1243    25
 347 2118.0455 1283.6253    17     4     5  1257    88
 348 2130.0578 1283.9497    15     4     4  1148   146
 349 2142.0080 1284.0882    15     4     4  1124   119
 350 2153.9159 1284.4086    17     4     5  1189   149
 351 2165.7654 1284.8302    14     5     4  1024   182
 352 2177.5194 1284.9903    15     5     4  1060   211
 353 2189.2560 1285.1735    13     4     4   941   221
 354 2201.0602 1285.5940    15     4     5  1016   191
 355 2212.7528 1285.8736    13     4     4   915   416
 356 2224.4009 1286.0991    13     4     4   882   271
 357 2236.0660 1286.3774    13     4     4   862   280
 358 2247.5969 1286.6429    13     4     4   846   400
 359 2259.1763 1286.9058    14     4     4   907   422
 360 2270.6061 1287.1425    13     4     4   829   295
 361 2282.1943 1287.4363    12     4     4   757    -1
 362 2293.4231 1287.4846     9     3     3   515    -1
 363 2022.4728 1295.0435    13     4     4   834   288
 364 2034.8047 1295.1892    19     5     5  1439   381
 365 2046.9911 1295.5516    18     4     5  1462     4
 366 2059.2366 1295.8874    18     5     5  1424    10
 367 2071.4583 1296.0328    18     5     4  1403     5
 368 2083.6385 1296.3228    19     5     5  1441    28
 369 2095.8516 1296.7571    19     5     5  1405    56
 370 2107.8926 1296.9711    16     5     4  1233   128
 371 2119.9262 1297.1077    16     4     5  1213    82
 372 2131.9293 1297.4203    17     4     5  1239    79
 373 2143.9038 1297.8626    16     4     5  1164   204
 374 2155.8073 1297.9888    16     5     4  1158   154
 375 2167.6508 1298.2077    17     5     4  1175   198
 376 2179.5134 1298.5470    17     5     5  1148   157
 377 2191.2220 1298.8627    15     4     4  1045   235
 378 2203.0188 1299.0119    14     4     4   993   233
 379 2214.6911 1299.2602    15     4     4   996   307
 380 2226.4355 1299.6014    15     5     5   967    -1
 381 2238.0526 1299.8596    14     4     4   928    -1
 382 2249.6579 1300.0167    14     4     4   909    -1
 383 2261.3053 1300.2684    13     4     4   840   308
 384 2272.7289 1300.4639    11     4     3   716    -1
 385 2284.3077 1300.7308    13     4     4   806   331
 386 2295.4857 1301.0143    10     3     4   570   365
 387 2024.0233 1308.9456    14     4     4   893   126
 388 2036.3796 1309.0355    18     5     4  1365    15
 389 2048.7202 1309.2744    19     5     5  1504     2
 390 2060.9784 1309.5957    18     4     5  1433    13
 391 2073.1727 1309.8932    18     5     5  1401    83
 392 2085.3280 1310.0484    18     5     4  1365    26
 393 2097.5684 1310.3057    19     5     5  1403    35
 394 2109.7014 1310.6659    18     5     5  1322    76
 395 2121.7975 1310.9300    16     5     4  1200    99
 396 2133.7713 1311.0426    16     5     4  1187    90
 397 2145.7709 1311.2430    19     5     5  1308   194
 398 2157.7156 1311.6976    18     5     5  1234   159
 399 2169.6522 1311.9037    15     5     4  1072   165
 400 2181.3961 1312.0714    16     5     4  1108   190
 401 2193.2097 1312.2168    13     4     4   929   226
 402 2204.9766 1312.5977    15     4     5  1006    -1
 403 2216.7087 1312.8543    13     4     4   904   265
 404 2228.4367 1313.0475    14     5     4   921   284
 405 2240.1667 1313.2571    13     4     4   860   358
 406 2251.6742 1313.4607    12     4     4   778   322
 407 2263.3976 1313.6928    13     4     4   816   326
 408 2274.8486 1313.9171    13     4     4   825    -1
 409 2286.4744 1314.1923    12     4     4   756    -1
 410 2297.6579 1314.4123     8     3     3   457    -1
 411 2025.8575 1322.8911    13     4     4   829   343
 412 2038.0531 1322.9707    15     4     4  1211   380
 413 2050.3518 1323.1454    21     5     5  1583     0
 414 2062.7031 1323.4023    19     5     5  1472    12
 415 2074.9871 1323.7614    17     4     5  1355    70
 416 2087.1393 1323.9514    16     5     4  1263    46
 417 2099.3037 1324.0911    18     5     4  1328   111
 418 2111.4653 1324.3094    19     5     5  1354    49
 419 2123.6178 1324.6571    17     5     5  1232    71
 420 2135.6468 1324.9127    17     5     4  1211   130
 421 2147.6193 1325.0426    17     5     4  1202   133
 422 2159.5440 1325.2327    17     5     5  1168   127
 423 2171.4804 1325.5458    17     5     5  1156   164
 424 2183.3198 1325.8110    15     4     4  1033   270
 425 2195.2028 1326.0070    15     4     4  1036   227
 426 2206.9981 1326.1217    14     4     4   967   243
 427 2218.7027 1326.3559    13     4     4   872   282
 428 2230.5200 1326.6800    14     5     4   900   387
 429 2242.2053 1326.8333    15     4     4   957   309
 430 2253.7810 1326.9952    14     4     4   910    -1
 431 2265.4832 1327.1760    11     3     4   729    -1
 432 2277.0350 1327.4554    12     4     4   757    -1
 433 2288.5000 1327.5286     9     3     3   590    -1
 434 2300.0882 1327.6373     9     4     3   501    -1
 435 2027.7667 1336.4000    10     3     4   530   259
 436 2039.8425 1336.8151    13     4     4   869   139
 437 2052.0563 1336.9881    15     4     4  1043    69
 438 2064.3323 1337.1280    18     5     5  1228    27
 439 2076.7290 1337.5331    18     5     5  1293    34
 440 2088.9954 1337.8265    16     4     5  1238    48
 441 2101.1022 1337.9725    16     5     4  1255    43
 442 2113.2286 1338.0452    16     5     4  1220    59
 443 2125.3728 1338.2964    17     5     5  1243    50
 444 2137.4918 1338.6087    18     5     5  1268   102
 445 2149.5424 1338.8588    17     5     4  1204   137
 446 2161.4883 1339.0131    17     5     4  1193   125
 447 2173.2922 1339.1145    17     5     4  1182   168
 448 2185.2467 1339.2961    16     5     5  1104   201
 449 2197.1560 1339.6418    16     4     5  1082   217
 450 2209.0087 1339.8659    15     4     4  1037   230
 451 2220.7471 1340.0058    15     4     4  1009   257
 452 2232.4574 1340.1340    14     5     4   935   411
 453 2244.1878 1340.3634    13     4     4   855   294
 454 2255.8596 1340.4944    12     4     4   778   302
 455 2267.4860 1340.6818    11     3     4   693   340
 456 2279.3000 1340.8300    11     4     4   650   362
 457 2290.6017 1341.1780     9     3     4   509   371
 458 2059.2895 1352.4895    35    24     3  1845   323
