495
   0 1699.7865 1059.8989    10     3     4   678   403
   1 1663.0968 1060.9179   214    43    15 13679    -1
   2 1894.3182 1062.1061     6     3     2   333   462
   3 1880.7857 1069.4675     8     3     3   554   407
   4 1910.8750 1073.9829   131    35     9  7838   249
   5 1640.3274 1076.2315    17     5     5  1215   304
   6 1653.3325 1076.8928    19     5     5  1780    -1
   7 1666.3156 1077.5612    22     5     5  2277    -1
   8 1679.2446 1078.1164    22     5     5  2294   166
   9 1692.1738 1078.7382    21     6     5  2402   123
  10 1705.0367 1079.3888    24     6     5  2711    99
  11 1717.8218 1079.9978    24     6     6  2592   176
  12 1730.6070 1080.5711    22     5     5  2604   121
  13 1743.3877 1081.2359    22     5     5  2516   191
  14 1756.1051 1081.8336    21     6     5  2339   220
  15 1768.7092 1082.4636    23     6     5  2498   177
  16 1781.3433 1083.0792    21     5     5  2269   450
  17 1793.9224 1083.6950    24     6     5  2405   268
  18 1806.4426 1084.3236    22     5     5  2302   236
  19 1818.9415 1084.9715    22     6     5  2169   246
  20 1831.3642 1085.5653    22     5     5  2234   302
  21 1843.7488 1086.1436    20     5     5  2041   293
  22 1856.1109 1086.8184    21     6     5  2055   296
  23 1868.4179 1087.3269    22     5     5  2111   340
  24 1880.6532 1087.9842    19     5     4  1805   331
  25 1892.9172 1088.5678    20     5     5  1767   339
  26 1905.0083 1089.0598    16     4     4  1402   387
  27 1641.1254 1089.7365    18     4     5  1602   202
  28 1917.1062 1089.8353    17     4     5  1363   360
  29 1929.1307 1090.1471    13     4     4   956   409
  30 1654.2041 1090.4009    23     6     5  2532   416
  31 1667.1707 1090.9301    25     6     6  2738    70
  32 1941.4405 1091.0119    11     3     4   634   405
  33 1680.1456 1091.5598    25     6     5  2788   114
  34 1693.0653 1092.2347    24     6     5  2670    51
  35 1705.9830 1092.7568    24     6     5  2637    -1
  36 1718.8081 1093.4051    24     6     5  2664   160
  37 1731.6475 1094.0164    22     5     6  2442   113
  38 1744.4213 1094.5893    22     5     5  2511   131
  39 1757.1730 1095.2108    23     6     5  2419   420
  40 1769.8013 1095.7964    23     6     5  2368   172
  41 1782.4710 1096.4114    22     5     5  2375   196
  42 1795.0665 1097.0167    22     6     6  2205   424
  43 1807.6123 1097.6072    22     5     5  2275   233
  44 1820.0928 1098.1772    24     6     5  2278   244
  45 1832.5814 1098.8362    21     5     5  2106   205
  46 1845.0071 1099.3638    23     6     5  2207   271
  47 1857.3732 1099.9543    19     5     4  1912   308
  48 1869.7215 1100.5472    22     5     5  2116   251
  49 1881.9856 1101.0654    20     6     5  1902   323
  50 1894.2408 1101.7289    19     5     5  1876   332
  51 1906.4084 1102.1804    21     5     5  1923   299
  52 1918.6265 1102.8929    20     5     5  1822   348
  53 1930.7217 1103.3123    19     5     5  1568   372
  54 1641.9563 1103.3975    17     4     5  1582   218
  55 1942.7685 1103.8502    13     4     4   907   401
  56 1655.0098 1103.9605    23     6     6  2429    -1
  57 1668.0260 1104.5373    24     6     5  2755    -1
  58 1681.0075 1105.1911    25     6     6  2726    78
  59 1694.0044 1105.6938    24     6     5  2691    47
  60 1706.9092 1106.3584    23     6     5  2626    33
  61 1719.7714 1106.8841    24     6     6  2567   144
  62 1732.6332 1107.4911    22     5     5  2564    90
  63 1745.4588 1108.1018    22     5     5  2411   106
  64 1758.2224 1108.6529    24     6     5  2515    -1
  65 1770.8825 1109.2610    22     6     5  2347   161
  66 1783.5709 1109.8430    21     5     5  2263   183
  67 1796.2123 1110.4258    22     5     5  2299   188
  68 1808.7666 1110.9889    21     5     6  2134   223
  69 1821.2963 1111.5682    22     5     5  2244   227
  70 1833.7819 1112.1329    21     5     5  2107   463
  71 1846.2413 1112.7413    19     5     5  1986   269
  72 1858.6693 1113.2248    20     5     5  2010   277
  73 1871.0043 1113.8861    21     6     5  1972   245
  74 1883.2797 1114.3314    22     5     5  2067   301
  75 1895.5816 1114.9637    20     5     5  1882   327
  76 1907.8196 1115.4374    20     5     5  1895   288
  77 1920.0082 1116.0019    19     6     4  1745   349
  78 1932.0691 1116.5832    18     5     5  1501   370
  79 1642.7775 1117.0751    18     5     4  1592   206
  80 1944.1723 1117.0957    13     4     4   885   381
  81 1655.8056 1117.5463    23     6     5  2554   356
  82 1953.2396 1118.1095    61     6    40  3219   384
  83 1668.8685 1118.2311    24     6     5  2706   415
  84 1681.9261 1118.6837    24     6     5  2735    67
  85 1694.9046 1119.3640    23     6     5  2665    24
  86 1707.8812 1119.8484    25     6     6  2685    30
  87 1720.7619 1120.4471    23     6     5  2624   109
  88 1733.6607 1121.0252    22     5     6  2450    81
  89 1746.5007 1121.5538    22     5     5  2531   226
  90 1759.2887 1122.1575    22     5     5  2373   180
  91 1772.0344 1122.6874    23     6     5  2415   143
  92 1784.7032 1123.2782    22     5     5  2340   158
  93 1797.3601 1123.8249    22     5     5  2279   253
  94 1809.9384 1124.3955    23     6     5  2318   204
  95 1822.5130 1124.9472    21     5     5  2130   322
  96 1835.0081 1125.5027    22     6     5  2214   281
  97 1847.4961 1126.0320    21     5     5  2065   265
  98 1859.9081 1126.6035    23     6     5  2184   274
  99 1872.2774 1127.0946    21     5     5  2007   328
 100 1884.6420 1127.7041    22     5     5  2065   303
 101 1896.9302 1128.1536    21     6     5  1945   368
 102 1909.1896 1128.7726    19     5     5  1823   359
 103 1921.4021 1129.1706    21     5     5  1888   330
 104 1933.5833 1129.8594    19     5     5  1526   366
 105 1945.6496 1130.1667    15     4     4   984   400
 106 1643.5065 1130.7338    20     5     5  1770   147
 107 1656.6919 1131.3742    24     5     5  2607    -1
 108 1669.7144 1131.7869    25     6     6  2794   117
 109 1682.7928 1132.4308    24     6     5  2761    44
 110 1695.8363 1132.9555    26     6     6  2760     8
 111 1708.8005 1133.4854    24     6     5  2711   432
 112 1721.7554 1134.0856    23     6     6  2540    82
 113 1734.6409 1134.5722    22     5     5  2555    79
 114 1747.5388 1135.1793    22     5     5  2441   112
 115 1760.3441 1135.6730    22     5     5  2441   234
 116 1773.1178 1136.2573    24     6     5  2469   105
 117 1785.7787 1136.7431    23     6     5  2388   326
 118 1798.5079 1137.3304    22     5     5  2362   159
 119 1811.1381 1137.8363    21     6     5  2183   190
 120 1823.7113 1138.3999    22     5     5  2269   209
 121 1836.2476 1138.9197    21     5     5  2108   284
 122 1848.7559 1139.4512    22     5     5  2206   252
 123 1861.1973 1139.9765    21     6     5  2028   376
 124 1873.6099 1140.4855    22     5     5  2137   324
 125 1885.9485 1141.0034    19     6     4  1844   319
 126 1898.2754 1141.5336    22     5     5  2053   254
 127 1910.5758 1142.0095    18     5     4  1744   367
 128 1922.8364 1142.5219    20     5     5  1868   335
 129 1934.9872 1143.0026    16     4     4  1385   365
 130 1947.0779 1143.4713    15     4     5   994   398
 131 1644.3450 1144.6245    20     5     5  1787   100
 132 1657.5667 1145.1103    24     5     6  2565    -1
 133 1670.6106 1145.5559    22     5     5  2727    -1
 134 1683.7225 1146.1743    24     6     6  2692    23
 135 1696.7476 1146.5944    24     6     5  2747    16
 136 1709.7805 1147.2361    23     6     5  2594     7
 137 1722.7098 1147.6415    23     6     5  2613   411
 138 1735.6879 1148.2496    22     5     5  2494    57
 139 1748.5712 1148.7165    22     5     5  2490    74
 140 1761.4233 1149.3196    22     5     5  2469    94
 141 1774.1952 1149.7776    22     6     5  2350   110
 142 1786.9148 1150.3501    23     6     5  2411   126
 143 1799.6353 1150.8375    21     5     5  2247   163
 144 1812.3080 1151.3946    22     5     5  2324   174
 145 1824.8906 1151.9062    23     6     5  2238   182
 146 1837.4837 1152.3951    22     5     5  2263   215
 147 1849.9980 1152.9238    22     6     5  2110   242
 148 1862.4568 1153.4090    22     5     5  2188   256
 149 1874.9167 1153.9509    21     6     5  1986   385
 150 1887.2633 1154.4154    22     5     5  2093   297
 151 1899.6655 1154.9444    20     5     5  1882   320
 152 1911.9217 1155.3754    21     6     5  1925   278
 153 1957.3788 1155.8864    58     6    37  3032   457
 154 1924.2394 1155.9227    18     5     5  1702   344
 155 1936.4089 1156.2766    20     5     5  1582   362
 156 1948.6525 1156.8587    13     4     4   873   378
 157 1645.1540 1158.4335    20     5     5  1737    87
 158 1658.4112 1158.8287    23     5     6  2513    -1
 159 1671.5207 1159.4259    23     5     5  2796    11
 160 1684.6113 1159.8377    24     5     6  2728    18
 161 1697.7226 1160.4335    25     6     5  2800    15
 162 1710.7590 1160.8927    25     6     6  2694    63
 163 1723.7465 1161.4421    23     6     5  2635    92
 164 1736.6795 1161.9003    23     5     6  2509    56
 165 1749.6388 1162.4488    23     5     5  2576   136
 166 1762.4930 1162.9081    23     5     6  2439   217
 167 1775.3157 1163.4564    22     5     5  2429   115
 168 1788.0923 1163.9240    23     6     6  2315   460
 169 1800.8018 1164.4409    22     5     5  2336   148
 170 1813.4831 1164.9232    23     5     6  2277   178
 171 1826.1267 1165.4741    23     6     5  2310   195
 172 1838.7129 1165.9534    21     5     5  2102   358
 173 1851.2419 1166.4400    22     5     5  2216   232
 174 1863.7599 1166.9497    21     5     5  2035   310
 175 1876.2137 1167.4052    22     5     5  2113   382
 176 1888.6488 1167.9072    21     5     5  1971   282
 177 1901.0028 1168.3423    23     6     5  2057   247
 178 1913.3136 1168.8306    20     5     5  1853   258
 179 1925.6671 1169.2387    19     5     5  1788   334
 180 1937.9288 1169.8363    18     5     5  1462   357
 181 1950.0294 1170.1008    13     4     4   888   373
 182 1645.9950 1172.3317    18     4     5  1607   419
 183 1659.2931 1172.6863    23     5     5  2503   374
 184 1672.4419 1173.3283    22     5     5  2702    80
 185 1685.5422 1173.6598    22     5     5  2689    20
 186 1698.6688 1174.2836    23     5     5  2661    10
 187 1711.7065 1174.6403    24     6     5  2711   397
 188 1724.7713 1175.2583    24     6     5  2623    27
 189 1737.7058 1175.6194    23     6     5  2574    37
 190 1750.6739 1176.2128    22     5     5  2451   179
 191 1763.5680 1176.6200    22     5     5  2483    89
 192 1776.4233 1177.1640    21     5     5  2315   132
 193 1789.2076 1177.5977    22     5     5  2338   435
 194 1801.9272 1178.1403    22     6     5  2226   187
 195 1814.6840 1178.5655    22     5     5  2290   186
 196 1827.3343 1179.0478    21     5     5  2118   314
 197 1839.9420 1179.5281    23     6     5  2288   212
 198 1852.5029 1180.0103    21     5     5  2071   241
 199 1865.0472 1180.5010    23     6     5  2199   248
 200 1877.5159 1180.9360    21     5     5  1995   318
 201 1889.9712 1181.3859    23     6     5  2105   294
 202 1902.3489 1181.8636    20     5     5  1880   369
 203 1914.7535 1182.2500    20     5     5  1864   351
 204 1927.1066 1182.7696    21     6     5  1866   333
 205 1939.2455 1183.0379    19     5     5  1504   354
 206 1960.3696 1183.2391    12     3     9   623    -1
 207 1951.6014 1183.8285    14     4     5   907   399
 208 1646.9034 1186.3480    19     5     5  1654   417
 209 1660.1667 1186.6490    22     6     5  2456   449
 210 1673.3565 1187.2526    24     5     6  2768   342
 211 1686.4975 1187.5789    23     5     5  2772    14
 212 1699.6136 1188.1500    24     5     6  2697     0
 213 1712.6848 1188.5320    23     6     5  2681     5
 214 1725.7631 1189.0728    24     6     6  2595     1
 215 1738.7615 1189.4846    23     6     5  2580    29
 216 1751.7229 1189.9691    24     6     6  2528    50
 217 1764.6679 1190.4467    23     5     5  2538    88
 218 1777.5056 1190.8550    22     5     6  2348   111
 219 1790.3487 1191.3927    22     5     5  2349   133
 220 1803.1256 1191.7439    22     6     5  2203   149
 221 1815.8845 1192.3046    23     6     5  2271   167
 222 1828.5711 1192.7340    22     5     5  2211   201
 223 1841.2034 1193.2127    23     6     5  2229   199
 224 1853.7701 1193.5953    22     5     5  2170   225
 225 1866.3349 1194.0790    21     5     5  2031    -1
 226 1878.8656 1194.4990    21     5     5  2043   309
 227 1891.3299 1194.9649    20     5     5  1882   290
 228 1903.7900 1195.3633    20     5     5  1907   364
 229 1916.1782 1195.8397    20     5     5  1836   347
 230 1928.5594 1196.2176    21     5     5  1875   325
 231 1940.8322 1196.7417    19     5     5  1525   341
 232 1952.9916 1197.0714    14     4     4   938    -1
 233 1803.6880 1198.5426    25     5     5  2564   185
 234 1647.7849 1200.3385    19     5     5  1687    -1
 235 1661.0062 1200.6318    24     6     5  2573   444
 236 1674.2569 1201.2087    26     6     6  2855     3
 237 1687.4383 1201.5573    23     5     5  2755    19
 238 1700.5605 1202.0445    24     5     6  2704    17
 239 1713.6917 1202.4802    23     6     5  2668    61
 240 1726.7516 1202.9120    25     6     6  2653    26
 241 1962.5725 1203.3116    36     5    29  1869   408
 242 1739.8197 1203.4074    24     6     5  2614    36
 243 1752.7942 1203.7491    24     6     5  2553   122
 244 1765.7618 1204.3021    24     6     5  2514    85
 245 1778.6233 1204.6620    22     5     5  2390   101
 246 1791.5177 1205.1886    21     5     5  2235   184
 247 1804.2721 1205.6659    21     5     5  2147   150
 248 1809.9254 1205.7413    15     5     4  1380   338
 249 1817.1056 1206.0203    21     6     6  2082   181
 250 1829.7970 1206.4681    22     5     5  2228   458
 251 1842.4304 1206.8613    21     5     5  2099   210
 252 1855.0595 1207.3704    23     6     5  2192   235
 253 1867.6509 1207.7515    22     5     5  2094   237
 254 1880.1907 1208.1745    22     5     5  2031   272
 255 1892.7176 1208.5808    22     5     5  2065   285
 256 1905.1678 1208.9894    22     6     6  1952   287
 257 1917.5799 1209.3808    22     5     5  1989   307
 258 1929.9724 1209.8430    21     6     5  1846   321
 259 1942.1655 1210.1285    19     5     5  1518   437
 260 1954.5191 1210.7536    15     5     5   959   388
 261 1648.6766 1214.3499    21     5     5  1803    -1
 262 1661.8565 1214.6623    24     6     5  2580   439
 263 1675.1460 1215.2514    25     6     6  2815    42
 264 1688.3951 1215.5531    23     5     5  2733    43
 265 1701.5433 1216.0406    24     5     6  2702    28
 266 1714.6770 1216.4696    24     6     5  2714   138
 267 1727.7738 1216.8263    26     6     6  2728    13
 268 1740.8811 1217.3588    23     6     5  2538    45
 269 1753.8609 1217.6603    24     6     5  2566   353
 270 1766.8582 1218.2117    24     6     6  2473    65
 271 1779.7613 1218.5274    23     6     5  2428   103
 272 1792.6623 1219.0052    23     5     6  2308   377
 273 1805.4975 1219.4261    23     5     5  2354   151
 274 1818.2745 1219.7847    21     5     5  2132   175
 275 1831.0162 1220.2904    24     6     5  2283   164
 276 1843.6949 1220.6155    22     5     5  2208   203
 277 1856.3744 1221.0865    22     5     6  2111   230
 278 1868.9637 1221.4735    22     6     5  2118   221
 279 1881.5254 1221.8795    21     5     5  1996   261
 280 1894.0670 1222.2862    24     6     5  2126   250
 281 1906.5615 1222.6758    22     5     5  2027   283
 282 1918.9939 1223.0527    20     6     5  1816   298
 283 1931.3909 1223.4420    22     5     5  1980   300
 284 1943.8039 1223.9099    18     5     5  1466   448
 285 1956.0190 1224.0949    14     4     4   937   386
 286 1964.9412 1224.5882    17     2    14   884   395
 287 1649.4667 1228.5371    21     5     5  1831    -1
 288 1662.7211 1228.7771    24     5     6  2575    -1
 289 1676.0615 1229.3451    25     6     6  2819     9
 290 1689.3399 1229.5988    24     5     5  2749    77
 291 1702.5112 1230.1075    25     5     6  2766     6
 292 1715.6618 1230.4855    23     5     5  2670    76
 293 1728.8093 1230.8457    26     6     6  2729    34
 294 1741.9257 1231.3622    24     6     5  2593    52
 295 1754.9673 1231.6352    24     6     5  2561   130
 296 1767.9711 1232.1582    25     6     6  2511    93
 297 1780.9122 1232.4921    24     6     5  2464   116
 298 1793.8059 1232.8805    24     6     6  2380   170
 299 1806.6877 1233.3432    23     5     5  2349   145
 300 1819.4704 1233.6734    22     5     5  2282   165
 301 1832.2856 1234.1227    23     5     6  2218    -1
 302 1844.9886 1234.4790    23     6     5  2245   193
 303 1857.6329 1234.8421    21     5     5  2073   222
 304 1870.2861 1235.2812    22     5     5  2119   243
 305 1882.9092 1235.5959    23     6     5  2130   239
 306 1895.4481 1236.0149    22     5     6  2005   259
 307 1907.9513 1236.3918    22     6     5  2024   275
 308 1920.4036 1236.7732    21     5     5  1932   276
 309 1966.2143 1236.8333    10     2     8   521   454
 310 1932.8583 1237.0939    20     5     5  1815   316
 311 1945.1300 1237.4677    20     5     5  1619   371
 312 1957.5926 1237.9074    14     5     4   916   383
 313 1650.2930 1242.6465    19     5     5  1660    -1
 314 1663.6383 1243.0596    24     5     6  2567   459
 315 1676.9491 1243.4352    26     6     5  2843    31
 316 1690.2510 1243.7423    25     6     6  2752   104
 317 1703.4888 1244.2933    25     5     6  2769   410
 318 1716.6518 1244.5444    22     5     5  2609    69
 319 1729.8404 1244.9695    26     6     6  2710    58
 320 1742.9946 1245.4002    24     6     5  2593    66
 321 1756.0649 1245.6523    23     6     5  2476   102
 322 1769.1072 1246.1688    25     6     6  2500    98
 323 1782.0940 1246.5032    25     6     5  2516   119
 324 1795.0089 1246.8260    25     6     6  2425   295
 325 1807.8655 1247.3138    22     6     5  2260   127
 326 1820.6848 1247.5894    22     5     5  2274   162
 327 1833.5130 1248.0093    24     5     6  2278   461
 328 1846.2632 1248.4083    22     5     5  2202   197
 329 1858.9539 1248.6910    24     6     5  2242   216
 330 1871.6474 1249.1301    21     5     5  2034   240
 331 1884.2559 1249.4765    22     5     5  2120   260
 332 1896.8097 1249.8086    23     6     5  2080   266
 333 1909.3832 1250.1616    21     5     5  1975   393
 334 1921.8587 1250.4868    21     5     5  1956   280
 335 1934.3159 1250.8492    20     5     5  1842   311
 336 1946.7108 1251.1373    19     5     5  1562   329
 337 1958.9802 1251.4881    16     4     5  1052   375
 338 1968.0676 1253.5000    17     2    13   887   446
 339 1651.1370 1256.8223    21     5     6  1714   421
 340 1664.5482 1257.3475    22     5     5  2490   414
 341 1677.8338 1257.5809    24     6     5  2746    12
 342 1691.2205 1258.0090    25     6     6  2749   440
 343 1704.4716 1258.4233    23     5     5  2701    -1
 344 1717.6509 1258.6373    23     6     5  2628    54
 345 1730.9007 1259.1662    26     6     6  2690   337
 346 1744.0603 1259.4841    25     6     5  2635    -1
 347 1757.1520 1259.7810    24     6     6  2499   142
 348 1770.2429 1260.2696    24     6     6  2476   350
 349 1783.2356 1260.5583    23     6     5  2402   412
 350 1796.1920 1260.8770    24     6     6  2359   391
 351 1809.0910 1261.3476    24     6     5  2381   389
 352 1821.9476 1261.5610    24     6     5  2364   156
 353 1834.7301 1261.9840    24     6     6  2291   171
 354 1847.5471 1262.3526    22     5     5  2226   430
 355 1860.2404 1262.6513    22     5     5  2171   200
 356 1872.9721 1263.0165    23     6     6  2118   238
 357 1885.6525 1263.3573    23     5     5  2173   224
 358 1898.2149 1263.6707    20     5     5  1961   255
 359 1910.7864 1264.0122    21     5     6  1909   279
 360 1923.3032 1264.3428    22     5     5  1984   445
 361 1935.8178 1264.6410    21     5     5  1887   289
 362 1948.1212 1264.9513    17     5     4  1415   343
 363 1960.4721 1265.1140    14     4     5   915    -1
 364 1969.5000 1265.5909    10     3     8   522    -1
 365 1652.0045 1271.3328    18     4     5  1564   418
 366 1665.4609 1271.5320    23     5     5  2555    53
 367 1678.7651 1271.8567    26     6     6  2839     4
 368 1692.1937 1272.3374    25     6     6  2781   270
 369 1705.4670 1272.5530    23     5     5  2697    -1
 370 1718.6789 1272.9178    25     6     6  2703    48
 371 1731.9540 1273.3703    24     6     5  2603   441
 372 1745.1252 1273.5827    25     6     5  2616    -1
 373 1758.2911 1273.9782    23     5     6  2457   108
 374 1771.3727 1274.3735    22     5     5  2412   355
 375 1784.3713 1274.6138    23     5     5  2424    -1
 376 1797.3666 1274.9912    23     5     6  2349   157
 377 1810.3147 1275.3840    22     5     5  2298   456
 378 1823.1542 1275.6239    22     6     5  2254   413
 379 1836.0335 1275.9861    25     6     6  2326   390
 380 1848.8312 1276.3672    22     6     5  2199   380
 381 1861.5862 1276.6289    22     5     5  2202   192
 382 1874.3140 1276.9590    23     5     6  2150   198
 383 1886.9660 1277.3376    23     6     5  2135   219
 384 1899.6242 1277.5807    22     5     5  2066   262
 385 1912.2273 1277.8891    21     5     5  1875   257
 386 1924.7553 1278.2299    19     5     5  1757   286
 387 1937.2287 1278.5162    21     5     5  1850   305
 388 1949.7932 1278.8872    19     5     5  1482   346
 389 1961.9957 1279.0647    14     4     4   932   402
 390 1652.9426 1285.5324    20     5     5  1680   140
 391 1666.3818 1285.8993    24     5     6  2545    68
 392 1679.7086 1286.3316    26     6     6  2820     2
 393 1693.1389 1286.5413    25     6     5  2751    25
 394 1706.4713 1286.8853    25     5     6  2750    49
 395 1719.7498 1287.3073    26     6     6  2753    39
 396 1732.9993 1287.5307    24     6     5  2600    59
 397 1746.2265 1287.8274    25     6     6  2603    91
 398 1759.3905 1288.2848    23     5     6  2502   120
 399 1772.4751 1288.5161    23     5     5  2514   118
 400 1785.5405 1288.7841    24     5     6  2460   434
 401 1798.5492 1289.1891    24     5     6  2419   422
 402 1811.5112 1289.4679    23     5     5  2395   173
 403 1824.4044 1289.7294    21     5     5  2201    -1
 404 1837.3288 1290.0874    23     5     6  2248   306
 405 1850.1394 1290.4344    24     6     5  2312    -1
 406 1862.9068 1290.6356    24     6     5  2262   396
 407 1875.6563 1290.9995    23     5     6  2167   213
 408 1888.3809 1291.3081    22     5     5  2116   214
 409 1901.0209 1291.5449    22     6     5  2035   229
 410 1972.2168 1291.5619    60     6    45  3113   312
 411 1913.5623 1291.8562    21     5     5  1853   264
 412 1926.1076 1292.1698    23     6     5  1889   291
 413 1938.8174 1292.4754    21     5     5  1822   317
 414 1951.1768 1292.7513    19     5     5  1507    -1
 415 1963.5704 1292.9836    14     4     4   913   379
 416 1653.8112 1300.1390    21     5     6  1712   129
 417 1667.3292 1300.4238    22     5     5  2464    62
 418 1680.6223 1300.5818    22     5     5  2653    22
 419 1694.1035 1300.9538    27     6     6  2853    35
 420 1707.4715 1301.3554    24     5     6  2708    40
 421 1720.7554 1301.5408    24     6     5  2672    64
 422 1734.0778 1301.8135    27     6     6  2731    71
 423 1747.3460 1302.2532    24     5     6  2590    75
 424 1760.4950 1302.4879    23     5     5  2554   124
 425 1773.5912 1302.6839    23     5     6  2466   139
 426 1786.6930 1303.0969    24     5     6  2433   135
 427 1799.7447 1303.4160    25     6     5  2488   153
 428 1812.6928 1303.6102    22     5     5  2298   194
 429 1825.6493 1303.9451    23     5     6  2289    -1
 430 1838.5813 1304.2650    22     5     5  2219   267
 431 1851.4291 1304.5061    23     5     5  2293   425
 432 1864.2246 1304.7265    22     5     5  2142    -1
 433 1877.0290 1305.0705    24     6     6  2164    -1
 434 1889.7873 1305.3609    21     5     5  2042    -1
 435 1902.4073 1305.5992    23     5     5  2067    -1
 436 1915.0373 1305.7908    22     6     5  1891   336
 437 1927.6683 1306.0877    21     5     5  1763   423
 438 1940.3988 1306.4163    22     5     5  1841   427
 439 1952.8652 1306.7079    20     5     5  1534    -1
 440 1965.0677 1307.0109    15     4     4   979   394
 441 1654.6579 1314.4879    21     5     5  1791    84
 442 1668.2047 1314.7808    24     6     6  2507    55
 443 1681.5845 1315.1784    26     5     6  2839    21
 444 1695.1007 1315.4385    25     6     5  2730    32
 445 1708.4767 1315.6104    25     5     6  2753    41
 446 1721.8133 1315.9564    26     6     6  2746    86
 447 1735.1589 1316.3454    25     6     6  2660    95
 448 1748.4112 1316.5204    23     5     5  2569    97
 449 1761.5902 1316.7331    24     5     6  2564   107
 450 1774.7536 1317.1438    25     6     6  2516   137
 451 1787.8906 1317.4072    24     6     5  2429   141
 452 1800.9352 1317.5760    24     6     5  2411   146
 453 1813.9363 1317.8696    26     6     6  2439   168
 454 1826.8995 1318.2699    23     6     6  2254   208
 455 1839.8555 1318.4586    22     6     5  2211   315
 456 1852.7081 1318.6457    22     5     5  2191   273
 457 1865.5758 1318.9568    23     5     6  2179   426
 458 1878.4028 1319.2623    22     5     5  2118    -1
 459 1891.1403 1319.4906    21     5     5  2012   428
 460 1903.8465 1319.6699    22     5     5  1989    -1
 461 1916.5359 1319.9473    22     5     6  1907    -1
 462 1929.2005 1320.1954    22     5     5  1878   363
 463 1941.8462 1320.4744    20     5     5  1780   429
 464 1954.1373 1320.7183    19     5     5  1518   352
 465 1966.7644 1320.9183    14     4     4   908    -1
 466 1655.6164 1329.0635    18     5     5  1278   189
 467 1669.0704 1329.3272    21     6     5  1895   134
 468 1682.5367 1329.5063    22     5     5  2216    96
 469 1696.0402 1329.8086    25     6     6  2394    72
 470 1709.4683 1330.2309    24     5     6  2523    46
 471 1722.8410 1330.4668    25     6     5  2637    38
 472 1736.1803 1330.6483    27     6     6  2773    60
 473 1749.4816 1330.9544    24     5     6  2615    83
 474 1762.7060 1331.2684    27     6     6  2719    73
 475 1775.8888 1331.4864    25     6     5  2577   128
 476 1789.0508 1331.6343    24     6     6  2451   155
 477 1802.1703 1331.9485    26     6     6  2504   154
 478 1815.2085 1332.3189    25     6     6  2437   152
 479 1828.1740 1332.4983    24     6     5  2387   169
 480 1841.1092 1332.6464    23     6     5  2304   207
 481 1854.0540 1332.9362    27     6     6  2462   211
 482 1866.9020 1333.2753    24     6     6  2277   231
 483 1879.7392 1333.4328    24     6     5  2287   228
 484 1892.4670 1333.6011    23     5     5  2149   263
 485 1905.2406 1333.8278    21     5     5  1956   292
 486 1917.9729 1334.0962    20     6     5  1738   313
 487 1930.6961 1334.2602    19     5     5  1613   345
 488 1943.1296 1334.4537    19     5     5  1490   361
 489 1955.8210 1334.7325    15     4     5  1021   392
 490 1968.1200 1334.8400    12     4     4   650   404
 491 1680.6340 1346.3291   197    46     9 12103    -1
 492 1725.5637 1349.9804    10     3     4   704   464
 493 1939.0306 1350.8105    99    26     6  5768   125
 494 1913.2364 1353.2182     7     3     3   460   406
