490
   0  866.0048 1007.5952    16     7     4   905   442
   1  867.0283 1014.6132     6     2     3   406    -1
   2  889.5457 1015.4132    11     4     3   769   399
   3  846.4552 1017.0202   114    31     7  6815   199
   4 1107.5799 1027.0710    14     5     4  1038   440
   5  816.5312 1032.8906    21     5     5  1306    -1
   6  832.0268 1033.6867    26     6     5  2141    -1
   7  847.5987 1034.5236    25     6     5  2182    -1
   8  863.2371 1035.3138    29     6     6  2610   383
   9  878.7126 1035.9267    28     6     6  2778    -1
  10  894.2370 1036.6119    28     6     6  2902    -1
  11  909.6279 1037.4812    26     6     5  2786    -1
  12  925.0273 1038.3128    28     6     6  3067    -1
  13  940.3770 1038.9926    28     6     6  3091   423
  14  955.5990 1039.6653    28     6     6  3076   411
  15  970.8554 1040.5061    26     6     5  3098   409
  16  986.0483 1041.3416    28     6     6  3231   397
  17 1001.1891 1042.0628    28     6     6  3230   393
  18 1016.2671 1042.6997    29     6     6  3288    -1
  19 1031.2739 1043.4897    26     6     5  3153   417
  20 1046.2511 1044.3347    28     6     6  3300   416
  21 1061.1382 1045.0313    29     6     6  3385   342
  22 1075.9264 1045.6626    28     6     6  3405   345
  23 1090.6881 1046.4990    27     6     5  3312   370
  24 1105.4666 1047.2630    25     5     6  3225   438
  25  815.5417 1047.5947    23     6     5  1678    -1
  26 1120.1710 1047.8787    28     6     6  3333   413
  27  831.0452 1048.4751    26     6     5  2584    -1
  28 1134.6672 1048.5961    25     6     5  3008   392
  29  846.6278 1049.2422    28     6     6  2738    -1
  30 1149.4311 1049.4807    22     5     5  2654   243
  31  862.2943 1049.8851    28     6     6  2805    -1
  32 1163.8561 1050.1439    24     6     6  2486   396
  33  877.8666 1050.5860    28     6     6  2854    -1
  34 1178.3780 1050.6280    22     5     5  1772   419
  35  893.3940 1051.4566    25     6     5  2655    -1
  36  908.8488 1052.2355    29     6     6  3004    -1
  37  924.3141 1052.8461    28     6     6  2998   425
  38  939.6337 1053.5760    27     6     6  2928   435
  39  954.9571 1054.4519    26     6     5  3026   390
  40  970.2711 1055.1509    29     6     6  3189   382
  41  985.4517 1055.7722    28     6     6  3138   374
  42 1000.5710 1056.5503    26     6     5  2991   367
  43 1015.6610 1057.3834    27     6     6  3126   352
  44 1030.7027 1058.0265    28     6     6  3265   347
  45 1045.7111 1058.6771    28     6     6  3252    -1
  46 1060.6350 1059.5011    25     6     5  3058   343
  47 1075.5175 1060.2529    27     6     6  3236   336
  48 1090.4537 1060.8301    27     6     6  3295   327
  49 1105.2001 1061.5291    26     6     5  3294   333
  50 1119.8638 1062.3481    28     6     6  3415   317
  51  814.4784 1062.5775    24     6     5  1755   394
  52 1134.5305 1062.9203    26     5     6  3363   313
  53  830.0412 1063.4012    28     6     6  2686   362
  54 1149.2548 1063.5652    28     6     6  3439   405
  55  845.6638 1064.0295    28     6     6  2792   341
  56 1163.6335 1064.4144    26     6     6  3180   312
  57  861.3523 1064.6671    28     6     6  2788   353
  58 1178.2502 1065.0398    23     5     6  2167   328
  59  876.9768 1065.4882    26     6     5  2829   325
  60  892.5589 1066.2649    28     6     6  2893   321
  61  908.0639 1066.8397    30     6     6  3119   305
  62  923.5162 1067.5770    27     7     5  2895    -1
  63  938.9339 1068.4185    28     6     6  3131   351
  64  954.2982 1069.0650    28     6     6  3154   271
  65  969.5571 1069.6936    27     6     6  3065   283
  66  984.8346 1070.4907    26     6     5  3120   262
  67 1000.0267 1071.2588    28     6     6  3274   246
  68 1015.1877 1071.8358    29     6     6  3317   233
  69 1030.2747 1072.5396    27     6     5  3192   218
  70 1045.3140 1073.3683    28     6     6  3276   211
  71 1060.2995 1074.0028    28     6     6  3345   205
  72 1075.1970 1074.6022    29     6     6  3407   142
  73 1090.0614 1075.4340    27     6     6  3379   146
  74 1104.8142 1076.0374    28     6     6  3434   134
  75 1119.5605 1076.6337    25     6     6  3232   127
  76 1134.3693 1077.4426    26     6     5  3304   198
  77  813.4094 1077.5314    24     6     5  1774   372
  78 1148.9957 1078.0556    29     6     6  3554   421
  79  829.0449 1078.3319    28     6     6  2703   360
  80 1163.4937 1078.6116    24     5     6  3099   247
  81  844.7112 1078.8976    28     6     6  2816   339
  82 1178.3158 1079.4024    22     5     5  2186   395
  83  860.4288 1079.5844    29     7     6  2813   330
  84  876.0768 1080.4232    29     6     6  2974   314
  85  891.6718 1081.0338    28     6     6  2983   299
  86  907.2859 1081.6394    29     6     6  3043   282
  87  922.7633 1082.4524    27     6     5  2987   276
  88  938.2230 1083.1414    30     6     6  3240   259
  89  953.5693 1083.7488    28     6     6  3132   245
  90  968.9409 1084.4952    26     6     5  3162   224
  91  984.2392 1085.2305    29     6     6  3298   202
  92  999.4657 1085.8292    27     6     6  3188   193
  93 1014.6076 1086.5259    26     6     5  3075   186
  94 1029.7063 1087.3032    28     6     6  3290   163
  95 1044.7703 1087.8615    29     6     6  3400   160
  96 1059.8023 1088.5356    26     6     5  3268   144
  97 1074.7383 1089.3006    29     6     6  3431   116
  98 1089.6504 1089.8356    28     6     6  3441    86
  99 1104.5233 1090.5253    26     6     5  3235    65
 100 1119.3861 1091.2717    27     6     6  3404    67
 101 1134.0805 1091.7858    29     6     6  3581   103
 102 1148.7295 1092.5104    26     6     5  3422    -1
 103  812.3544 1092.5295    25     6     5  1827   361
 104 1163.3976 1093.1974    26     5     6  3293    -1
 105  828.0413 1093.3219    29     6     6  2758   349
 106 1178.0356 1093.7365    23     6     5  2203    -1
 107  843.7465 1093.8568    30     6     6  2932   334
 108  859.5220 1094.5410    27     7     5  2715   431
 109  875.2069 1095.3289    29     6     6  2958   307
 110  890.8319 1095.9025    30     6     6  3100   285
 111  906.4506 1096.5709    28     7     6  2938   241
 112  921.9799 1097.3429    28     6     6  3119   226
 113  937.4732 1097.9242    29     7     6  3204   195
 114  952.9023 1098.5349    26     6     5  3107   184
 115  968.2793 1099.3429    29     6     6  3258   173
 116  983.5773 1099.9289    28     6     6  3277   147
 117  998.8685 1100.5415    27     6     6  3255   136
 118 1014.0797 1101.3417    29     6     6  3389   114
 119 1029.2807 1101.9105    29     6     6  3406   238
 120 1044.3716 1102.5372    26     6     5  3154   260
 121 1059.4293 1103.2734    27     6     6  3274   252
 122 1074.4316 1103.8154    28     6     6  3388    92
 123 1089.3606 1104.4958    26     6     5  3222    82
 124 1104.2571 1105.1761    28     6     6  3450    54
 125 1119.0371 1105.6913    28     6     6  3517    40
 126 1133.7995 1106.4415    27     6     6  3470   112
 127 1148.5355 1106.9882    27     6     6  3548    -1
 128 1163.2696 1107.5316    26     6     5  3262    -1
 129  811.3304 1107.5883    25     6     5  1816   350
 130 1177.7739 1108.2605    22     6     5  2144    -1
 131  827.0192 1108.3907    29     6     6  2777   335
 132  842.7803 1108.9077    30     6     6  2952   308
 133  858.6003 1109.5563    29     7     6  2836   304
 134  874.3017 1110.3169    29     6     6  2968   298
 135  890.0034 1110.8428    30     6     6  3125   278
 136  905.6406 1111.5321    28     6     5  2958   265
 137  921.2097 1112.2418    29     6     6  3162   250
 138  936.7071 1112.7810    29     6     6  3222   231
 139  952.1712 1113.4972    26     6     5  3079   207
 140  967.5895 1114.1513    28     6     6  3244   196
 141  982.9771 1114.6988    29     6     6  3372   174
 142  998.2662 1115.4560    28     6     6  3239   169
 143 1013.5176 1116.0707    28     6     6  3331   157
 144 1028.6883 1116.6411    28     6     6  3307   140
 145 1043.8605 1117.3832    29     6     6  3453   121
 146 1058.9269 1117.8781    31     6     6  3576   101
 147 1073.9789 1118.5218    26     6     5  3363    90
 148 1088.9536 1119.2239    29     6     6  3518    74
 149 1103.8659 1119.7246    29     6     6  3516    26
 150 1118.7105 1120.4371    28     6     6  3452    60
 151 1133.5295 1120.9445    27     6     6  3521    76
 152 1148.4099 1121.5335    26     6     6  3387    -1
 153 1163.0742 1122.2100    28     6     6  3448    -1
 154 1177.5597 1122.6448    22     5     5  2205    -1
 155  810.2556 1122.7256    24     6     5  1732   356
 156  826.0052 1123.4798    26     6     5  2638   338
 157  841.7669 1124.0641    28     6     6  2850   303
 158  857.6675 1124.6256    28     6     6  2833   290
 159  873.3960 1125.3639    27     6     6  2812   292
 160  889.1693 1125.9046    31     6     6  3174   263
 161  904.8546 1126.5209    28     6     6  3030   249
 162  920.4365 1127.2150    30     7     6  3170   234
 163  935.9903 1127.7332    30     6     6  3305   219
 164  951.4905 1128.4489    28     7     6  3082   201
 165  966.9334 1129.0898    32     6     6  3499   176
 166  982.3528 1129.6373    27     6     6  3164   170
 167  997.6850 1130.3428    28     6     6  3270   162
 168 1012.9695 1130.8641    30     6     6  3483   141
 169 1028.1966 1131.5000    26     6     5  3218   130
 170 1043.4245 1132.1465    28     6     6  3386   109
 171 1058.5110 1132.6852    28     6     6  3306    95
 172 1073.5465 1133.3727    26     6     6  3216    80
 173 1088.5493 1133.8716    28     6     6  3429    48
 174 1103.5496 1134.4943    26     6     5  3237    38
 175 1118.4807 1135.0940    26     5     6  3423    44
 176 1133.3945 1135.5788    27     6     6  3445    52
 177 1148.2115 1136.2764    28     6     6  3618   402
 178 1162.8168 1136.7141    28     6     6  3474    -1
 179 1177.4484 1137.4635    22     5     5  2223    -1
 180  809.1685 1138.0507    25     6     6  1802   364
 181  825.0159 1138.5437    28     6     6  2751   320
 182  840.8200 1139.3030    29     6     6  2897   315
 183  856.7028 1139.8031    30     6     6  3024   281
 184  872.5014 1140.4711    27     7     5  2805   266
 185  888.3117 1141.0564    29     6     6  3080   251
 186  903.9953 1141.5641    28     6     6  3086   232
 187  919.6228 1142.1845    29     6     6  3054   225
 188  935.2743 1142.7951    30     6     6  3272   214
 189  950.8288 1143.4649    28     6     6  3167   192
 190  966.3150 1144.0460    28     6     6  3281   168
 191  981.7271 1144.6110    29     6     6  3260   153
 192  997.0903 1145.2985    29     6     6  3366   148
 193 1012.4560 1145.8024    28     6     6  3265   135
 194 1027.6842 1146.4402    28     6     6  3273   113
 195 1042.8748 1147.0012    32     6     6  3649   104
 196 1058.0661 1147.5199    27     6     6  3406    77
 197 1073.2054 1148.2015    28     6     6  3430    59
 198 1088.2502 1148.6573    29     6     6  3484    31
 199 1103.2724 1149.3195    28     6     6  3478   401
 200 1118.2242 1149.7767    29     6     6  3582    27
 201 1133.1032 1150.4222    28     6     6  3610    94
 202 1147.9060 1150.8678    29     6     6  3701    22
 203 1162.5958 1151.4955    25     6     5  3265    -1
 204 1177.4127 1152.0113    26     5     6  2491    -1
 205  808.0209 1153.4074    25     6     5  1801   354
 206  823.9688 1153.8677    30     6     6  2876   355
 207  839.8999 1154.4888    27     6     5  2778   324
 208  855.7235 1155.0857    28     6     6  2935   287
 209  871.6474 1155.6353    29     6     6  2943   279
 210  887.3999 1156.2683    29     6     6  3008   270
 211  903.1649 1156.7576    29     6     6  3127   239
 212  918.8837 1157.4300    29     6     6  3165   221
 213  934.5090 1157.9580    30     7     6  3286   220
 214  950.0643 1158.5033    26     6     5  3120   183
 215  965.6014 1159.1062    28     6     6  3274   158
 216  981.0732 1159.6082    28     6     6  3258   180
 217  996.5057 1160.2391    28     7     6  3163   120
 218 1011.8538 1160.7539    29     6     6  3372   102
 219 1027.1764 1161.4318    29     6     6  3400   137
 220 1042.4554 1161.9365    28     6     6  3416    87
 221 1057.6245 1162.4969    26     6     5  3212   236
 222 1072.7281 1163.0443    29     6     6  3537    99
 223 1087.8476 1163.5417    27     6     6  3436    37
 224 1102.8814 1164.1639    30     6     6  3663    57
 225 1117.8677 1164.5962    28     6     6  3584    33
 226 1132.7934 1165.2156    30     6     6  3722   404
 227 1147.6877 1165.6488    28     6     6  3611    21
 228 1162.4518 1166.2885    26     5     6  3352    28
 229 1177.3478 1166.5836    23     5     5  2287    66
 230  996.1936 1167.7293    35     6     6  3891   117
 231  806.9353 1168.5807    25     6     5  1783   388
 232  822.9324 1169.3379    29     6     6  2789   346
 233  838.8585 1169.7609    30     6     6  2995   306
 234  854.8592 1170.4144    29     6     6  2934   291
 235  870.7004 1170.9288    29     6     6  3052   269
 236  886.5530 1171.4993    28     7     5  2909   274
 237  902.3491 1172.0374    28     6     6  3097   254
 238  918.0559 1172.5350    28     6     6  3143   228
 239  933.7171 1173.1579    29     6     6  3242   200
 240  949.3423 1173.6864    29     6     6  3194   188
 241  964.9523 1174.2981    29     6     6  3327   177
 242  980.4379 1174.7806    30     7     6  3271   182
 243  995.8498 1175.4529    27     6     6  3134   181
 244 1002.7798 1175.5538    17     5     5  1890   286
 245 1011.3795 1175.8535    29     6     6  3334   138
 246 1026.6718 1176.4313    29     6     6  3313   132
 247 1041.9546 1176.9185    32     6     6  3681   106
 248 1057.1770 1177.4850    26     6     5  3303   105
 249 1072.4091 1177.9941    28     6     6  3501    64
 250 1087.4944 1178.5102    28     7     6  3362    56
 251 1102.5217 1179.0302    28     6     6  3567    47
 252 1117.5831 1179.5205    27     6     6  3395    34
 253 1132.5319 1180.0261    27     6     6  3608    23
 254 1147.5122 1180.5273    27     6     6  3478     5
 255 1162.3636 1181.0698    28     6     6  3578    11
 256 1177.2758 1181.4924    24     6     5  2382    88
 257  805.8621 1184.3293    26     6     6  1833   391
 258  821.9249 1184.6333    29     6     6  2808   358
 259  837.8784 1185.2724    30     6     6  2972   301
 260  853.8801 1185.6845    30     6     6  3039   296
 261  869.8190 1186.3238    29     6     6  3005   284
 262  885.6890 1186.7882    30     6     6  3124   264
 263  901.5214 1187.3588    30     7     6  3086   253
 264  917.2911 1187.8485    29     6     6  3183   216
 265  932.9922 1188.4444    28     6     6  3198   215
 266  948.6478 1188.8991    29     6     6  3284   189
 267  964.2365 1189.4389    28     6     6  3184   185
 268  979.7793 1189.9334    30     6     6  3376   159
 269  995.3067 1190.4852    29     6     6  3209   154
 270 1010.7138 1191.0070    28     6     6  3327   152
 271 1026.1180 1191.4990    26     6     5  3245   119
 272 1041.4955 1192.0233    27     6     6  3347    97
 273 1056.7597 1192.5149    29     6     6  3402    79
 274 1071.9544 1193.0428    32     6     6  3750    75
 275 1087.1241 1193.5009    26     6     5  3407    63
 276 1102.2865 1194.0107    28     6     6  3587    29
 277 1117.3255 1194.4895    28     6     5  3498    19
 278 1132.3786 1194.9738    28     6     6  3690    10
 279 1147.3277 1195.4543    27     6     6  3561     6
 280 1162.1945 1195.8948    29     6     6  3656    16
 281 1177.0251 1196.3871    25     6     5  2446    55
 282  804.7977 1199.6164    25     6     5  1774   429
 283  820.8557 1200.2275    31     6     6  2908    -1
 284  836.8938 1200.6403    29     6     6  2933   297
 285  852.9282 1201.2511    30     6     6  3039   371
 286  868.8933 1201.6504    29     6     6  3052   319
 287  884.8049 1202.2591    29     6     6  3077   268
 288  900.7063 1202.7130    30     6     6  3143   256
 289  916.4751 1203.1852    31     7     6  3240   230
 290  932.2240 1203.6885    29     6     6  3211   222
 291  947.9451 1204.2495    30     6     6  3340   209
 292  963.5875 1204.7270    29     6     6  3199   175
 293  979.1919 1205.2360    30     6     6  3405   171
 294  994.7365 1205.6870    30     6     6  3377   166
 295 1010.2117 1206.2250    30     6     6  3460   139
 296 1025.6204 1206.6827    28     6     6  3277   110
 297 1041.0012 1207.2246    30     6     6  3559   133
 298 1056.2986 1207.6321    28     6     6  3376    98
 299 1071.5312 1208.1185    28     6     6  3481    73
 300 1086.7648 1208.5719    29     6     6  3523    58
 301 1101.8734 1209.0735    31     6     6  3789    36
 302 1117.0129 1209.5018    26     6     5  3556    25
 303 1132.1026 1209.9330    32     6     6  3958     8
 304 1147.0803 1210.4573    28     6     6  3790     1
 305 1161.9421 1210.8037    28     6     6  3662     4
 306 1176.7654 1211.3353    24     6     5  2372    30
 307  803.6829 1215.3362    24     5     6  1725    -1
 308  819.8268 1215.7523    30     6     6  2883   348
 309  835.8742 1216.2794    30     6     6  2978   322
 310  851.9470 1216.6686    29     6     6  2998   366
 311  867.9830 1217.2492    31     6     6  3165   280
 312  883.9363 1217.6328    29     6     6  3107   257
 313  899.8135 1218.2088    31     6     6  3250   235
 314  915.7346 1218.6337    30     6     6  3175   240
 315  931.4899 1219.0905    31     7     6  3335   210
 316  947.1674 1219.5785    30     6     6  3259   204
 317  962.8748 1220.0786    32     6     6  3489   187
 318  978.5418 1220.5314    28     7     6  3122   172
 319  994.1242 1221.0071    32     6     6  3564   156
 320 1009.6434 1221.4626    29     6     7  3242   131
 321 1025.1074 1221.8956    32     6     6  3625   123
 322 1040.5011 1222.3922    28     7     6  3273   107
 323 1055.8424 1222.8070    30     6     6  3588    70
 324 1071.1594 1223.3205    29     6     6  3567    62
 325 1086.4193 1223.7231    29     6     6  3507    51
 326 1101.5563 1224.1497    29     6     6  3634    35
 327 1116.7115 1224.5919    30     6     6  3665    18
 328 1131.7620 1225.0349    29     6     6  3828    14
 329 1146.8192 1225.4824    27     6     6  3681     9
 330 1161.7192 1225.8881    29     6     6  3795     0
 331 1176.5811 1226.3725    22     5     5  2308    83
 332  802.6259 1230.9038    26     5     6  1872    -1
 333  818.8194 1231.3973    30     6     6  2815    -1
 334  834.8648 1231.8196    30     6     6  3024    -1
 335  850.9916 1232.3662    30     6     6  3040   379
 336  867.0155 1232.7338    31     6     6  3158   300
 337  883.0377 1233.2746    31     6     6  3209   275
 338  898.9697 1233.6346    29     6     6  3151   261
 339  914.8914 1234.1742    32     6     6  3368   237
 340  930.7756 1234.5895    30     6     6  3198   213
 341  946.4815 1235.0252    30     7     6  3286   217
 342  962.1695 1235.4755    29     6     7  3205   191
 343  977.8868 1235.9188    32     6     6  3508   165
 344  993.4966 1236.3714    30     7     6  3258   179
 345 1009.0495 1236.7541    30     6     6  3460   126
 346 1024.5835 1237.2005    30     6     6  3393   128
 347 1040.0094 1237.6232    28     6     6  3430   122
 348 1055.4418 1238.0851    28     6     6  3444    85
 349 1070.7600 1238.5309    29     6     6  3458    91
 350 1086.0424 1238.9228    32     6     6  3840    81
 351 1101.2676 1239.3620    29     6     6  3610    50
 352 1116.4501 1239.7587    28     6     6  3603    24
 353 1131.5360 1240.1522    28     6     6  3735    46
 354 1146.6204 1240.5679    28     6     6  3684     7
 355 1161.5469 1240.9522    28     6     6  3786    12
 356 1176.4620 1241.4580    22     5     5  2337    32
 357  801.5893 1246.6190    23     5     5  1654   426
 358  817.6994 1247.0821    28     6     6  2764   422
 359  833.9197 1247.5356    28     6     6  2832   427
 360  850.0035 1247.9756    32     6     6  3181   365
 361  866.0688 1248.4402    29     6     6  3006   337
 362  882.1276 1248.8210    32     6     6  3254   277
 363  898.1136 1249.3101    30     6     6  3190   258
 364  914.0573 1249.6637    30     6     6  3235   229
 365  929.9721 1250.1368    32     6     6  3409   212
 366  945.8247 1250.5588    29     6     6  3184   208
 367  961.5365 1250.9867    30     7     6  3310   206
 368  977.2078 1251.4015    29     6     6  3226   167
 369  992.8952 1251.7635    30     6     6  3413   164
 370 1008.4695 1252.1828    29     7     6  3288   145
 371 1024.0190 1252.5872    28     6     6  3373   118
 372 1039.5332 1253.0274    28     6     6  3389   125
 373 1054.9680 1253.4555    28     6     6  3447   100
 374 1070.3586 1253.8357    29     6     6  3544    71
 375 1085.6319 1254.2018    29     6     6  3573    72
 376 1100.9267 1254.5681    28     6     6  3631    49
 377 1116.2035 1254.9817    30     6     6  3827    20
 378 1131.3239 1255.3641    29     6     6  3716    41
 379 1146.4533 1255.7386    28     6     6  3734    13
 380 1161.4266 1256.1108    27     6     6  3693     2
 381 1176.3868 1256.4693    22     5     5  2337   115
 382  800.4354 1262.5157    24     6     5  1711   434
 383  816.6634 1262.9201    31     7     6  2921   428
 384  832.8772 1263.3225    29     6     6  2887    -1
 385  849.0128 1263.6637    29     6     6  2977   380
 386  865.1648 1264.1375    30     6     6  3114   323
 387  881.1791 1264.5122    31     6     7  3105   272
 388  897.3024 1264.9621    30     6     6  3175   267
 389  913.2019 1265.3470    30     6     6  3167   223
 390  929.1559 1265.7192    29     6     6  3188   227
 391  945.0519 1266.1583    31     6     6  3391   190
 392  960.8992 1266.5497    29     6     6  3221   178
 393  976.5888 1266.9354    29     6     6  3285   194
 394  992.2595 1267.2930    30     6     6  3321   149
 395 1007.9187 1267.6709    29     6     6  3375   155
 396 1023.5016 1268.0727    30     7     6  3419   143
 397 1039.0258 1268.4707    29     6     7  3430   111
 398 1054.5041 1268.8680    28     7     6  3373   124
 399 1069.8995 1269.2511    30     6     6  3625    78
 400 1085.2449 1269.5727    30     6     6  3578    84
 401 1100.5610 1269.9466    28     6     6  3630    69
 402 1115.8463 1270.3116    29     6     6  3743    45
 403 1131.0529 1270.6129    28     6     6  3773    39
 404 1146.2616 1270.9875    29     6     6  3895    17
 405 1161.2416 1271.3623    28     6     6  3687     3
 406 1176.3760 1271.5411    22     5     5  2342    15
 407  799.3861 1278.4903    26     6     5  1818   437
 408  815.6129 1278.8219    31     7     6  2861    -1
 409  831.8127 1279.1556    32     6     6  3052    -1
 410  848.0129 1279.5454    31     6     7  3026   387
 411  864.2401 1279.9330    31     6     6  3116   368
 412  880.3192 1280.2594    31     7     6  3088   318
 413  896.4238 1280.6982    31     7     6  3099   331
 414  912.4351 1281.0439    31     7     6  3214   293
 415  928.3684 1281.4143    31     7     7  3161   248
 416  944.3096 1281.8163    29     6     6  3173   242
 417  960.1520 1282.1721    30     6     6  3339   197
 418  975.9521 1282.5384    31     6     7  3346   203
 419  991.6600 1282.9077    29     6     6  3319   161
 420 1007.3359 1283.2380    30     6     6  3340   150
 421 1022.9701 1283.5989    29     6     6  3392   151
 422 1038.5412 1283.9708    28     6     6  3367   129
 423 1054.0355 1284.3453    29     6     6  3519   108
 424 1069.4955 1284.6877    30     7     6  3482    96
 425 1084.8703 1285.0025    32     6     6  3825    93
 426 1100.2547 1285.3381    29     6     6  3631    68
 427 1115.5623 1285.6635    29     6     6  3633    61
 428 1130.7487 1285.9834    30     6     6  3933    42
 429 1145.9878 1286.3420    28     6     6  3893    53
 430 1161.0275 1286.6009    28     6     6  3819    43
 431 1176.0521 1286.9401    24     6     6  2486    89
 432  798.2505 1294.5189    26     6     5  1829   386
 433  814.5072 1294.7398    31     7     6  2805   381
 434  830.7663 1295.0257    31     6     6  2992   377
 435  847.0415 1295.4218    29     6     6  2907   373
 436  863.2722 1295.8053    31     6     6  3034   418
 437  879.4748 1296.0820    31     7     6  3098   359
 438  895.6268 1296.4759    31     7     7  3041   412
 439  911.6488 1296.8607    31     7     6  3197   415
 440  927.6283 1297.1479    30     6     6  3153   329
 441  943.5729 1297.5374    31     7     7  3154   340
 442  959.4488 1297.9154    30     7     6  3219   311
 443  975.2674 1298.1977    30     6     6  3306   295
 444  991.0356 1298.5542    29     6     7  3278   309
 445 1006.7362 1298.8956    30     6     6  3426   273
 446 1022.4025 1299.1829    29     6     6  3317   255
 447 1038.0204 1299.5530    28     6     6  3362   363
 448 1053.5643 1299.9061    29     6     6  3457    -1
 449 1069.0867 1300.2164    30     6     6  3651   244
 450 1084.5060 1300.5000    29     7     7  3452   378
 451 1192.2174 1300.6304    21     3    10  1096    -1
 452 1099.9097 1300.7778    30     6     6  3782    -1
 453 1115.2995 1301.1108    29     6     6  3819    -1
 454 1130.5339 1301.3897    29     6     6  3689    -1
 455 1145.7399 1301.6750    30     6     6  3951    -1
 456 1160.7809 1302.0050    30     6     6  3924    -1
 457 1175.9028 1302.3175    25     6     6  2516    -1
 458 1192.5000 1307.5000     5     3     3   257    -1
 459  797.2686 1310.2355    25     6     5  1492   389
 460  813.4672 1310.6118    29     6     6  2273   385
 461  829.7301 1310.9803    29     6     6  2541   375
 462  846.0619 1311.3676    29     6     6  2742   376
 463  862.3145 1311.7407    30     6     6  2950   369
 464  878.5514 1312.0445    31     7     6  3144   357
 465  894.7571 1312.3402    30     6     6  3083   384
 466  910.8324 1312.7303    30     6     6  3215   344
 467  926.8273 1313.0011    32     6     6  3418   332
 468  942.8447 1313.3456    30     6     6  3255   414
 469  958.8007 1313.6923    30     6     6  3299   310
 470  974.6021 1313.9762    30     7     6  3371   302
 471  990.4005 1314.2189    31     7     6  3400    -1
 472 1006.1230 1314.5985    31     6     7  3489   289
 473 1021.8476 1314.9020    31     6     6  3647   294
 474 1037.5169 1315.1488    31     7     6  3563    -1
 475 1053.0724 1315.5095    31     6     7  3648   430
 476 1068.6250 1315.8306    29     6     6  3610   316
 477 1084.1553 1316.0367    32     6     6  3851    -1
 478 1099.5767 1316.3392    32     7     7  3802    -1
 479 1114.9289 1316.6305    29     6     6  3863    -1
 480 1130.2820 1316.8534    29     6     6  3711   288
 481 1145.4947 1317.0820    26     5     6  3367   407
 482 1160.5192 1317.3601    26     6     6  2966    -1
 483 1175.7425 1317.5597    22     6     5  1937    -1
 484  828.9405 1329.4083   131    30    11  7651   326
 485  850.4710 1333.0217     6     3     3   369   439
 486  877.6885 1333.7869     9     4     3   572   398
 487 1127.9808 1358.6923    14     3    10   804    -1
 488 1119.8878 1387.6837    49     5    12  2499    -1
 489 1134.9565 1387.7609    46     4    12  2346    -1
