466
   0  652.0359  993.8923    96    64     4  4981   332
   1  710.8979 1010.2362    77    29     5  4320    58
   2  357.3000 1010.3615    18     5     4   965    -1
   3  374.4615 1011.1538    19     5     4  1054    -1
   4  391.5613 1011.6887    21     5     5  1262    -1
   5  408.5532 1012.5498    22     6     5  1401    -1
   6  425.6373 1013.4387    24     6     5  1608    -1
   7  442.6751 1014.3065    25     6     5  1684    -1
   8  459.5622 1015.0494    27     6     6  1816    -1
   9  476.4885 1015.7192    25     6     6  1770   381
  10  493.3212 1016.5973    24     6     5  1765   325
  11  510.1149 1017.4731    26     6     5  1931   405
  12  526.7399 1018.3583    25     6     5  1892   313
  13  543.4403 1019.2060    25     6     6  1920    -1
  14  560.0495 1019.8867    29     6     6  2187   383
  15  576.5581 1020.6344    26     6     5  2074   288
  16  593.0338 1021.5206    26     6     5  2173   257
  17  609.4574 1022.4243    26     7     5  2146   369
  18  625.7413 1023.2183    27     6     6  2266   226
  19  642.1046 1023.8715    29     6     6  2411   200
  20  658.2867 1024.6062    28     6     6  2389   239
  21  674.4570 1025.5187    27     7     5  2257   203
  22  355.0274 1025.5422    24     6     5  1437    -1
  23  372.3906 1026.4057    23     6     5  1415    -1
  24  690.5612 1026.4136    25     6     6  2083   302
  25  706.6049 1027.1614    27     6     6  2103   362
  26  389.4801 1027.2053    22     5     5  1402   396
  27  722.5854 1027.7779    26     6     6  1991   363
  28  406.5467 1027.9268    24     6     6  1521    -1
  29  738.2949 1028.6709    21     5     5  1284   378
  30  423.6856 1028.7050    25     6     5  1611    -1
  31  440.6477 1029.5097    26     6     5  1713    -1
  32  457.6634 1030.4338    24     6     5  1653    -1
  33  474.6224 1031.2796    26     6     6  1790    -1
  34  491.5175 1031.8988    26     6     6  1814    -1
  35  508.3085 1032.6170    24     6     5  1764   306
  36  525.0701 1033.5142    26     6     5  1935   376
  37  541.7393 1034.4126    25     6     5  1902    -1
  38  558.3772 1035.1612    27     6     6  2026   307
  39  574.9487 1035.8609    29     6     6  2201    -1
  40  591.4612 1036.6137    26     7     5  2074    -1
  41  607.9100 1037.4613    26     6     5  2178   266
  42  624.3140 1038.3485    28     6     6  2271   270
  43  640.6435 1039.0243    28     6     6  2348   199
  44  656.9000 1039.6678    29     6     6  2445   322
  45  673.0765 1040.5122    26     6     5  2365   213
  46  352.7731 1041.1476    22     6     5  1327    -1
  47  689.2712 1041.3484    28     6     6  2462   221
  48  370.1678 1041.7827    23     6     5  1433    -1
  49  705.4084 1042.0018    29     7     6  2564   215
  50  387.4235 1042.5856    22     5     5  1427    -1
  51  721.4418 1042.6562    27     7     6  2432   172
  52  404.5235 1043.4765    22     5     5  1440    -1
  53  737.3645 1043.4935    21     5     5  1515   366
  54  421.6586 1044.3465    24     6     5  1591   294
  55  438.7080 1045.0138    27     6     6  1749   399
  56  455.7528 1045.6840    27     6     5  1801   391
  57  472.6724 1046.4675    25     6     5  1743   389
  58  489.6332 1047.4006    25     6     5  1783   309
  59  506.5145 1048.1510    26     6     6  1853   377
  60  523.3071 1048.6977    27     6     6  1967    -1
  61  540.0598 1049.5496    26     6     5  1986   296
  62  556.7450 1050.4302    25     6     5  1952   367
  63  573.3785 1051.2156    27     6     6  2099    -1
  64  589.9069 1051.8701    29     6     6  2266   283
  65  606.3908 1052.6092    26     6     5  2124   305
  66  622.8046 1053.4448    26     6     5  2206   250
  67  639.1729 1054.2189    29     6     6  2407   344
  68  655.4830 1054.8196    30     7     6  2498   234
  69  671.7661 1055.5461    27     6     5  2391   346
  70  687.9511 1056.4447    26     6     5  2404   219
  71  350.5583 1056.5958    22     5     5  1340   246
  72  704.1360 1057.1000    30     6     6  2640   176
  73  367.9067 1057.4433    25     6     5  1550   242
  74  720.2449 1057.7011    28     6     6  2529   120
  75  385.2395 1058.2814    24     6     5  1511   374
  76  736.2836 1058.5210    24     6     5  1676   169
  77  402.4698 1058.9924    23     5     6  1481   192
  78  419.5789 1059.6447    24     6     5  1580   357
  79  436.6608 1060.4669    25     6     5  1673   220
  80  453.8130 1061.3529    24     6     5  1676    -1
  81  470.7810 1062.0165    27     6     6  1834    -1
  82  487.7599 1062.6390    27     6     5  1904    -1
  83  504.6649 1063.4649    26     6     5  1870   372
  84  521.5537 1064.3257    27     7     6  1964   295
  85  538.3627 1064.9209    27     6     6  2020   370
  86  555.0734 1065.6260    27     6     6  2072    -1
  87  571.7294 1066.4589    27     6     5  2104   277
  88  588.3248 1067.2540    28     6     6  2205   275
  89  604.8430 1067.8926    30     6     6  2366   364
  90  621.2730 1068.5888    27     6     5  2240   210
  91  637.7686 1069.4119    27     6     5  2303   179
  92  654.1041 1070.1002    30     6     6  2523   167
  93  670.3720 1070.6959    29     7     6  2466   158
  94  686.6781 1071.4925    29     7     5  2517   343
  95  702.8703 1072.2677    30     6     6  2645   347
  96  348.4469 1072.5041    23     6     5  1395   216
  97  718.9829 1072.8063    30     6     6  2672   104
  98  365.6884 1073.3014    24     6     5  1492   198
  99  735.0676 1073.5541    25     6     5  1768    88
 100  383.1149 1073.8269    24     6     6  1509   182
 101  400.4471 1074.5724    23     6     5  1509   356
 102  417.5639 1075.4437    24     6     5  1591    -1
 103  434.7067 1076.1983    27     6     6  1771   190
 104  451.8782 1076.7009    28     6     6  1868    -1
 105  468.8682 1077.4729    26     6     5  1816   373
 106  485.8664 1078.3538    26     6     5  1854   349
 107  502.8825 1078.9768    28     6     6  1983   291
 108  519.7259 1079.5932    27     6     5  1983   280
 109  536.6263 1080.4353    26     6     5  1949    -1
 110  553.3905 1081.2127    28     6     6  2103   260
 111  570.0479 1081.7552    29     6     6  2222   238
 112  586.7103 1082.5013    27     6     5  2149   355
 113  603.2564 1083.3361    28     6     6  2254   217
 114  619.7677 1083.9550    30     6     6  2434   142
 115  636.2476 1084.5742    27     6     5  2293   186
 116  745.5980 1084.8046   208    10    99 11155   317
 117  652.7189 1085.3798    28     6     6  2382   148
 118  669.0152 1086.0216    32     6     6  2689   342
 119  685.3022 1086.6203    30     6     6  2572   102
 120  701.6252 1087.4088    29     7     6  2536    98
 121  717.7208 1088.0525    29     6     6  2632    83
 122  346.1138 1088.2683    23     6     5  1396   269
 123  733.7278 1088.6004    26     6     5  1818    92
 124  363.5176 1088.8275    23     5     6  1434   245
 125  380.8886 1089.5904    26     6     5  1632   144
 126  398.3072 1090.3981    25     6     5  1613   233
 127  415.4870 1091.1269    25     5     6  1636   119
 128  432.6202 1091.6298    25     6     5  1666   109
 129  449.8389 1092.4210    26     6     5  1781    96
 130  466.9063 1093.2554    27     6     6  1857    81
 131  484.0712 1093.7432    29     6     6  2005    41
 132  501.0025 1094.5133    26     6     5  1901    37
 133  517.9006 1095.3549    27     6     6  1984    33
 134  534.8480 1095.9068    30     6     6  2181    18
 135  551.6650 1096.5384    27     6     5  2053    15
 136  568.3721 1097.4085    27     6     5  2093    22
 137  585.0818 1097.9552    30     6     6  2337    38
 138  601.7275 1098.5531    27     6     5  2216   114
 139  618.2602 1099.3999    28     6     6  2309    -1
 140  634.7936 1100.0015    29     6     6  2431   194
 141  651.2279 1100.5772    28     6     6  2385   164
 142  667.6881 1101.3840    30     7     6  2526   173
 143  683.9787 1101.9343    31     6     6  2699   122
 144  700.2659 1102.5637    28     6     5  2515    -1
 145  716.5151 1103.3299    29     7     6  2573    -1
 146  732.4780 1103.7934    25     6     6  1751   348
 147  343.7446 1104.1695    22     6     5  1333   274
 148  361.4116 1104.6224    24     6     5  1494   224
 149  378.6403 1105.4134    24     6     5  1535   248
 150  396.1676 1106.1676    27     6     6  1708   121
 151  413.4412 1106.6381    23     5     5  1541   134
 152  430.6321 1107.4316    25     6     5  1674   400
 153  447.8282 1108.2938    25     6     6  1701   101
 154  465.0842 1108.7178    27     6     6  1855    66
 155  482.1890 1109.5054    26     6     5  1853    43
 156  499.1889 1110.2778    28     6     6  1985    39
 157  516.2009 1110.7453    27     6     6  1982    14
 158  533.0631 1111.5102    26     6     5  1989     6
 159  549.9102 1112.2914    29     6     6  2174     2
 160  566.7288 1112.7776    30     6     6  2278     1
 161  583.4679 1113.4846    27     7     5  2128    10
 162  600.1588 1114.2130    29     6     6  2335    68
 163  616.7716 1114.6894    30     6     6  2424   214
 164  633.2964 1115.4799    27     6     5  2293   196
 165  649.8077 1116.1106    29     6     6  2490   147
 166  666.2450 1116.6237    29     6     6  2493   130
 167  682.6676 1117.3585    29     7     6  2524   341
 168  699.0066 1117.9270    31     6     6  2756   337
 169  715.1963 1118.5405    28     6     5  2536    93
 170  731.3953 1119.3399    24     5     6  1706   290
 171  341.5487 1120.0177    23     5     6  1376   237
 172  359.0331 1120.6115    25     6     5  1537   255
 173  376.5648 1121.4074    22     5     5  1424   153
 174  393.9334 1121.9476    26     6     6  1653   138
 175  411.3985 1122.5736    25     6     5  1644   111
 176  428.6526 1123.4014    24     6     5  1626   265
 177  445.8953 1123.9103    28     6     6  1868    86
 178  463.1300 1124.5417    26     6     5  1827    54
 179  480.2290 1125.3336    27     6     5  1885    45
 180  497.3270 1125.7928    27     6     6  1951    47
 181  514.3639 1126.5034    26     6     5  1888    21
 182  531.3173 1127.2244    30     6     6  2135    19
 183  548.2460 1127.7161    27     6     6  2035     4
 184  565.0519 1128.4759    27     6     5  2140     0
 185  581.8246 1129.1263    28     6     6  2235     8
 186  598.5775 1129.6204    28     7     6  2239    62
 187  615.1884 1130.4121    28     6     6  2321    -1
 188  631.8205 1130.9287    30     6     6  2489    -1
 189  648.3255 1131.5327    28     6     5  2380   150
 190  664.8444 1132.2181    30     6     6  2589   100
 191  681.2685 1132.7162    28     6     6  2510    -1
 192  697.7293 1133.3912    29     6     6  2571   334
 193  713.9494 1133.9526    31     6     6  2785    -1
 194  730.2024 1134.5655    24     6     5  1704   371
 195  741.8043 1135.8478     6     2     4   323    -1
 196  339.3673 1136.0619    24     6     6  1426   230
 197  356.7527 1136.5783    25     6     5  1531   236
 198  374.4777 1137.3535    25     6     5  1564   140
 199  391.7897 1137.8677    26     6     6  1659   136
 200  409.2995 1138.5617    25     6     5  1639   225
 201  426.6116 1139.3290    26     6     6  1721    89
 202  443.9185 1139.6953    28     6     6  1866    57
 203  461.1311 1140.4709    27     6     5  1865    35
 204  478.3460 1141.0065    28     6     6  1939    27
 205  495.4732 1141.5608    26     7     5  1859    16
 206  512.5656 1142.3865    27     7     5  1914     7
 207  529.5155 1142.6879    25     6     6  1830    11
 208  546.4858 1143.4937    27     7     5  1985     9
 209  563.4004 1144.1802    30     7     6  2263     3
 210  580.2176 1144.6578    29     6     6  2261    12
 211  596.9642 1145.4374    28     6     6  2279    59
 212  613.6676 1145.9358    30     6     6  2443   232
 213  630.2653 1146.5053    28     6     5  2346    -1
 214  646.9157 1147.1449    30     6     6  2556   160
 215  663.4364 1147.6389    30     7     6  2522    -1
 216  679.9271 1148.3568    30     6     6  2645    -1
 217  696.3499 1148.8322    29     7     6  2609    76
 218  712.7509 1149.4531    28     6     5  2552   336
 219  728.8658 1149.9853    25     6     6  1794    -1
 220  528.6991 1150.5898    34     6     6  2368   205
 221  336.9449 1152.2246    25     6     6  1486   244
 222  354.4429 1152.5786    22     5     5  1380   184
 223  372.1508 1153.3889    26     6     5  1615   175
 224  389.6202 1153.9071    27     6     6  1716   141
 225  407.1658 1154.5481    26     6     5  1695   113
 226  424.5505 1155.2428    25     6     6  1666    87
 227  441.9000 1155.6277    28     6     6  1870    71
 228  459.1416 1156.4168    27     6     5  1855    55
 229  476.3704 1156.8741    27     6     6  1898   139
 230  493.5731 1157.5018    27     7     5  1897    30
 231  510.6727 1158.2202    27     6     6  1929    29
 232  527.6228 1158.6938    26     6     6  1878    25
 233  535.2507 1159.0603    16     5     4  1173   311
 234  544.7554 1159.3662    26     6     6  1950    23
 235  561.6977 1159.8721    30     6     6  2274     5
 236  578.5668 1160.4730    28     7     5  2178   390
 237  595.3785 1161.0309    30     7     6  2389    70
 238  612.0875 1161.5410    27     6     6  2276   335
 239  628.7975 1162.2492    30     6     6  2485    17
 240  645.4454 1162.7282    30     7     6  2508   397
 241  662.0352 1163.3731    29     6     6  2545   406
 242  678.5945 1163.8423    31     7     6  2704    -1
 243  695.0340 1164.4634    28     6     6  2576   386
 244  711.4328 1164.9511    30     7     6  2706    42
 245  727.6259 1165.4556    25     6     5  1790    -1
 246  739.1292 1167.6907   148     6    56  7961    -1
 247  334.6440 1168.4177    22     5     5  1343   261
 248  352.3432 1168.7091    26     6     6  1587   181
 249  369.9243 1169.4347    26     6     5  1637   202
 250  387.4972 1170.0813    26     6     6  1663   165
 251  405.0304 1170.5487    26     6     5  1711   131
 252  422.5095 1171.3009    25     6     6  1672   137
 253  439.8354 1171.6477    28     6     6  1874    97
 254  457.2004 1172.4306    27     6     5  1854    74
 255  474.4835 1172.8382    27     7     6  1894    75
 256  491.7110 1173.4574    26     6     5  1864    40
 257  508.8492 1174.1034    28     6     6  1990    34
 258  526.0015 1174.5279    26     6     5  1946    31
 259  542.9840 1175.2638    29     6     6  2136   281
 260  560.0387 1175.6044    29     6     6  2226    13
 261  576.9301 1176.3422    29     6     6  2280    20
 262  593.8170 1176.7703    30     6     6  2399    26
 263  610.6124 1177.4149    29     7     6  2331   345
 264  627.3154 1177.9067    28     6     6  2386   151
 265  644.0087 1178.4883    26     6     5  2330    -1
 266  660.6324 1179.0041    30     7     6  2603   387
 267  677.1336 1179.5009    27     6     5  2458    -1
 268  693.7134 1180.0575    30     6     6  2709    80
 269  710.0971 1180.5171    28     6     6  2569    -1
 270  726.3813 1181.1382    25     5     6  1789   339
 271  332.4516 1184.5887    23     6     5  1398   375
 272  349.9554 1185.1832    27     6     6  1653   235
 273  367.6692 1185.5277    26     6     5  1625   394
 274  385.3676 1186.2405    27     6     6  1720   197
 275  402.9115 1186.6496    28     6     6  1801   133
 276  420.4376 1187.4257    25     6     5  1667   222
 277  437.8151 1187.7836    28     6     6  1876    94
 278  455.1523 1188.4627    27     6     5  1859    90
 279  472.4944 1188.9135    29     7     6  1982    78
 280  489.7509 1189.4487    26     6     5  1846   271
 281  506.9751 1190.0156    30     6     6  2142   278
 282  524.1357 1190.5300    27     6     5  2017   124
 283  541.2843 1191.1168    30     6     6  2228   258
 284  558.2493 1191.5705    30     6     6  2238   354
 285  575.2653 1192.2040    30     6     6  2331    61
 286  592.1122 1192.6197    29     6     6  2319   110
 287  609.0149 1193.2696    29     6     6  2392   159
 288  625.8323 1193.6692    30     6     6  2499   145
 289  642.5514 1194.2712    30     7     6  2492   132
 290  659.1704 1194.7017    30     6     6  2571    28
 291  675.8283 1195.2929    29     6     6  2580    82
 292  692.3795 1195.7245    30     7     6  2645    49
 293  708.8765 1196.2892    30     6     6  2719    24
 294  725.2325 1196.5926    24     6     5  1686    44
 295  329.9553 1200.7851    25     6     6  1485   328
 296  347.6469 1201.4161    23     6     5  1436   251
 297  365.4495 1201.8249    25     5     6  1567    -1
 298  383.1234 1202.5000    26     6     5  1685   254
 299  400.6883 1203.0330    27     6     6  1759   358
 300  418.3048 1203.5310    26     6     5  1720   227
 301  435.8203 1204.0462    28     6     6  1887   108
 302  453.1739 1204.5491    27     6     5  1859    85
 303  470.5909 1205.0714    28     6     6  1939   174
 304  487.8421 1205.5262    27     6     5  1923   323
 305  505.0939 1206.1481    30     6     6  2128    64
 306  522.3317 1206.5651    28     6     6  2030   279
 307  539.5269 1207.1487    30     7     6  2206   143
 308  556.5996 1207.5617    30     7     6  2213   253
 309  573.6027 1208.1479    29     7     6  2268    51
 310  590.5484 1208.5787    31     7     6  2376   178
 311  607.4559 1209.1366    31     7     6  2480   135
 312  624.2324 1209.5821    31     7     6  2488   162
 313  641.0350 1210.0957    31     6     6  2621   118
 314  657.8481 1210.5414    28     6     6  2463    72
 315  674.4540 1211.0378    31     7     6  2701    56
 316  691.0281 1211.4939    27     6     5  2507    36
 317  707.5574 1212.0008    30     7     6  2720    52
 318  723.8982 1212.4927    26     6     5  1845    46
 319  327.6139 1217.4241    22     5     5  1337   327
 320  345.4600 1217.5982    24     5     6  1475   368
 321  363.1850 1218.3746    27     6     5  1677   267
 322  380.9413 1218.7206    28     6     6  1749   262
 323  398.6355 1219.3862    25     6     5  1619   292
 324  416.1868 1219.7181    26     6     6  1731   303
 325  433.7195 1220.3982    26     6     5  1742   195
 326  451.2355 1220.6591    26     6     6  1784   256
 327  468.6534 1221.3466    28     6     6  1902   392
 328  486.0077 1221.7065    29     6     6  2031   380
 329  503.2900 1222.3367    28     6     6  2000   340
 330  520.5264 1222.7016    29     7     6  2095   247
 331  537.6866 1223.2624    28     6     6  2086   155
 332  554.8458 1223.6187    29     6     6  2225    65
 333  571.9173 1224.2194    30     6     6  2334   211
 334  588.9250 1224.5727    28     6     6  2280   157
 335  605.9099 1225.1238    31     6     6  2499   154
 336  622.8225 1225.5681    28     6     6  2355    84
 337  639.5791 1226.0186    31     7     6  2599   106
 338  656.2773 1226.4555    30     7     6  2533    95
 339  673.0246 1226.9177    32     6     6  2778    79
 340  689.7784 1227.3960    30     6     6  2635    48
 341  706.2273 1227.8294    30     6     6  2699    50
 342  722.6299 1228.3681    25     6     6  1758    32
 343  325.3449 1233.6551    25     6     6  1495   301
 344  343.0307 1234.3520    27     6     5  1627   300
 345  361.0063 1234.5818    26     6     5  1618   287
 346  378.6826 1235.3638    27     6     6  1695   149
 347  396.3715 1235.5978    25     6     5  1608   282
 348  413.9951 1236.2306    28     6     6  1812   310
 349  431.6713 1236.5208    26     6     5  1732   286
 350  449.1308 1237.0943    29     6     6  1943    -1
 351  466.6367 1237.5102    26     6     5  1790   263
 352  484.0228 1238.0396    29     6     6  2043   241
 353  501.3924 1238.4896    27     7     5  1926   152
 354  518.6785 1238.9277    30     6     6  2178   128
 355  535.9200 1239.4586    27     6     5  2050   187
 356  553.0924 1239.8021    31     6     6  2318    91
 357  570.1779 1240.3709    28     6     6  2198   103
 358  587.2571 1240.7250    30     6     6  2340   177
 359  604.2161 1241.2065    30     6     6  2430   161
 360  621.1620 1241.5506    29     6     6  2379   127
 361  638.0583 1242.0536    31     6     6  2605   112
 362  654.9219 1242.5019    28     6     5  2450   105
 363  671.6871 1242.8742    31     7     6  2699    73
 364  688.3165 1243.2858    32     7     6  2739    60
 365  704.9437 1243.6660    30     6     6  2717    53
 366  721.3730 1244.1504    25     5     6  1762    77
 367  322.8699 1250.3862    24     6     5  1446   402
 368  340.7372 1250.7518    27     6     6  1624   289
 369  358.6507 1251.4007    24     6     5  1492   308
 370  376.4221 1251.5909    23     5     5  1458   315
 371  394.2819 1252.2309    27     6     6  1703   324
 372  411.9838 1252.4925    26     6     5  1701   272
 373  429.5564 1253.0305    28     6     6  1843   218
 374  447.1362 1253.5021    27     6     5  1831   212
 375  464.6092 1253.8917    29     6     6  1981   229
 376  482.0919 1254.4317    28     6     6  1971   268
 377  499.4831 1254.7555    29     7     6  2041   171
 378  516.8756 1255.2929    29     6     6  2097   115
 379  534.1032 1255.6047    29     6     6  2128   180
 380  551.3357 1256.0742    31     7     6  2311   352
 381  568.5644 1256.4866    29     7     5  2195   201
 382  585.6665 1256.9116    31     7     6  2415   189
 383  602.7331 1257.3368    29     6     6  2308    -1
 384  619.7214 1257.7172    32     7     6  2544   156
 385  636.6098 1258.0938    30     7     6  2502    -1
 386  653.3957 1258.5061    30     7     6  2488   123
 387  670.2135 1258.9483    31     6     6  2681    99
 388  687.0146 1259.3405    29     6     6  2616    69
 389  703.7192 1259.6954    30     6     6  2677    63
 390  720.1809 1260.0331    28     6     6  1914    67
 391  320.5134 1267.0357    24     5     6  1424   314
 392  338.5241 1267.4960    23     5     5  1399   365
 393  356.4043 1267.7805    26     6     6  1603   329
 394  374.2160 1268.4124    28     6     6  1731   293
 395  392.1050 1268.6022    27     6     6  1712   321
 396  409.7443 1269.2277    27     6     6  1743   204
 397  427.5104 1269.5104    24     6     5  1583   304
 398  445.0890 1269.9233    29     6     6  1939   231
 399  462.6809 1270.4021    27     7     5  1820   284
 400  480.1503 1270.6949    28     6     6  1949   191
 401  497.6664 1271.2163    28     6     6  1971   188
 402  514.9899 1271.5343    28     6     6  2041   209
 403  532.3478 1271.9841    30     6     6  2190   116
 404  549.6462 1272.4173    29     7     6  2127    -1
 405  566.8308 1272.7624    30     6     6  2304   228
 406  583.9773 1273.2113    31     6     6  2409   359
 407  601.0430 1273.5286    29     6     6  2323   117
 408  618.0798 1273.9346    32     6     6  2571   126
 409  635.0628 1274.3289    30     6     6  2511    -1
 410  651.9842 1274.5919    29     6     6  2495    -1
 411  668.8322 1274.9934    32     6     6  2735   125
 412  685.6516 1275.3804    31     7     6  2645   146
 413  702.2995 1275.7748    31     7     6  2707   107
 414  718.7354 1276.1051    26     6     6  1814    -1
 415  318.2116 1283.6395    24     6     5  1415   379
 416  336.0543 1284.2442    27     6     6  1608   276
 417  354.1098 1284.5453    26     6     5  1587   319
 418  372.0182 1284.9152    28     6     6  1730   243
 419  389.7991 1285.3915    25     6     5  1591   318
 420  407.5900 1285.6465    27     6     6  1739   360
 421  425.4218 1286.1308    28     6     6  1809   193
 422  443.0543 1286.4913    26     6     5  1760   299
 423  460.5945 1286.9173    29     6     6  1958   185
 424  478.1740 1287.3755    28     6     6  1946   166
 425  495.6996 1287.5795    28     6     6  1966   207
 426  513.1317 1288.0193    30     6     6  2149   168
 427  530.5298 1288.4451    29     7     5  2087   384
 428  547.8533 1288.7453    30     6     6  2250   183
 429  565.1007 1289.1675    30     6     6  2309   163
 430  582.2285 1289.4735    27     6     5  2142   223
 431  599.4343 1289.8622    30     7     6  2367    -1
 432  616.5022 1290.1915    31     7     6  2464    -1
 433  633.5686 1290.5283    31     7     6  2468    -1
 434  650.5164 1290.8994    31     7     6  2589   129
 435  667.4190 1291.1853    32     7     6  2674    -1
 436  684.1575 1291.5366    30     6     6  2592    -1
 437  700.9688 1291.8732    31     6     6  2753    -1
 438  717.5088 1292.2538    27     6     6  1805    -1
 439  315.7857 1299.5857    16     5     4   835   298
 440  333.8797 1300.4114    22     5     6  1179   316
 441  351.7320 1301.2624    24     6     5  1381   312
 442  369.6439 1301.5211    25     6     5  1535   326
 443  387.6230 1302.1016    27     6     6  1724   285
 444  405.4708 1302.4231    25     6     5  1627   259
 445  423.2342 1302.7613    27     6     6  1794   206
 446  440.9148 1303.1756    29     6     6  1937   208
 447  458.6513 1303.4748    26     6     5  1776   297
 448  476.2048 1303.8059    28     6     6  1959   264
 449  493.7450 1304.2097    27     6     6  1946   252
 450  511.2154 1304.5063    28     6     6  2036   170
 451  528.7071 1304.8855    31     7     6  2279    -1
 452  546.0531 1305.2875    30     6     6  2281   240
 453  563.3609 1305.5746    30     7     6  2291   320
 454  580.6438 1305.9104    32     7     6  2504   249
 455  597.8348 1306.2508    32     6     6  2523    -1
 456  614.9537 1306.5054    29     6     6  2378    -1
 457  631.9735 1306.8510    31     6     6  2587   385
 458  648.9990 1307.1714    31     6     6  2542    -1
 459  665.9772 1307.4374    28     6     5  2278    -1
 460  682.8603 1307.6486    30     6     6  2341    -1
 461  699.6295 1307.9832    28     6     6  2172    -1
 462  716.2032 1308.1941    23     5     5  1369    -1
 463  681.4542 1326.0282    72    32     4  3884   273
 464  636.3333 1329.0333     5     3     2   280    -1
 465  644.5625 1340.0625    12     7     2   616    -1
