488
   0 1577.3415 1110.2805    14     4     6   782    -1
   1 1604.8623 1116.7101     7     3     3   488   451
   2 1778.6304 1117.1522     6     3     2   323   453
   3 1570.2813 1117.6943   145    36     8  8969    -1
   4 1793.8717 1127.5592   120    29     7  7165   107
   5 1551.6037 1131.3598    11     4     4   714   359
   6 1563.1123 1132.0148    15     4     4  1222    -1
   7 1574.6933 1132.3561    19     5     5  1638   409
   8 1586.0693 1132.9594    15     4     4  1551   203
   9 1597.5631 1133.2956    19     5     5  1821   163
  10 1609.0095 1133.9346    16     4     4  1748   131
  11 1620.3288 1134.2033    19     5     5  1914   380
  12 1631.8529 1134.9362    18     5     5  1872   133
  13 1643.0433 1135.1969    17     5     5  1820   432
  14 1654.3549 1135.8889    18     5     5  1872   125
  15 1665.7027 1136.1322    17     5     4  1807   217
  16 1676.9544 1136.8248    17     5     5  1783   216
  17 1688.0220 1137.1134    16     4     4  1708   260
  18 1699.1652 1137.7401    19     5     5  1837   210
  19 1710.3033 1138.0913    17     5     4  1704   257
  20 1721.4321 1138.6434    19     5     5  1745   285
  21 1732.5037 1139.0424    16     5     4  1613   299
  22 1743.5014 1139.5070    18     5     5  1618   297
  23 1754.5079 1140.0046    16     5     4  1555   326
  24 1765.3523 1140.3247    16     5     5  1416   337
  25 1776.3183 1140.9498    16     5     4  1378   338
  26 1787.1794 1141.2114    13     4     4  1149   358
  27 1798.0440 1141.8102    14     4     4  1132   357
  28 1808.8840 1142.1200    12     4     4   850   378
  29 1819.4054 1142.5676     9     3     3   524   384
  30 1552.1182 1143.2977    15     4     5  1190   267
  31 1563.8115 1143.9723    16     5     4  1577    -1
  32 1575.1035 1144.2753    19     5     5  1969    -1
  33 1586.8139 1144.9047    19     5     5  1963    86
  34 1598.1051 1145.1584    18     5     5  1913    97
  35 1609.7425 1145.8353    19     5     5  1952    61
  36 1621.0317 1146.0982    18     5     5  1908    -1
  37 1632.4607 1146.7237    20     5     5  2019   111
  38 1643.8729 1147.0368    17     5     4  1869   124
  39 1655.0883 1147.5631    18     5     5  1930   153
  40 1666.3935 1147.9876    17     5     4  1855   190
  41 1541.7810 1148.1022    48     3    24  2674    -1
  42 1677.7179 1148.4651    19     5     5  1923   214
  43 1688.9286 1148.9640    17     5     4  1809   441
  44 1700.0254 1149.3015    17     4     5  1777   252
  45 1711.1266 1149.9148    17     5     4  1766   258
  46 1722.2081 1150.1717    17     5     5  1703   302
  47 1733.3686 1150.8503    17     5     4  1695   276
  48 1744.3542 1151.0711    16     5     4  1623   310
  49 1755.4184 1151.7041    19     5     5  1734   256
  50 1766.3376 1152.0371    17     5     4  1632   322
  51 1777.2614 1152.4871    18     5     5  1600   325
  52 1788.1549 1152.9958    15     4     4  1460   355
  53 1799.0994 1153.3131    15     4     5  1424   348
  54 1809.9046 1153.9151    14     4     4  1177   364
  55 1820.6546 1154.2165    10     4     4   694   376
  56 1829.0062 1154.9062    33     4    15  1810   427
  57 1552.7674 1155.4251    15     4     5  1124   296
  58 1564.2016 1155.9450    16     5     4  1591    -1
  59 1575.8745 1156.2490    19     5     5  1978    -1
  60 1587.2904 1156.8780    19     5     5  1966    83
  61 1598.8994 1157.1335    19     5     5  1954    91
  62 1610.2574 1157.7465    19     5     5  1964    54
  63 1621.7948 1158.0418    17     5     4  1854    -1
  64 1633.0964 1158.5702    18     5     5  1911   102
  65 1644.5752 1159.0105    17     5     4  1847   123
  66 1655.9435 1159.4355    18     5     5  1892   174
  67 1667.1560 1159.9511    17     5     4  1821   157
  68 1678.4313 1160.2261    19     5     5  1881   197
  69 1689.7806 1160.9007    17     5     4  1741   191
  70 1700.9270 1161.1101    15     4     4  1640   261
  71 1712.0200 1161.7702    17     4     5  1727   236
  72 1723.1019 1162.0383    17     5     4  1699   246
  73 1734.1993 1162.5198    19     5     5  1758   229
  74 1745.2940 1162.9913    17     5     4  1656   286
  75 1756.2804 1163.2763    17     5     5  1583   320
  76 1767.3373 1163.8849    17     5     4  1606   307
  77 1778.2406 1164.1089    15     5     4  1471   324
  78 1789.1809 1164.7216    16     4     5  1477   323
  79 1800.0938 1165.0213    15     4     4  1454   350
  80 1810.9805 1165.4634    14     4     5  1137   361
  81 1821.6903 1165.9558    13     4     4   876   374
  82 1553.1667 1167.4310    15     4     5  1170   255
  83 1564.9209 1167.9601    16     4     4  1565    -1
  84 1576.3253 1168.2495    20     5     5  2002   154
  85 1587.9954 1168.8568    18     5     5  1881    93
  86 1599.4779 1169.1034    18     5     5  1896   103
  87 1610.9955 1169.7458    17     4     5  1859   440
  88 1622.4131 1170.0222    18     5     4  1890   211
  89 1633.9516 1170.5563    18     5     5  1912    71
  90 1645.2465 1170.9781    17     5     4  1856   411
  91 1656.6859 1171.3091    19     5     5  1956   137
  92 1667.9964 1171.8857    17     4     5  1817   141
  93 1679.1451 1172.1229    18     5     5  1844   155
  94 1690.5044 1172.7650    19     5     5  1867   195
  95 1701.7658 1173.0196    17     5     4  1768   230
  96 1712.9406 1173.5479    17     4     5  1726   223
  97 1724.0380 1173.9561    16     4     4  1655   301
  98 1735.0889 1174.2531    17     5     5  1660   331
  99 1746.1879 1174.8633    17     5     4  1651   280
 100 1757.2263 1175.0785    16     5     4  1571   336
 101 1768.2648 1175.6022    19     5     5  1694   220
 102 1779.2398 1176.0041    16     5     4  1538   313
 103 1790.1861 1176.2737    16     5     5  1485   351
 104 1801.1098 1176.8702    15     4     4  1447   303
 105 1812.0293 1177.0921    14     4     4  1178   360
 106 1822.7513 1177.4893    11     4     3   737   387
 107 1553.9247 1179.8136    15     4     5  1155   219
 108 1565.3748 1180.0057    17     5     4  1633    -1
 109 1576.9740 1180.3902    17     4     5  1888   115
 110 1588.5880 1180.9565    18     5     5  1877    58
 111 1600.0525 1181.1899    19     5     5  1940    63
 112 1611.7106 1181.8139    20     5     5  1997    17
 113 1623.0811 1182.0448    17     5     4  1843   449
 114 1634.6273 1182.5251    20     5     5  1998    69
 115 1646.0091 1182.9512    16     4     4  1784   398
 116 1657.3396 1183.2589    20     5     5  1979   100
 117 1668.8170 1183.8670    19     5     5  1909   108
 118 1680.0048 1184.0930    16     4     4  1741   189
 119 1691.2609 1184.6350    19     5     5  1891   156
 120 1702.5573 1184.9901    17     5     4  1758   212
 121 1713.8101 1185.3826    19     5     5  1827   176
 122 1724.9795 1185.8998    15     4     4  1603   224
 123 1736.0229 1186.1159    16     4     5  1628   275
 124 1747.0856 1186.7029    17     4     5  1668   265
 125 1758.1637 1187.0238    16     5     4  1600   282
 126 1769.2110 1187.3205    17     5     5  1580   278
 127 1780.2228 1187.8724    17     5     4  1575   298
 128 1791.1671 1188.0850    16     5     4  1494   329
 129 1802.1355 1188.5184    17     4     5  1503   332
 130 1813.0139 1189.0053    14     4     4  1169   353
 131 1823.8281 1189.3177    12     4     4   792   372
 132 1554.2873 1191.9051    15     4     4  1145   151
 133 1565.9910 1192.1034    15     4     4  1524   377
 134 1577.6241 1192.6056    21     5     5  2073    21
 135 1589.1462 1192.9754    18     5     4  1895    85
 136 1600.8269 1193.3235    19     5     5  1981    18
 137 1612.2597 1193.8774    19     5     5  1978    52
 138 1623.8625 1194.0807    18     5     5  1904   206
 139 1635.2248 1194.6093    19     5     5  1993    77
 140 1646.8042 1195.0040    17     5     4  1846   370
 141 1658.0619 1195.2814    18     5     5  1902    92
 142 1669.5104 1195.8854    18     5     5  1860    75
 143 1680.8762 1196.0758    16     5     4  1757   314
 144 1692.0755 1196.5786    18     5     5  1854   319
 145 1703.3350 1196.9821    17     5     4  1771   192
 146 1714.6156 1197.2630    19     5     5  1832   186
 147 1725.8833 1197.8597    18     5     5  1748   205
 148 1736.9660 1198.0626    15     4     4  1589   306
 149 1748.0426 1198.5049    17     4     5  1659   362
 150 1759.1005 1198.9494    16     5     4  1601   375
 151 1770.1473 1199.1419    17     5     5  1590   327
 152 1781.1940 1199.7239    18     5     5  1619   233
 153 1792.1587 1199.9951    16     5     4  1515   347
 154 1803.1752 1200.2734    16     5     5  1462   356
 155 1814.0991 1200.8073    15     4     4  1199   419
 156 1824.9414 1201.0045    12     4     4   822    -1
 157 1554.9456 1203.9000    15     4     4  1145   198
 158 1566.5667 1204.2509    19     5     5  1745   365
 159 1578.1219 1204.7975    19     5     5  1992   402
 160 1589.8531 1205.0577    18     5     5  1897    87
 161 1601.3523 1205.5347    20     5     5  2036    26
 162 1613.0066 1205.9347    16     4     4  1787   446
 163 1624.5119 1206.1759    19     5     5  1962    -1
 164 1636.0092 1206.7338    17     4     5  1881    55
 165 1647.4620 1207.0065    18     5     4  1901    43
 166 1658.9438 1207.4130    17     4     5  1873    90
 167 1670.2354 1207.9115    17     5     4  1844    84
 168 1681.6493 1208.0846    18     5     5  1858   421
 169 1692.9698 1208.6591    18     4     5  1843   382
 170 1704.1485 1208.9803    17     5     4  1766   164
 171 1715.4403 1209.2520    19     5     5  1821   177
 172 1726.7649 1209.8293    18     5     5  1723   204
 173 1737.9153 1210.0322    15     4     4  1588   266
 174 1749.0006 1210.4227    17     4     5  1665   424
 175 1760.0573 1210.8982    16     5     4  1586   253
 176 1771.1280 1211.0792    17     5     4  1608   259
 177 1782.2016 1211.5339    18     5     5  1607   245
 178 1793.2021 1211.9468    16     5     4  1505   317
 179 1804.1776 1212.1194    16     5     4  1470   334
 180 1815.1556 1212.5879    14     4     5  1121   343
 181 1826.0507 1212.9493    12     4     4   807   373
 182 1555.3462 1216.0889    15     5     4  1127   221
 183 1567.0661 1216.6118    17     4     5  1682    -1
 184 1578.8455 1216.9891    18     5     4  1910    45
 185 1590.4222 1217.2344    20     5     5  2028    48
 186 1602.0333 1217.7478    17     4     5  1887   392
 187 1613.6676 1218.0339    17     5     4  1882   414
 188 1625.1084 1218.4232    19     5     5  1992   142
 189 1636.8035 1218.8789    19     5     5  1945    49
 190 1648.1297 1219.0984    18     5     5  1891    31
 191 1659.6976 1219.5461    20     5     5  1997    57
 192 1671.0328 1219.9397    16     4     4  1746   126
 193 1682.3954 1220.1591    19     5     5  1877   136
 194 1693.8638 1220.7448    17     5     5  1757   418
 195 1705.0435 1220.9915    16     4     4  1685   168
 196 1716.2411 1221.2673    19     5     5  1788   129
 197 1727.5933 1221.8433    18     5     5  1736   173
 198 1738.8134 1222.0263    17     5     4  1686   239
 199 1749.9645 1222.4191    17     4     5  1653   309
 200 1761.0426 1222.8901    15     4     4  1537   273
 201 1772.0905 1223.0595    16     4     4  1540   272
 202 1783.1624 1223.4025    17     5     5  1558   328
 203 1794.2245 1223.8917    17     5     4  1547   293
 204 1805.2273 1224.0801    16     5     4  1493   312
 205 1816.2190 1224.4238    15     4     5  1170   367
 206 1827.1878 1224.8333    11     4     4   739   379
 207 1556.0648 1228.5352    16     4     5  1255   160
 208 1567.8236 1228.9662    16     5     4  1585    -1
 209 1579.3517 1229.1022    20     5     5  2018    24
 210 1591.0377 1229.6085    18     5     5  1960    25
 211 1602.7750 1229.9916    18     5     4  1911   390
 212 1614.2502 1230.1903    21     5     5  2051    -1
 213 1625.9813 1230.7008    17     4     5  1866   423
 214 1637.4144 1230.9746    18     5     4  1905    42
 215 1648.9682 1231.2752    17     4     5  1873    59
 216 1660.3774 1231.7725    19     5     5  1937    39
 217 1671.8930 1232.0282    16     5     4  1739   135
 218 1683.1448 1232.3342    19     5     5  1879   150
 219 1694.6383 1232.8155    17     5     5  1674   437
 220 1705.9483 1233.0471    15     4     4  1620   193
 221 1717.1323 1233.4037    18     5     5  1762   119
 222 1728.4562 1233.8917    17     5     4  1695   175
 223 1739.7213 1234.0538    17     5     4  1686   225
 224 1750.9150 1234.4766    17     4     5  1662   308
 225 1762.0133 1234.9053    15     4     4  1537   439
 226 1773.0899 1235.0473    17     5     4  1601   291
 227 1784.1681 1235.3927    17     5     5  1558   330
 228 1795.2269 1235.8669    17     5     4  1564   270
 229 1806.2440 1236.0530    16     5     4  1507   321
 230 1817.2209 1236.2907    14     4     5  1130   369
 231 1828.2831 1236.7698    11     4     4   739   447
 232 1695.0132 1238.9179    19     4     5  2010   178
 233 1556.6788 1240.9736    15     5     4  1147   134
 234 1568.2432 1241.1135    17     5     5  1621    33
 235 1580.0089 1241.5568    18     4     5  1973     8
 236 1591.7669 1241.9583    19     5     5  1958    10
 237 1603.3166 1242.1162    21     5     5  2053    -1
 238 1615.0138 1242.5907    18     4     5  1947   122
 239 1626.6261 1242.9741    19     5     5  1933   143
 240 1638.0879 1243.1401    18     5     5  1878    34
 241 1649.7689 1243.5906    19     5     5  1943    67
 242 1661.1442 1243.9346    17     5     4  1814    64
 243 1672.6520 1244.1331    19     5     5  1904   110
 244 1684.0280 1244.6003    17     4     5  1797   401
 245 1695.4037 1244.9777    17     5     4  1681   262
 246 1700.4340 1245.0620    11     4     4  1050   349
 247 1706.8415 1245.1375    18     5     5  1758   159
 248 1718.0409 1245.5990    17     4     5  1719   170
 249 1729.3300 1245.9400    17     5     4  1709   167
 250 1740.5827 1246.1000    18     5     5  1710   196
 251 1751.8673 1246.5830    18     5     5  1695   241
 252 1762.9897 1246.9113    15     4     4  1528   352
 253 1774.0553 1247.0752    16     4     4  1551   271
 254 1785.1653 1247.4181    18     5     5  1620   281
 255 1796.2986 1247.8902    17     5     4  1565   295
 256 1807.3295 1248.0483    17     5     4  1554   287
 257 1818.2687 1248.2780    14     4     5  1128   342
 258 1829.3984 1248.7406    11     4     4   737   386
 259 1557.1633 1253.1354    14     4     4  1095   179
 260 1569.0048 1253.6084    16     4     5  1630    15
 261 1580.6468 1253.9581    19     5     5  1965     6
 262 1592.2814 1254.1168    20     5     5  2002    14
 263 1604.0195 1254.5579    18     4     5  1953    -1
 264 1615.7381 1254.9367    19     5     5  1937   116
 265 1627.2284 1255.1022    19     5     5  1933   147
 266 1638.9328 1255.4852    18     5     5  1912    22
 267 1650.4175 1255.9165    19     5     5  1920    36
 268 1661.9480 1256.0820    17     4     5  1783    96
 269 1673.3890 1256.4198    21     5     5  1960    70
 270 1684.9432 1256.8489    17     4     5  1730   420
 271 1696.2010 1257.0238    17     5     4  1713   400
 272 1707.6710 1257.3575    19     5     5  1827   169
 273 1718.9787 1257.8270    16     4     5  1644   180
 274 1730.2048 1258.0157    17     5     4  1680   185
 275 1741.5025 1258.2646    19     5     5  1753   183
 276 1752.8086 1258.7318    17     5     5  1631   231
 277 1763.9625 1258.9742    16     4     4  1574   279
 278 1775.0482 1259.1393    16     4     5  1568   277
 279 1786.2060 1259.5343    18     5     5  1628   268
 280 1797.3380 1259.9058    17     5     4  1572   289
 281 1808.3802 1260.0692    17     5     4  1551   294
 282 1819.3404 1260.3075    15     5     5  1176   333
 283 1830.4412 1260.6658    10     3     4   687   371
 284 1557.9103 1265.8256    14     4     5  1090   130
 285 1569.5063 1265.9918    16     5     4  1589     7
 286 1581.1400 1266.2239    20     5     5  2014    11
 287 1593.0101 1266.6143    18     4     5  1941    12
 288 1604.7427 1266.9732    19     5     5  1939    -1
 289 1616.3359 1267.1203    21     5     5  2043    -1
 290 1628.0087 1267.5388    18     4     5  1930   118
 291 1639.6463 1267.9347    19     5     5  1900    47
 292 1651.1155 1268.0671    18     5     5  1831    51
 293 1662.7785 1268.3903    19     5     5  1916    81
 294 1674.1397 1268.7837    19     5     5  1891    50
 295 1685.7226 1269.0150    17     5     4  1753    94
 296 1697.0421 1269.2508    18     4     5  1791   436
 297 1708.4665 1269.7012    19     5     5  1815   166
 298 1719.8983 1269.9697    17     5     4  1691   187
 299 1731.0700 1270.1389    18     5     5  1728   172
 300 1742.4224 1270.5275    19     5     5  1749   194
 301 1753.7438 1270.9263    17     5     4  1617   215
 302 1764.9388 1271.0344    15     4     4  1534    -1
 303 1776.0456 1271.2651    16     4     5  1579   244
 304 1787.2149 1271.7316    19     5     5  1697   274
 305 1798.3622 1271.9693    17     5     4  1583   311
 306 1809.4529 1272.1100    17     5     4  1550   300
 307 1820.4742 1272.4906    17     5     5  1277   340
 308 1831.4901 1272.7906    11     3     4   753   385
 309 1558.2036 1278.0954    14     4     4  1088    88
 310 1570.0489 1278.4324    16     4     5  1629    16
 311 1581.9232 1278.7804    19     5     5  1952    30
 312 1593.6637 1279.0369    17     5     4  1852    41
 313 1605.2996 1279.2601    22     5     5  2113    -1
 314 1617.0302 1279.6442    17     4     5  1876   425
 315 1628.7897 1279.9507    19     5     5  1913   140
 316 1640.2922 1280.1098    20     5     5  1943   394
 317 1651.9752 1280.4635    18     4     5  1887    72
 318 1663.4978 1280.8637    19     5     5  1871    -1
 319 1675.0084 1281.0252    17     4     5  1743    78
 320 1686.5189 1281.2684    19     5     5  1848    62
 321 1697.9873 1281.7055    18     4     5  1805   243
 322 1709.3059 1281.9597    17     5     4  1731   152
 323 1720.7766 1282.1019    19     5     5  1814   165
 324 1732.0377 1282.4502    18     4     5  1763   207
 325 1743.3507 1282.8362    19     5     5  1774   184
 326 1754.6706 1282.9944    17     5     4  1647   227
 327 1765.9349 1283.1941    16     4     5  1591   335
 328 1777.0590 1283.5804    17     4     5  1621   226
 329 1788.2406 1283.9144    17     5     4  1598   234
 330 1799.4000 1284.0521    18     5     4  1630   247
 331 1810.5714 1284.2759    19     5     5  1664   264
 332 1821.6236 1284.7225    15     5     5  1195   344
 333 1832.5324 1284.8519    11     3     4   766   383
 334 1558.9914 1290.7983    15     4     5  1159   127
 335 1570.7694 1291.0150    17     5     4  1648    46
 336 1582.5010 1291.1660    20     5     5  2045     9
 337 1594.1887 1291.5396    19     5     5  2010    20
 338 1606.0255 1291.8037    18     4     5  1901   407
 339 1617.7732 1292.0413    17     5     4  1842    -1
 340 1629.4426 1292.2704    20     5     5  1993   404
 341 1641.0509 1292.6407    18     5     5  1902    -1
 342 1652.7641 1292.9565    19     5     5  1870   393
 343 1664.1989 1293.0667    19     5     5  1850   397
 344 1675.8775 1293.4155    19     5     5  1885   396
 345 1687.2741 1293.7489    19     5     5  1862    79
 346 1698.8669 1293.9926    17     5     4  1725   117
 347 1710.1305 1294.1410    18     5     5  1758   114
 348 1721.6581 1294.4907    19     5     5  1810   148
 349 1732.9982 1294.8456    16     4     5  1645   218
 350 1744.2295 1294.9976    17     5     4  1678   222
 351 1755.6115 1295.1865    19     5     5  1757   232
 352 1766.9102 1295.5397    17     4     5  1657   254
 353 1778.0450 1295.8496    16     4     5  1578   228
 354 1789.2460 1296.0094    17     5     4  1598   251
 355 1800.4413 1296.1676    19     5     5  1666   248
 356 1811.6503 1296.5520    18     5     5  1612   283
 357 1822.7436 1296.8665    13     4     4  1122   345
 358 1833.5708 1296.8962    12     4     4   812   363
 359 1559.3278 1303.1118    16     5     5  1189   149
 360 1571.1757 1303.5141    19     5     5  1801     4
 361 1583.0796 1303.7662    19     5     5  1987     2
 362 1594.9393 1304.0253    18     5     5  1888    35
 363 1606.7585 1304.2679    19     5     5  2010    60
 364 1618.3888 1304.5920    21     5     5  2093   106
 365 1630.1249 1304.8468    19     5     5  1939    65
 366 1641.8730 1305.0600    18     5     5  1841    -1
 367 1653.4760 1305.2680    20     5     5  1957    -1
 368 1665.0444 1305.6014    19     5     5  1907   101
 369 1676.6889 1305.9321    19     5     5  1834   395
 370 1688.0961 1306.0328    17     5     4  1719   450
 371 1699.6818 1306.3094    19     5     5  1863    -1
 372 1711.0563 1306.6501    17     4     5  1756   132
 373 1722.5202 1306.9306    18     5     5  1743   139
 374 1733.9325 1307.0556    16     4     5  1637   144
 375 1745.1747 1307.2545    19     5     5  1777   182
 376 1756.5982 1307.6146    19     5     5  1744   200
 377 1767.9307 1307.8829    18     5     5  1694   237
 378 1779.0512 1308.0162    17     5     4  1621   235
 379 1790.2732 1308.1749    18     5     5  1632   250
 380 1801.5434 1308.5266    18     5     5  1615   288
 381 1812.7429 1308.8371    18     5     5  1600   304
 382 1823.8245 1308.9245    15     4     4  1240   341
 383 1834.7261 1309.1181    11     4     4   749   366
 384 1560.0390 1315.8902    15     4     4  1160   181
 385 1571.9316 1316.1070    16     4     5  1604    44
 386 1583.8066 1316.3285    19     5     5  2046     1
 387 1595.6037 1316.6505    21     5     5  2120    27
 388 1607.3366 1316.8988    19     5     5  1978    28
 389 1619.1012 1317.0687    18     5     5  1883    80
 390 1630.9326 1317.3196    18     5     5  1931    73
 391 1642.5963 1317.6214    21     5     5  2047   105
 392 1654.1949 1317.8605    19     5     5  1907    -1
 393 1665.9051 1318.0519    18     5     5  1806    -1
 394 1677.4519 1318.2352    20     5     5  1914    -1
 395 1689.0058 1318.5610    18     4     5  1851   406
 396 1700.4866 1318.8463    19     5     5  1848   240
 397 1711.9755 1319.0035    16     4     4  1658   405
 398 1723.3915 1319.1639    21     5     5  1907   128
 399 1734.8818 1319.4568    18     5     5  1780    -1
 400 1746.1488 1319.7651    19     5     5  1810   162
 401 1757.5782 1319.9707    18     5     4  1718   208
 402 1768.9042 1320.0834    17     5     5  1659   318
 403 1780.0633 1320.2557    18     5     5  1690   199
 404 1791.3470 1320.5976    19     5     5  1708   213
 405 1802.6280 1320.8825    18     5     5  1619   238
 406 1813.8315 1320.9856    16     5     4  1527   269
 407 1824.8956 1321.0646    15     4     4  1253   339
 408 1835.8128 1321.3308    13     4     4   845   434
 409 1560.7539 1328.6269    16     5     5  1186   201
 410 1572.5302 1328.8906    19     5     5  1777    32
 411 1584.3637 1328.9800    19     5     5  1977     3
 412 1596.1842 1329.1929    22     5     5  2129    23
 413 1608.0220 1329.4644    19     5     5  2017     5
 414 1619.9330 1329.7260    20     5     5  2000    76
 415 1631.6464 1329.9845    19     5     5  1920    68
 416 1643.2854 1330.0854    20     5     5  1960    89
 417 1654.9934 1330.3524    18     4     5  1889   138
 418 1666.7363 1330.6203    20     5     5  1948   146
 419 1678.2040 1330.8552    19     5     5  1879    -1
 420 1689.8826 1331.0293    17     5     4  1736   415
 421 1701.3326 1331.2009    21     5     5  1946   209
 422 1712.9111 1331.4629    19     5     5  1867    -1
 423 1724.2815 1331.7196    19     5     5  1847    -1
 424 1735.7970 1331.9769    18     5     4  1745    -1
 425 1747.0945 1332.0560    18     5     5  1731    -1
 426 1758.5452 1332.2705    19     5     5  1769    -1
 427 1769.9058 1332.5592    19     5     5  1778   316
 428 1781.0828 1332.7958    17     4     5  1641    -1
 429 1792.4085 1332.9523    17     5     4  1615    -1
 430 1803.6711 1333.0428    17     5     4  1598   426
 431 1814.9076 1333.2072    17     4     5  1591   410
 432 1825.9626 1333.5101    16     4     5  1295   416
 433 1837.0396 1333.7822    12     4     4   802    -1
 434 1561.1708 1341.1883    15     4     5  1151   171
 435 1573.0642 1341.4931    18     5     5  1772    38
 436 1585.0388 1341.6759    18     4     5  1969    19
 437 1596.9406 1341.9132    18     5     5  1919    40
 438 1608.7829 1342.1395    19     5     5  2007    13
 439 1620.6342 1342.3099    19     5     5  2023    37
 440 1632.2917 1342.6051    19     5     5  2006    29
 441 1644.0663 1342.7772    18     5     5  1903    53
 442 1655.8443 1343.0041    19     5     5  1920   104
 443 1667.4806 1343.1581    20     5     5  1977   120
 444 1679.0346 1343.3699    19     5     5  1934    98
 445 1690.7461 1343.6483    21     5     5  2001   448
 446 1702.1920 1343.8502    19     5     5  1898   158
 447 1713.8092 1344.0239    17     5     4  1749    -1
 448 1725.1520 1344.1282    18     5     5  1785    -1
 449 1736.7383 1344.3776    19     5     5  1865   202
 450 1748.0748 1344.6217    19     5     5  1846    -1
 451 1759.4904 1344.8417    19     5     5  1787    -1
 452 1770.8973 1344.9982    17     5     4  1663   417
 453 1782.1042 1345.0894    18     5     5  1711    -1
 454 1793.4355 1345.2458    19     5     5  1725   413
 455 1804.7719 1345.5026    19     5     5  1726   399
 456 1815.9719 1345.7392    17     4     5  1615   408
 457 1826.9960 1345.8972    15     4     4  1256   455
 458 1838.1182 1346.0091    13     4     4   870   381
 459 1561.9171 1353.9171    14     4     4   887   292
 460 1573.8905 1354.0207    16     4     5  1284   284
 461 1585.7798 1354.3698    19     5     5  1672   121
 462 1597.6461 1354.6637    20     5     5  1794   109
 463 1609.4010 1354.8548    19     5     5  1849    56
 464 1621.2463 1354.9429    17     5     4  1796    66
 465 1633.0336 1355.1590    19     5     5  1947    74
 466 1644.9079 1355.3724    19     5     5  1992    82
 467 1656.5815 1355.5855    21     5     5  2068    95
 468 1668.1946 1355.7892    19     5     5  1939    99
 469 1679.9385 1355.9538    18     5     5  1819   113
 470 1691.5426 1356.0981    19     5     5  1888   112
 471 1703.0388 1356.2800    19     5     5  1891   145
 472 1714.6778 1356.5055    19     5     5  1867   161
 473 1726.0905 1356.7528    19     5     5  1856   188
 474 1737.6457 1356.9289    19     5     5  1815   242
 475 1749.0246 1356.9958    17     5     4  1683   249
 476 1760.4512 1357.1427    19     5     5  1770   263
 477 1771.8567 1357.2970    19     5     5  1763   290
 478 1783.1124 1357.5355    18     5     5  1661   305
 479 1794.5157 1357.7709    19     5     5  1585   315
 480 1805.8394 1357.8902    15     4     4  1301   346
 481 1817.0153 1357.9888    14     4     4  1191   354
 482 1828.1305 1358.0663    13     4     4   899   368
 483 1839.3250 1358.4250     9     3     3   490   388
 484 1582.6030 1369.4465   135    28    10  8245   391
 485 1623.2477 1372.1577     7     3     3   461    -1
 486 1815.2105 1373.0208   111    26     6  6631     0
 487 1789.9430 1374.5000     6     2     3   379   389
