485
   0  894.8412 1082.2529     7     3     3   435   453
   1  858.2479 1083.7594    87    24     7  5175   228
   2 1084.3881 1091.8731     5     3     2   384   455
   3  831.2363 1098.1703    16     4     4   891    -1
   4  844.8079 1098.6968    19     5     5  1382    -1
   5  858.2111 1099.1626    20     5     5  1578    -1
   6  871.6385 1099.8878    18     5     5  1622    -1
   7  885.1365 1100.4447    21     5     5  1900    -1
   8  898.5190 1101.0402    21     5     5  1996   450
   9  911.8583 1101.6142    22     6     5  2116   399
  10  925.2601 1102.2046    21     5     5  2113   391
  11  938.4991 1102.8371    21     5     5  2121    -1
  12  951.7116 1103.4533    21     5     5  2184   380
  13  964.9958 1104.0221    22     6     5  2163   376
  14  978.1963 1104.6518    21     5     5  2196    -1
  15  991.3202 1105.2387    22     5     5  2290   368
  16 1004.4234 1105.8569    21     5     5  2238   359
  17 1017.4459 1106.4481    21     5     5  2380   386
  18 1030.4496 1107.0613    20     5     5  2190   351
  19 1043.4211 1107.6519    21     5     5  2393   335
  20 1056.3687 1108.2112    21     5     5  2314   383
  21 1069.2276 1108.8191    20     5     5  2241   332
  22 1082.0474 1109.3774    19     5     5  2141   331
  23 1094.8173 1109.9782    19     5     5  2075   435
  24 1107.6059 1110.4966    21     5     5  2211   304
  25  830.2937 1110.9476    18     5     4  1186    -1
  26 1120.3630 1111.0413    18     5     4  1820   309
  27  843.8324 1111.4986    21     5     5  1781   451
  28 1132.9640 1111.6051    17     4     5  1516   428
  29  857.3677 1112.0553    19     5     5  1827    -1
  30 1145.7949 1112.1034    15     4     4  1045   357
  31  870.7974 1112.7004    22     6     5  2018   374
  32  884.3695 1113.2659    22     5     5  2104    -1
  33  897.7526 1113.8852    20     5     5  1958   371
  34  911.2454 1114.4463    21     5     5  2075   393
  35  924.5442 1115.0100    21     5     5  2046    -1
  36  937.8442 1115.6176    22     6     5  2146   446
  37  951.1877 1116.1783    20     5     5  2063   432
  38  964.4383 1116.7916    22     5     5  2218   448
  39  977.5701 1117.3928    21     5     5  2291   313
  40  990.7484 1117.9544    19     5     5  2057   402
  41 1003.8640 1118.5228    22     5     5  2240   387
  42 1016.9352 1119.0879    21     6     5  2176   292
  43 1029.9918 1119.6831    20     6     5  2163   442
  44 1042.9889 1120.2628    20     6     5  2176   348
  45 1055.9212 1120.8492    20     5     5  2180   239
  46 1068.8331 1121.3944    21     5     5  2290   417
  47 1081.6893 1121.9481    19     5     5  2144   407
  48 1094.5274 1122.4993    21     5     5  2400   233
  49 1107.3317 1123.0448    19     5     5  2156   406
  50 1120.0905 1123.6199    19     5     5  2176   400
  51  829.5107 1123.9714    17     5     4  1130   389
  52 1132.8113 1124.1256    20     5     5  2031   195
  53  820.7073 1124.4146    51     3    42  2632    -1
  54  842.9778 1124.4842    21     6     5  1747   381
  55 1145.4920 1124.8958    18     5     5  1524   291
  56  856.5069 1125.0463    21     5     5  1914   362
  57  870.0518 1125.6278    22     6     5  2008   350
  58  883.5266 1126.2336    22     5     5  2076   329
  59  897.0586 1126.8023    22     6     5  2056   319
  60  910.4700 1127.3790    21     5     5  2149   322
  61  923.8222 1127.9316    20     5     5  1987   298
  62  937.2839 1128.4844    21     5     5  2142   258
  63  950.5104 1129.0616    21     5     5  2106   257
  64  963.7458 1129.6189    22     5     5  2227   234
  65  977.0425 1130.2017    21     6     5  2143   237
  66  990.2563 1130.7861    21     5     5  2207   207
  67 1003.3968 1131.3589    21     5     5  2290   194
  68 1016.4759 1131.8879    21     5     5  2210   189
  69 1029.5297 1132.4451    21     5     5  2398   183
  70 1042.5517 1132.9974    22     5     6  2260   156
  71 1055.5359 1133.5476    21     5     5  2416   140
  72 1068.4731 1134.0849    20     5     5  2190   158
  73 1081.3614 1134.6167    21     5     5  2378   125
  74 1094.2126 1135.1296    20     5     5  2204   170
  75 1107.0547 1135.6936    19     5     5  2138   245
  76 1119.8185 1136.2212    20     5     5  2234    -1
  77 1132.5403 1136.8068    20     5     5  2092    -1
  78  828.6286 1137.0000    16     5     4  1080   443
  79 1145.2083 1137.1717    18     5     5  1500    -1
  80  842.1436 1137.4957    22     6     5  1793   367
  81  855.6382 1138.0561    20     5     5  1883   354
  82  869.3086 1138.6029    22     5     5  2072   388
  83  882.7532 1139.1702    21     5     5  2002   342
  84  896.3350 1139.7436    22     5     5  2118   315
  85  909.6740 1140.3042    22     5     5  2152   310
  86  923.2056 1140.8857    20     5     5  2019   284
  87  936.5323 1141.4106    21     5     5  2225   290
  88  949.8650 1141.9530    20     5     5  2033   328
  89  963.2601 1142.4974    21     5     5  2192   243
  90  976.4584 1143.0723    21     5     5  2156   213
  91  989.6223 1143.5796    21     5     5  2293   180
  92 1002.8128 1144.1473    20     5     5  2151   182
  93 1015.9743 1144.6932    20     6     5  2149   192
  94 1029.0964 1145.2196    21     6     5  2227   236
  95 1042.1468 1145.7761    20     5     5  2206   137
  96 1055.1331 1146.2942    20     5     5  2210   120
  97 1068.1080 1146.8344    20     5     5  2199   116
  98 1081.0017 1147.3369    20     6     5  2208   100
  99 1093.8924 1147.8616    20     5     5  2203   151
 100 1106.7444 1148.3705    21     5     5  2347   175
 101 1119.5445 1148.9035    20     5     5  2259    -1
 102 1132.3229 1149.3948    21     5     5  2219    -1
 103 1145.0240 1149.9332    16     4     4  1384   427
 104  827.6290 1150.0054    16     5     4  1079   385
 105  841.3046 1150.5643    22     5     5  1847   369
 106  854.7849 1151.1098    21     5     5  1924   349
 107  868.4621 1151.6407    22     5     5  2102   320
 108  882.0032 1152.2141    22     6     5  2048   327
 109  895.5255 1152.7253    22     5     5  2121   293
 110  909.0607 1153.2854    21     6     5  2047   296
 111  922.4808 1153.8212    22     5     5  2143   271
 112  935.8489 1154.3775    23     6     5  2219   278
 113  949.2746 1154.9063    21     5     5  2128   251
 114  962.5625 1155.4391    21     5     5  2298   219
 115  975.8373 1155.9600    21     5     6  2150   218
 116  989.1523 1156.4811    24     6     5  2362   171
 117 1002.3336 1157.0217    20     5     6  2154   154
 118 1015.4645 1157.5428    21     5     5  2404   163
 119 1028.5870 1158.0761    20     5     5  2196   152
 120 1041.6334 1158.5754    21     5     5  2377   118
 121 1054.7062 1159.0925    20     5     5  2227    83
 122 1067.6833 1159.5759    21     5     5  2381    76
 123 1080.6275 1160.0981    20     5     5  2239    60
 124 1093.5636 1160.5951    21     5     5  2449   103
 125  818.3571 1160.7857    11     2    10   564    -1
 126 1106.4558 1161.0956    20     5     5  2266   173
 127 1119.3191 1161.5861    21     5     5  2443   426
 128 1132.0510 1162.0287    19     5     5  1979   413
 129 1144.9550 1162.5483    16     4     5  1400    -1
 130  826.6690 1163.0775    18     5     5  1184   377
 131  840.4246 1163.7275    22     5     5  1856   345
 132  853.9693 1164.2475    22     6     5  1995   337
 133  867.5803 1164.7693    22     5     5  2047   318
 134  881.2722 1165.3141    22     5     5  2079   325
 135  894.7360 1165.8401    20     5     5  1979   449
 136  908.3571 1166.3636    22     5     5  2178   297
 137  921.7512 1166.8636    20     5     5  2023   268
 138  935.2788 1167.3976    22     5     5  2203   289
 139  948.5883 1167.8873    22     5     5  2187   217
 140  961.9556 1168.4139    21     6     5  2165   209
 141  975.3016 1168.9109    21     5     5  2184   247
 142  988.5366 1169.4383    21     5     5  2363   176
 143 1001.7667 1169.9450    20     5     5  2155   144
 144 1014.9662 1170.4500    22     6     5  2299   193
 145 1028.1715 1170.9434    20     5     5  2184   143
 146 1041.2937 1171.4677    21     5     5  2349   113
 147 1054.3174 1171.9497    21     5     6  2282   129
 148 1067.3647 1172.4513    21     5     5  2425    74
 149 1080.3045 1172.9222    20     5     5  2253    50
 150 1093.2910 1173.4202    21     5     5  2404    56
 151 1106.1599 1173.8629    20     5     5  2276    94
 152 1119.0172 1174.3471    20     6     5  2282    -1
 153 1131.8718 1174.8493    20     5     5  2065    67
 154 1144.7237 1175.1612    18     5     5  1508   412
 155  825.9164 1176.4181    19     5     5  1243   395
 156  839.5085 1176.9411    20     5     5  1705   384
 157  853.1771 1177.4294    24     6     5  2092   341
 158  866.7644 1177.9300    20     5     5  1900   344
 159  880.4468 1178.4543    21     5     5  2122   336
 160  894.0257 1178.9439    22     6     5  2053   312
 161  907.5256 1179.4487    21     5     5  2181   300
 162  921.1078 1179.9534    22     6     5  2097   303
 163  934.5201 1180.4465    21     5     5  2246   249
 164  947.9539 1180.9310    22     6     5  2151   261
 165  961.4006 1181.4544    21     5     5  2277   254
 166  974.6763 1181.9136    21     5     5  2179   201
 167  987.9935 1182.4242    22     6     5  2261   211
 168 1001.2688 1182.9104    20     5     5  2172   178
 169 1014.4784 1183.4152    21     5     5  2395   135
 170 1027.6387 1183.8654    21     5     5  2276   160
 171 1040.7631 1184.3872    22     5     5  2377   126
 172 1053.8596 1184.8434    20     5     5  2229   410
 173 1066.9329 1185.3139    21     6     5  2302   102
 174 1079.9327 1185.7901    21     6     5  2298    86
 175 1092.9174 1186.2416    20     5     5  2277    47
 176 1105.8574 1186.6962    21     5     5  2365    82
 177 1118.7684 1187.1657    20     5     5  2334    38
 178 1131.6240 1187.6100    21     5     5  2268    81
 179 1144.3574 1187.9942    16     5     4  1403   212
 180  824.8857 1189.7464    18     5     5  1180   397
 181  838.5712 1190.1767    21     5     5  1780   352
 182  852.3450 1190.6267    22     5     5  2055   353
 183  865.9726 1191.1400    22     6     5  2014   339
 184  879.5777 1191.6049    21     5     5  2080   287
 185  893.2689 1192.1411    20     5     5  1978   306
 186  906.7296 1192.5922    22     5     5  2141   286
 187  920.3817 1193.1111    22     5     5  2131   273
 188  933.7820 1193.5673    24     6     5  2285   240
 189  947.3307 1194.0312    22     5     6  2175   246
 190  960.6315 1194.5184    21     5     5  2244   186
 191  974.1504 1195.0000    22     5     6  2184   253
 192  987.4489 1195.4776    21     5     5  2342   200
 193 1000.7028 1195.9273    21     5     6  2199   142
 194 1013.9586 1196.4163    21     6     5  2245   161
 195 1027.1957 1196.8692    20     5     5  2216   139
 196 1040.3890 1197.3712    22     5     5  2451   105
 197 1053.4731 1197.7604    22     5     5  2402   106
 198 1066.5312 1198.2728    21     5     5  2397    75
 199 1079.5587 1198.6574    21     5     5  2448    22
 200 1092.5801 1199.1314    21     5     5  2374    44
 201 1105.5401 1199.5815    21     5     5  2547    58
 202 1118.5000 1200.0230    22     5     6  2448   409
 203 1131.3424 1200.4354    21     5     5  2319    69
 204 1144.1094 1200.9259    16     5     4  1394   150
 205  824.0714 1202.9903    16     4     4  1059   394
 206  837.6270 1203.4975    21     5     5  1853   373
 207  851.4225 1203.9185    22     5     6  1977   314
 208  865.2318 1204.4060    23     5     5  2086   326
 209  878.7805 1204.8754    20     5     5  1927   302
 210  892.4822 1205.3951    21     5     5  2118   262
 211  906.1104 1205.8167    22     6     5  2101   267
 212  919.6097 1206.3282    22     5     5  2212   244
 213  933.2463 1206.7306    22     5     5  2184   208
 214  946.6236 1207.2191    22     5     5  2225   226
 215  960.1404 1207.6336    22     6     5  2215   215
 216  973.5200 1208.1324    22     5     5  2199   177
 217  986.8548 1208.5027    21     5     5  2155   196
 218 1000.2160 1209.0372    21     5     6  2191   166
 219 1013.4751 1209.4751    21     5     5  2415   108
 220 1026.6863 1209.9117    21     5     6  2279   123
 221 1039.8549 1210.3722    21     5     5  2318   121
 222 1053.0568 1210.7832    21     6     5  2300    -1
 223 1066.1945 1211.2363    20     5     5  2316    73
 224 1079.2602 1211.6388    22     5     5  2476    78
 225 1092.2659 1212.0955    20     5     5  2320    37
 226 1105.2757 1212.5069    21     5     5  2490    40
 227 1118.2293 1212.9010    20     5     5  2374     9
 228 1131.0706 1213.3338    19     5     5  2105    65
 229 1143.9854 1213.7913    18     4     5  1518   136
 230  986.5287 1215.1765    25     5     5  2573   128
 231  823.0869 1216.4884    16     4     5  1059   398
 232  836.7451 1216.8487    20     5     5  1714   334
 233  850.5116 1217.3504    22     5     5  2049   338
 234  864.3720 1217.6870    22     5     5  2084   308
 235  878.0632 1218.1895    22     6     5  2050   355
 236  891.6251 1218.6126    22     5     5  2139   285
 237  905.3611 1219.1190    23     5     6  2158   294
 238  918.9365 1219.5029    23     6     5  2190   220
 239  932.4933 1219.9411    22     5     6  2145   223
 240  946.0285 1220.4006    23     6     5  2236   224
 241  959.4841 1220.7747    23     5     5  2282   162
 242  972.9004 1221.2909    22     6     5  2224   179
 243  986.2862 1221.7866    21     5     5  2163   185
 244  992.1940 1221.9590    16     5     4  1434   330
 245  999.6435 1222.1689    22     5     5  2278   227
 246 1012.9570 1222.5702    23     6     5  2360   132
 247 1026.2423 1223.0178    22     5     6  2334    96
 248 1039.4488 1223.4566    21     5     5  2477   110
 249 1052.6080 1223.8194    22     5     5  2415    99
 250 1065.7382 1224.2968    22     5     5  2473    61
 251 1078.8503 1224.6740    21     5     5  2389    53
 252 1091.9011 1225.1110    20     5     5  2324    42
 253 1104.9445 1225.4856    22     6     5  2488    39
 254 1117.9274 1225.8762    21     6     5  2435     7
 255 1130.8700 1226.2983    20     5     5  2200    45
 256 1143.8894 1226.7045    18     5     5  1560    84
 257  822.0866 1229.9843    16     4     4  1054   396
 258  835.8698 1230.2673    20     5     5  1722   375
 259  849.6128 1230.6372    22     5     5  2040   333
 260  863.4672 1231.1514    22     5     5  2015   316
 261  877.3345 1231.5197    22     5     5  2115   288
 262  890.9280 1231.9543    23     6     6  2101   276
 263  904.5480 1232.4303    22     5     5  2204   263
 264  918.2881 1232.7857    22     5     5  2157   225
 265  931.7447 1233.2479    22     5     5  2179   229
 266  945.4096 1233.6014    22     5     5  2273   198
 267  958.8182 1234.1189    20     5     5  2081   206
 268  972.3938 1234.4909    21     5     5  2255   159
 269  985.7097 1234.8877    21     5     6  2185   131
 270  999.1636 1235.3369    22     6     5  2277   127
 271 1012.4752 1235.6739    22     5     5  2388   115
 272 1025.7190 1236.1837    22     5     5  2374    91
 273 1038.9752 1236.5512    23     6     5  2438    93
 274 1052.2494 1236.9515    21     5     6  2339    92
 275 1065.4072 1237.4038    21     5     5  2505    55
 276 1078.5055 1237.6963    21     5     5  2497    43
 277 1091.5766 1238.1418    22     5     5  2510    23
 278 1104.6270 1238.5133    21     5     5  2625    20
 279 1117.6779 1238.8822    22     5     6  2573     5
 280 1130.6134 1239.2739    22     5     5  2431    30
 281 1143.5882 1239.7782    18     5     5  1626   114
 282  821.1515 1243.3939    17     4     5  1114   382
 283  835.0112 1243.7143    21     6     5  1764   405
 284  848.7483 1244.1492    22     5     5  1998   305
 285  862.5596 1244.5342    21     5     5  2074   444
 286  876.4371 1244.9203    22     5     6  2054   252
 287  890.2313 1245.3657    24     6     5  2205   282
 288  903.7964 1245.7609    21     6     5  2062   259
 289  917.5066 1246.2370    23     5     5  2211   216
 290  931.2335 1246.5515    23     6     5  2238   235
 291  944.6775 1246.9572    22     5     6  2176   204
 292  958.3037 1247.4014    22     5     5  2236   184
 293  971.6705 1247.7276    22     5     5  2273   153
 294  985.2068 1248.2051    21     6     5  2230   138
 295  998.5326 1248.5460    21     5     5  2398    98
 296 1011.9183 1248.9612    24     6     6  2412   124
 297 1025.3428 1249.3897    22     5     5  2442    95
 298 1038.5212 1249.6747    21     5     5  2418    62
 299 1051.7727 1250.1526    20     5     5  2324    64
 300 1064.9833 1250.4926    22     6     5  2445    49
 301 1078.1728 1250.8426    20     5     5  2366    26
 302 1091.2665 1251.2481    21     5     5  2519    16
 303 1104.3836 1251.5660    21     5     5  2656    14
 304 1117.4047 1251.9527    22     5     6  2622     0
 305 1130.3653 1252.3157    21     5     5  2461    29
 306 1143.1748 1252.7923    17     5     5  1548   130
 307  820.2031 1256.9688    18     5     5  1156   392
 308  834.1712 1257.2137    21     6     5  1780   356
 309  847.9007 1257.6317    23     6     5  2061   425
 310  861.7489 1258.0346    23     5     6  2074   404
 311  875.5430 1258.4467    22     5     5  2169   260
 312  889.4230 1258.7339    22     5     5  2139   277
 313  903.1394 1259.2123    21     6     5  2065   265
 314  916.6685 1259.5694    23     5     5  2230   232
 315  930.4466 1259.9376    22     5     6  2149   230
 316  944.0541 1260.3578    23     6     5  2240   203
 317  957.5643 1260.6637    22     5     5  2267   169
 318  971.1499 1261.1252    22     6     6  2234   174
 319  984.5372 1261.4962    21     5     5  2367   147
 320  998.0507 1261.8453    22     6     5  2302   109
 321 1011.4567 1262.3330    23     5     5  2467   148
 322 1024.7016 1262.5922    22     5     5  2434    89
 323 1038.1235 1262.9769    24     6     6  2496    72
 324 1051.3977 1263.3928    22     5     5  2537    54
 325 1064.5562 1263.6286    22     5     5  2578    31
 326 1077.7582 1264.0635    22     5     6  2502    32
 327 1090.9093 1264.4014    22     6     5  2561    11
 328 1104.0614 1264.7265    21     6     5  2516    13
 329 1117.1278 1265.1079    21     5     6  2552     1
 330 1130.1214 1265.4595    21     5     5  2434     8
 331 1143.0153 1265.7986    16     4     5  1520    35
 332  819.2638 1270.4373    18     5     5  1171   437
 333  833.2565 1270.8170    21     5     5  1785   430
 334  847.0689 1271.2035    22     6     5  2014   317
 335  860.9154 1271.5543    24     6     5  2158   370
 336  874.7539 1271.9008    22     6     6  2053   343
 337  888.5493 1272.3716    22     5     5  2175   264
 338  902.4119 1272.6108    22     5     5  2201   242
 339  916.0955 1273.0770    24     6     6  2226   270
 340  929.6411 1273.4360    22     5     5  2241   197
 341  943.4056 1273.6879    22     5     5  2255   202
 342  956.9813 1274.1515    22     6     5  2199   191
 343  970.5070 1274.4953    21     5     5  2340   146
 344  984.0317 1274.8238    22     6     5  2283   157
 345  997.4984 1275.3160    23     5     5  2422   172
 346 1010.8737 1275.5685    23     6     5  2405    97
 347 1024.3151 1275.8939    23     5     6  2432   107
 348 1037.5971 1276.3317    22     5     5  2490    80
 349 1050.9107 1276.5786    23     6     5  2499    51
 350 1064.2136 1276.9096    22     5     6  2472    28
 351 1077.4412 1277.3303    22     5     5  2597    34
 352 1090.5667 1277.5661    21     5     5  2654     4
 353 1103.7314 1277.8972    21     5     6  2558    15
 354 1116.8379 1278.2508    21     5     5  2639     2
 355 1129.8613 1278.5568    20     5     5  2373    10
 356 1142.8747 1278.8926    16     4     4  1526    68
 357  818.4389 1284.0916    18     5     4  1162   447
 358  832.3945 1284.4406    21     5     5  1808    -1
 359  846.2560 1284.7386    22     5     5  2022   429
 360  860.1574 1285.1831    22     6     5  2034   378
 361  873.9604 1285.5041    24     6     5  2171   347
 362  887.7414 1285.8162    20     5     5  1990   266
 363  901.5740 1286.2798    22     5     5  2167   280
 364  915.4162 1286.5262    22     5     5  2246   256
 365  929.0491 1286.8686    24     6     6  2269   222
 366  942.6498 1287.3061    22     5     5  2255   214
 367  956.4178 1287.5423    22     5     5  2329   181
 368  969.8820 1287.8977    24     6     6  2344   188
 369  983.4700 1288.3823    22     5     5  2366   187
 370  996.9072 1288.5936    23     6     5  2378   133
 371 1010.4222 1288.9095    24     5     6  2460   117
 372 1023.7363 1289.3179    22     5     5  2429   122
 373 1037.2489 1289.5691    22     5     5  2446    87
 374 1050.4919 1289.8849    24     5     6  2551    88
 375 1063.7624 1290.2851    22     5     5  2510    85
 376 1077.0597 1290.5329    22     6     5  2499    41
 377 1090.2560 1290.8256    22     5     6  2559    27
 378 1103.4571 1291.2022    23     5     5  2688    24
 379 1116.5614 1291.4716    21     5     5  2776     3
 380 1129.5895 1291.7573    21     5     5  2492     6
 381 1142.5860 1292.0070    17     5     4  1641    18
 382  817.4853 1297.8493    18     5     5  1172    -1
 383  831.4138 1298.1744    22     5     5  1831   438
 384  845.4004 1298.4730    22     5     5  2064    -1
 385  859.3304 1298.7528    22     5     5  2073   379
 386  873.1879 1299.1869    21     6     5  2024   324
 387  887.0198 1299.4743    24     6     5  2212   272
 388  900.7842 1299.7676    21     6     5  2074   275
 389  914.5973 1300.1942    23     5     6  2229   250
 390  928.4302 1300.4600    21     5     5  2225   231
 391  942.0336 1300.7619    23     6     5  2265   205
 392  955.6538 1301.1448    23     5     6  2307   199
 393  969.4099 1301.4498    21     5     5  2304   145
 394  982.8175 1301.7141    22     6     5  2319   155
 395  996.4097 1302.0875    23     5     6  2379   134
 396 1009.8265 1302.3982    23     6     5  2427   111
 397 1023.3843 1302.6237    22     5     5  2466    70
 398 1036.6983 1302.9611    22     5     6  2386    90
 399 1050.1051 1303.3071    23     6     5  2482    77
 400 1063.4294 1303.5506    22     5     5  2602    59
 401 1076.6664 1303.8470    22     5     6  2512    52
 402 1089.8871 1304.2001    21     6     5  2494    48
 403 1103.1596 1304.4615    24     6     5  2760    19
 404 1116.3199 1304.6982    22     5     5  2760    17
 405 1129.3208 1305.0181    20     5     6  2384    12
 406 1142.5115 1305.1892    17     5     5  1635    25
 407  816.4831 1311.5338    21     5     5  1346   441
 408  830.4892 1311.8293    22     5     5  1841    -1
 409  844.4382 1312.2719    23     5     5  2088    -1
 410  858.4549 1312.4951    22     5     5  2121   390
 411  872.3750 1312.7266    22     5     5  2124   365
 412  886.2542 1313.1673    21     5     6  2051   321
 413  900.1107 1313.4362    24     6     5  2266   281
 414  913.8368 1313.7336    21     6     5  2116   255
 415  927.6274 1314.0955    24     5     6  2315   221
 416  941.4314 1314.4297    21     5     5  2245   238
 417  955.0832 1314.6355    24     6     5  2366   210
 418  968.6717 1314.9581    22     5     6  2294   167
 419  982.3493 1315.3264    22     5     5  2367   165
 420  995.7709 1315.5496    24     6     5  2470   164
 421 1009.3948 1315.7719    23     5     6  2452   119
 422 1022.7898 1316.1936    23     5     6  2413   112
 423 1036.3605 1316.4639    23     5     5  2534    63
 424 1049.6121 1316.6432    22     5     5  2518    71
 425 1062.9981 1317.0101    24     6     6  2537   101
 426 1076.3567 1317.3334    22     5     5  2607    66
 427 1089.5652 1317.5248    21     5     5  2706    46
 428 1102.8074 1317.7991    22     5     6  2668    21
 429 1116.0339 1318.0847    24     6     6  2835    33
 430 1129.1005 1318.3310    21     5     5  2547    57
 431 1141.9651 1318.6151    16     4     5  1660    79
 432  815.5166 1325.3804    20     5     5  1301   401
 433  829.5697 1325.6082    22     5     5  1904   363
 434  843.5337 1325.9658    24     5     6  2121   366
 435  857.5229 1326.3695    22     5     5  2104   360
 436  871.5037 1326.5213    21     5     5  2128   358
 437  885.4376 1326.7630    23     5     6  2192   323
 438  899.3371 1327.2064    24     5     6  2256   422
 439  913.2155 1327.4418    24     6     5  2300   419
 440  926.9322 1327.6761    22     6     5  2213   274
 441  940.6585 1328.0238    23     5     6  2286   452
 442  954.4248 1328.3881    23     5     5  2374   301
 443  968.1462 1328.5670    24     6     5  2424   241
 444  981.6649 1328.7988    24     5     6  2455   418
 445  995.3210 1329.1939    23     5     6  2424    -1
 446 1008.7487 1329.4323    23     6     5  2465   190
 447 1022.3860 1329.6147    22     5     5  2469   414
 448 1035.7731 1329.9162    22     5     6  2400   416
 449 1049.2566 1330.2588    23     5     6  2510   149
 450 1062.5473 1330.4632    22     5     5  2621   141
 451 1075.9181 1330.7118    22     6     5  2535    -1
 452 1089.2563 1330.9894    22     5     6  2651   168
 453 1102.5035 1331.3074    23     5     5  2848   248
 454 1115.7124 1331.4774    22     5     5  2913    36
 455 1128.8912 1331.7327    21     5     5  2571    -1
 456 1141.9173 1331.9563    16     4     4  1646    -1
 457  815.0818 1338.7545    15     5     4   805   440
 458  828.6313 1339.4188    21     5     5  1530   431
 459  842.6433 1339.6646    20     5     5  1656   403
 460  856.6343 1340.0665    22     5     6  1889   361
 461  870.5862 1340.3924    22     5     5  2132   364
 462  884.5477 1340.5486    21     5     5  2160   372
 463  898.5124 1340.8084    24     5     6  2325   423
 464  912.4270 1341.2466    24     5     6  2364   340
 465  926.3289 1341.4521    24     6     5  2410    -1
 466  940.0367 1341.6616    24     6     5  2413   311
 467  953.6874 1341.9319    23     5     6  2377   299
 468  967.4704 1342.3498    23     5     5  2468   420
 469  981.1677 1342.4727    24     6     5  2518   307
 470  994.6404 1342.6579    22     5     5  2468   283
 471 1008.3390 1342.9736    25     5     6  2635   415
 472 1021.7520 1343.2887    23     6     5  2527   269
 473 1035.3943 1343.5109    22     5     5  2567    -1
 474 1048.7182 1343.7023    22     5     5  2548   295
 475 1062.2345 1343.8860    21     5     6  2436   346
 476 1075.5580 1344.2660    23     5     6  2770    -1
 477 1088.8681 1344.4326    24     6     5  2743    -1
 478 1102.2125 1344.5917    22     5     5  2561    -1
 479 1115.4346 1344.8395    22     5     5  2461   104
 480 1128.5552 1345.0174    18     5     5  1932    -1
 481 1141.8878 1345.1654    15     4     5  1258    -1
 482  842.1291 1356.1038    98    23    10  5690   279
 483 1100.4014 1381.8521    11     2    10   621    -1
 484  968.0652 2041.4130     6     2     3   323    -1
