3001      0.0       150.0     0.0       
3002      75.0      150.0     0.0       
3003      150.0     150.0     0.0       
3004      225.0     150.0     0.0       
3005      300.0     150.0     0.0       
3006      375.0     150.0     0.0       
3007      450.0     150.0     0.0       
3008      525.0     150.0     0.0       
3009      600.0     150.0     0.0       
3010      675.0     150.0     0.0       
3011      750.0     150.0     0.0       
3012      825.0     150.0     0.0       
3013      900.0     150.0     0.0       
3014      975.0     150.0     0.0       
3015      1050.0    150.0     0.0       
3016      1125.0    150.0     0.0       
3017      1200.0    150.0     0.0       
3018      1275.0    150.0     0.0       
3019      1350.0    150.0     0.0       
3020      1425.0    150.0     0.0       
3021      1500.0    150.0     0.0       
3022      1575.0    150.0     0.0       
3023      1650.0    150.0     0.0       
3024      1725.0    150.0     0.0       
3025      1800.0    150.0     0.0       
3026      0.0       225.0     0.0       
3027      75.0      225.0     0.0       
3028      150.0     225.0     0.0       
3029      225.0     225.0     0.0       
3030      300.0     225.0     0.0       
3031      375.0     225.0     0.0       
3032      450.0     225.0     0.0       
3033      525.0     225.0     0.0       
3034      600.0     225.0     0.0       
3035      675.0     225.0     0.0       
3036      750.0     225.0     0.0       
3037      825.0     225.0     0.0       
3038      900.0     225.0     0.0       
3039      975.0     225.0     0.0       
3040      1050.0    225.0     0.0       
3041      1125.0    225.0     0.0       
3042      1200.0    225.0     0.0       
3043      1275.0    225.0     0.0       
3044      1350.0    225.0     0.0       
3045      1425.0    225.0     0.0       
3046      1500.0    225.0     0.0       
3047      1575.0    225.0     0.0       
3048      1650.0    225.0     0.0       
3049      1725.0    225.0     0.0       
3050      1800.0    225.0     0.0       
3051      0.0       300.0     0.0       
3052      75.0      300.0     0.0       
3053      150.0     300.0     0.0       
3054      225.0     300.0     0.0       
3055      300.0     300.0     0.0       
3056      375.0     300.0     0.0       
3057      450.0     300.0     0.0       
3058      525.0     300.0     0.0       
3059      600.0     300.0     0.0       
3060      675.0     300.0     0.0       
3061      750.0     300.0     0.0       
3062      825.0     300.0     0.0       
3063      900.0     300.0     0.0       
3064      975.0     300.0     0.0       
3065      1050.0    300.0     0.0       
3066      1125.0    300.0     0.0       
3067      1200.0    300.0     0.0       
3068      1275.0    300.0     0.0       
3069      1350.0    300.0     0.0       
3070      1425.0    300.0     0.0       
3071      1500.0    300.0     0.0       
3072      1575.0    300.0     0.0       
3073      1650.0    300.0     0.0       
3074      1725.0    300.0     0.0       
3075      1800.0    300.0     0.0       
3076      0.0       375.0     0.0       
3077      75.0      375.0     0.0       
3078      150.0     375.0     0.0       
3079      225.0     375.0     0.0       
3080      300.0     375.0     0.0       
3081      375.0     375.0     0.0       
3082      450.0     375.0     0.0       
3083      525.0     375.0     0.0       
3084      600.0     375.0     0.0       
3085      675.0     375.0     0.0       
3086      750.0     375.0     0.0       
3087      825.0     375.0     0.0       
3088      900.0     375.0     0.0       
3089      975.0     375.0     0.0       
3090      1050.0    375.0     0.0       
3091      1125.0    375.0     0.0       
3092      1200.0    375.0     0.0       
3093      1275.0    375.0     0.0       
3094      1350.0    375.0     0.0       
3095      1425.0    375.0     0.0       
3096      1500.0    375.0     0.0       
3097      1575.0    375.0     0.0       
3098      1650.0    375.0     0.0       
3099      1725.0    375.0     0.0       
3100      1800.0    375.0     0.0       
3101      0.0       450.0     0.0       
3102      75.0      450.0     0.0       
3103      150.0     450.0     0.0       
3104      225.0     450.0     0.0       
3105      300.0     450.0     0.0       
3106      375.0     450.0     0.0       
3107      450.0     450.0     0.0       
3108      525.0     450.0     0.0       
3109      600.0     450.0     0.0       
3110      675.0     450.0     0.0       
3111      750.0     450.0     0.0       
3112      825.0     450.0     0.0       
3113      900.0     450.0     0.0       
3114      975.0     450.0     0.0       
3115      1050.0    450.0     0.0       
3116      1125.0    450.0     0.0       
3117      1200.0    450.0     0.0       
3118      1275.0    450.0     0.0       
3119      1350.0    450.0     0.0       
3120      1425.0    450.0     0.0       
3121      1500.0    450.0     0.0       
3122      1575.0    450.0     0.0       
3123      1650.0    450.0     0.0       
3124      1725.0    450.0     0.0       
3125      1800.0    450.0     0.0       
3126      0.0       525.0     0.0       
3127      75.0      525.0     0.0       
3128      150.0     525.0     0.0       
3129      225.0     525.0     0.0       
3130      300.0     525.0     0.0       
3131      375.0     525.0     0.0       
3132      450.0     525.0     0.0       
3133      525.0     525.0     0.0       
3134      600.0     525.0     0.0       
3135      675.0     525.0     0.0       
3136      750.0     525.0     0.0       
3137      825.0     525.0     0.0       
3138      900.0     525.0     0.0       
3139      975.0     525.0     0.0       
3140      1050.0    525.0     0.0       
3141      1125.0    525.0     0.0       
3142      1200.0    525.0     0.0       
3143      1275.0    525.0     0.0       
3144      1350.0    525.0     0.0       
3145      1425.0    525.0     0.0       
3146      1500.0    525.0     0.0       
3147      1575.0    525.0     0.0       
3148      1650.0    525.0     0.0       
3149      1725.0    525.0     0.0       
3150      1800.0    525.0     0.0       
3151      0.0       600.0     0.0       
3152      75.0      600.0     0.0       
3153      150.0     600.0     0.0       
3154      225.0     600.0     0.0       
3155      300.0     600.0     0.0       
3156      375.0     600.0     0.0       
3157      450.0     600.0     0.0       
3158      525.0     600.0     0.0       
3159      600.0     600.0     0.0       
3160      675.0     600.0     0.0       
3161      750.0     600.0     0.0       
3162      825.0     600.0     0.0       
3163      900.0     600.0     0.0       
3164      975.0     600.0     0.0       
3165      1050.0    600.0     0.0       
3166      1125.0    600.0     0.0       
3167      1200.0    600.0     0.0       
3168      1275.0    600.0     0.0       
3169      1350.0    600.0     0.0       
3170      1425.0    600.0     0.0       
3171      1500.0    600.0     0.0       
3172      1575.0    600.0     0.0       
3173      1650.0    600.0     0.0       
3174      1725.0    600.0     0.0       
3175      1800.0    600.0     0.0       
3176      0.0       675.0     0.0       
3177      75.0      675.0     0.0       
3178      150.0     675.0     0.0       
3179      225.0     675.0     0.0       
3180      300.0     675.0     0.0       
3181      375.0     675.0     0.0       
3182      450.0     675.0     0.0       
3183      525.0     675.0     0.0       
3184      600.0     675.0     0.0       
3185      675.0     675.0     0.0       
3186      750.0     675.0     0.0       
3187      825.0     675.0     0.0       
3188      900.0     675.0     0.0       
3189      975.0     675.0     0.0       
3190      1050.0    675.0     0.0       
3191      1125.0    675.0     0.0       
3192      1200.0    675.0     0.0       
3193      1275.0    675.0     0.0       
3194      1350.0    675.0     0.0       
3195      1425.0    675.0     0.0       
3196      1500.0    675.0     0.0       
3197      1575.0    675.0     0.0       
3198      1650.0    675.0     0.0       
3199      1725.0    675.0     0.0       
3200      1800.0    675.0     0.0       
3201      0.0       750.0     0.0       
3202      75.0      750.0     0.0       
3203      150.0     750.0     0.0       
3204      225.0     750.0     0.0       
3205      300.0     750.0     0.0       
3206      375.0     750.0     0.0       
3207      450.0     750.0     0.0       
3208      525.0     750.0     0.0       
3209      600.0     750.0     0.0       
3210      675.0     750.0     0.0       
3211      750.0     750.0     0.0       
3212      825.0     750.0     0.0       
3213      900.0     750.0     0.0       
3214      975.0     750.0     0.0       
3215      1050.0    750.0     0.0       
3216      1125.0    750.0     0.0       
3217      1200.0    750.0     0.0       
3218      1275.0    750.0     0.0       
3219      1350.0    750.0     0.0       
3220      1425.0    750.0     0.0       
3221      1500.0    750.0     0.0       
3222      1575.0    750.0     0.0       
3223      1650.0    750.0     0.0       
3224      1725.0    750.0     0.0       
3225      1800.0    750.0     0.0       
3226      0.0       825.0     0.0       
3227      75.0      825.0     0.0       
3228      150.0     825.0     0.0       
3229      225.0     825.0     0.0       
3230      300.0     825.0     0.0       
3231      375.0     825.0     0.0       
3232      450.0     825.0     0.0       
3233      525.0     825.0     0.0       
3234      600.0     825.0     0.0       
3235      675.0     825.0     0.0       
3236      750.0     825.0     0.0       
3237      825.0     825.0     0.0       
3238      900.0     825.0     0.0       
3239      975.0     825.0     0.0       
3240      1050.0    825.0     0.0       
3241      1125.0    825.0     0.0       
3242      1200.0    825.0     0.0       
3243      1275.0    825.0     0.0       
3244      1350.0    825.0     0.0       
3245      1425.0    825.0     0.0       
3246      1500.0    825.0     0.0       
3247      1575.0    825.0     0.0       
3248      1650.0    825.0     0.0       
3249      1725.0    825.0     0.0       
3250      1800.0    825.0     0.0       
3251      0.0       900.0     0.0       
3252      75.0      900.0     0.0       
3253      150.0     900.0     0.0       
3254      225.0     900.0     0.0       
3255      300.0     900.0     0.0       
3256      375.0     900.0     0.0       
3257      450.0     900.0     0.0       
3258      525.0     900.0     0.0       
3259      600.0     900.0     0.0       
3260      675.0     900.0     0.0       
3261      750.0     900.0     0.0       
3262      825.0     900.0     0.0       
3263      900.0     900.0     0.0       
3264      975.0     900.0     0.0       
3265      1050.0    900.0     0.0       
3266      1125.0    900.0     0.0       
3267      1200.0    900.0     0.0       
3268      1275.0    900.0     0.0       
3269      1350.0    900.0     0.0       
3270      1425.0    900.0     0.0       
3271      1500.0    900.0     0.0       
3272      1575.0    900.0     0.0       
3273      1650.0    900.0     0.0       
3274      1725.0    900.0     0.0       
3275      1800.0    900.0     0.0       
3276      0.0       975.0     0.0       
3277      75.0      975.0     0.0       
3278      150.0     975.0     0.0       
3279      225.0     975.0     0.0       
3280      300.0     975.0     0.0       
3281      375.0     975.0     0.0       
3282      450.0     975.0     0.0       
3283      525.0     975.0     0.0       
3284      600.0     975.0     0.0       
3285      675.0     975.0     0.0       
3286      750.0     975.0     0.0       
3287      825.0     975.0     0.0       
3288      900.0     975.0     0.0       
3289      975.0     975.0     0.0       
3290      1050.0    975.0     0.0       
3291      1125.0    975.0     0.0       
3292      1200.0    975.0     0.0       
3293      1275.0    975.0     0.0       
3294      1350.0    975.0     0.0       
3295      1425.0    975.0     0.0       
3296      1500.0    975.0     0.0       
3297      1575.0    975.0     0.0       
3298      1650.0    975.0     0.0       
3299      1725.0    975.0     0.0       
3300      1800.0    975.0     0.0       
3301      0.0       1050.0    0.0       
3302      75.0      1050.0    0.0       
3303      150.0     1050.0    0.0       
3304      225.0     1050.0    0.0       
3305      300.0     1050.0    0.0       
3306      375.0     1050.0    0.0       
3307      450.0     1050.0    0.0       
3308      525.0     1050.0    0.0       
3309      600.0     1050.0    0.0       
3310      675.0     1050.0    0.0       
3311      750.0     1050.0    0.0       
3312      825.0     1050.0    0.0       
3313      900.0     1050.0    0.0       
3314      975.0     1050.0    0.0       
3315      1050.0    1050.0    0.0       
3316      1125.0    1050.0    0.0       
3317      1200.0    1050.0    0.0       
3318      1275.0    1050.0    0.0       
3319      1350.0    1050.0    0.0       
3320      1425.0    1050.0    0.0       
3321      1500.0    1050.0    0.0       
3322      1575.0    1050.0    0.0       
3323      1650.0    1050.0    0.0       
3324      1725.0    1050.0    0.0       
3325      1800.0    1050.0    0.0       
3326      0.0       1125.0    0.0       
3327      75.0      1125.0    0.0       
3328      150.0     1125.0    0.0       
3329      225.0     1125.0    0.0       
3330      300.0     1125.0    0.0       
3331      375.0     1125.0    0.0       
3332      450.0     1125.0    0.0       
3333      525.0     1125.0    0.0       
3334      600.0     1125.0    0.0       
3335      675.0     1125.0    0.0       
3336      750.0     1125.0    0.0       
3337      825.0     1125.0    0.0       
3338      900.0     1125.0    0.0       
3339      975.0     1125.0    0.0       
3340      1050.0    1125.0    0.0       
3341      1125.0    1125.0    0.0       
3342      1200.0    1125.0    0.0       
3343      1275.0    1125.0    0.0       
3344      1350.0    1125.0    0.0       
3345      1425.0    1125.0    0.0       
3346      1500.0    1125.0    0.0       
3347      1575.0    1125.0    0.0       
3348      1650.0    1125.0    0.0       
3349      1725.0    1125.0    0.0       
3350      1800.0    1125.0    0.0       
3351      0.0       1200.0    0.0       
3352      75.0      1200.0    0.0       
3353      150.0     1200.0    0.0       
3354      225.0     1200.0    0.0       
3355      300.0     1200.0    0.0       
3356      375.0     1200.0    0.0       
3357      450.0     1200.0    0.0       
3358      525.0     1200.0    0.0       
3359      600.0     1200.0    0.0       
3360      675.0     1200.0    0.0       
3361      750.0     1200.0    0.0       
3362      825.0     1200.0    0.0       
3363      900.0     1200.0    0.0       
3364      975.0     1200.0    0.0       
3365      1050.0    1200.0    0.0       
3366      1125.0    1200.0    0.0       
3367      1200.0    1200.0    0.0       
3368      1275.0    1200.0    0.0       
3369      1350.0    1200.0    0.0       
3370      1425.0    1200.0    0.0       
3371      1500.0    1200.0    0.0       
3372      1575.0    1200.0    0.0       
3373      1650.0    1200.0    0.0       
3374      1725.0    1200.0    0.0       
3375      1800.0    1200.0    0.0       
3376      0.0       1275.0    0.0       
3377      75.0      1275.0    0.0       
3378      150.0     1275.0    0.0       
3379      225.0     1275.0    0.0       
3380      300.0     1275.0    0.0       
3381      375.0     1275.0    0.0       
3382      450.0     1275.0    0.0       
3383      525.0     1275.0    0.0       
3384      600.0     1275.0    0.0       
3385      675.0     1275.0    0.0       
3386      750.0     1275.0    0.0       
3387      825.0     1275.0    0.0       
3388      900.0     1275.0    0.0       
3389      975.0     1275.0    0.0       
3390      1050.0    1275.0    0.0       
3391      1125.0    1275.0    0.0       
3392      1200.0    1275.0    0.0       
3393      1275.0    1275.0    0.0       
3394      1350.0    1275.0    0.0       
3395      1425.0    1275.0    0.0       
3396      1500.0    1275.0    0.0       
3397      1575.0    1275.0    0.0       
3398      1650.0    1275.0    0.0       
3399      1725.0    1275.0    0.0       
3400      1800.0    1275.0    0.0       