# x,y,X,Y,Z
8.000000000000000000e+01 1.499000000000000000e+03 0.000000000000000000e+00 0.000000000000000000e+00 1.500000000000000000e+02
1.330000000000000000e+02 1.500000000000000000e+03 7.500000000000000000e+01 0.000000000000000000e+00 1.500000000000000000e+02
1.880000000000000000e+02 1.501000000000000000e+03 1.500000000000000000e+02 0.000000000000000000e+00 1.500000000000000000e+02
2.430000000000000000e+02 1.503000000000000000e+03 2.250000000000000000e+02 0.000000000000000000e+00 1.500000000000000000e+02
2.980000000000000000e+02 1.504000000000000000e+03 3.000000000000000000e+02 0.000000000000000000e+00 1.500000000000000000e+02
3.550000000000000000e+02 1.506000000000000000e+03 3.750000000000000000e+02 0.000000000000000000e+00 1.500000000000000000e+02
4.120000000000000000e+02 1.507000000000000000e+03 4.500000000000000000e+02 0.000000000000000000e+00 1.500000000000000000e+02
4.700000000000000000e+02 1.508000000000000000e+03 5.250000000000000000e+02 0.000000000000000000e+00 1.500000000000000000e+02
5.290000000000000000e+02 1.510000000000000000e+03 6.000000000000000000e+02 0.000000000000000000e+00 1.500000000000000000e+02
5.890000000000000000e+02 1.511000000000000000e+03 6.750000000000000000e+02 0.000000000000000000e+00 1.500000000000000000e+02
6.490000000000000000e+02 1.512000000000000000e+03 7.500000000000000000e+02 0.000000000000000000e+00 1.500000000000000000e+02
7.110000000000000000e+02 1.514000000000000000e+03 8.250000000000000000e+02 0.000000000000000000e+00 1.500000000000000000e+02
7.730000000000000000e+02 1.515000000000000000e+03 9.000000000000000000e+02 0.000000000000000000e+00 1.500000000000000000e+02
8.360000000000000000e+02 1.516000000000000000e+03 9.750000000000000000e+02 0.000000000000000000e+00 1.500000000000000000e+02
8.990000000000000000e+02 1.517000000000000000e+03 1.050000000000000000e+03 0.000000000000000000e+00 1.500000000000000000e+02
9.640000000000000000e+02 1.519000000000000000e+03 1.125000000000000000e+03 0.000000000000000000e+00 1.500000000000000000e+02
1.029000000000000000e+03 1.520000000000000000e+03 1.200000000000000000e+03 0.000000000000000000e+00 1.500000000000000000e+02
1.095000000000000000e+03 1.521000000000000000e+03 1.275000000000000000e+03 0.000000000000000000e+00 1.500000000000000000e+02
1.163000000000000000e+03 1.523000000000000000e+03 1.350000000000000000e+03 0.000000000000000000e+00 1.500000000000000000e+02
1.230000000000000000e+03 1.524000000000000000e+03 1.425000000000000000e+03 0.000000000000000000e+00 1.500000000000000000e+02
1.299000000000000000e+03 1.525000000000000000e+03 1.500000000000000000e+03 0.000000000000000000e+00 1.500000000000000000e+02
1.369000000000000000e+03 1.526000000000000000e+03 1.575000000000000000e+03 0.000000000000000000e+00 1.500000000000000000e+02
1.440000000000000000e+03 1.527000000000000000e+03 1.650000000000000000e+03 0.000000000000000000e+00 1.500000000000000000e+02
1.511000000000000000e+03 1.529000000000000000e+03 1.725000000000000000e+03 0.000000000000000000e+00 1.500000000000000000e+02
1.584000000000000000e+03 1.530000000000000000e+03 1.800000000000000000e+03 0.000000000000000000e+00 1.500000000000000000e+02
8.100000000000000000e+01 1.431000000000000000e+03 0.000000000000000000e+00 0.000000000000000000e+00 2.250000000000000000e+02
1.340000000000000000e+02 1.432000000000000000e+03 7.500000000000000000e+01 0.000000000000000000e+00 2.250000000000000000e+02
1.890000000000000000e+02 1.433000000000000000e+03 1.500000000000000000e+02 0.000000000000000000e+00 2.250000000000000000e+02
2.440000000000000000e+02 1.434000000000000000e+03 2.250000000000000000e+02 0.000000000000000000e+00 2.250000000000000000e+02
3.000000000000000000e+02 1.435000000000000000e+03 3.000000000000000000e+02 0.000000000000000000e+00 2.250000000000000000e+02
3.560000000000000000e+02 1.436000000000000000e+03 3.750000000000000000e+02 0.000000000000000000e+00 2.250000000000000000e+02
4.130000000000000000e+02 1.437000000000000000e+03 4.500000000000000000e+02 0.000000000000000000e+00 2.250000000000000000e+02
4.710000000000000000e+02 1.438000000000000000e+03 5.250000000000000000e+02 0.000000000000000000e+00 2.250000000000000000e+02
5.300000000000000000e+02 1.439000000000000000e+03 6.000000000000000000e+02 0.000000000000000000e+00 2.250000000000000000e+02
5.900000000000000000e+02 1.440000000000000000e+03 6.750000000000000000e+02 0.000000000000000000e+00 2.250000000000000000e+02
6.500000000000000000e+02 1.440000000000000000e+03 7.500000000000000000e+02 0.000000000000000000e+00 2.250000000000000000e+02
7.110000000000000000e+02 1.441000000000000000e+03 8.250000000000000000e+02 0.000000000000000000e+00 2.250000000000000000e+02
7.740000000000000000e+02 1.442000000000000000e+03 9.000000000000000000e+02 0.000000000000000000e+00 2.250000000000000000e+02
8.360000000000000000e+02 1.443000000000000000e+03 9.750000000000000000e+02 0.000000000000000000e+00 2.250000000000000000e+02
9.000000000000000000e+02 1.444000000000000000e+03 1.050000000000000000e+03 0.000000000000000000e+00 2.250000000000000000e+02
9.650000000000000000e+02 1.445000000000000000e+03 1.125000000000000000e+03 0.000000000000000000e+00 2.250000000000000000e+02
1.030000000000000000e+03 1.445000000000000000e+03 1.200000000000000000e+03 0.000000000000000000e+00 2.250000000000000000e+02
1.096000000000000000e+03 1.446000000000000000e+03 1.275000000000000000e+03 0.000000000000000000e+00 2.250000000000000000e+02
1.163000000000000000e+03 1.447000000000000000e+03 1.350000000000000000e+03 0.000000000000000000e+00 2.250000000000000000e+02
1.231000000000000000e+03 1.448000000000000000e+03 1.425000000000000000e+03 0.000000000000000000e+00 2.250000000000000000e+02
1.299000000000000000e+03 1.448000000000000000e+03 1.500000000000000000e+03 0.000000000000000000e+00 2.250000000000000000e+02
1.369000000000000000e+03 1.449000000000000000e+03 1.575000000000000000e+03 0.000000000000000000e+00 2.250000000000000000e+02
1.440000000000000000e+03 1.450000000000000000e+03 1.650000000000000000e+03 0.000000000000000000e+00 2.250000000000000000e+02
1.511000000000000000e+03 1.450000000000000000e+03 1.725000000000000000e+03 0.000000000000000000e+00 2.250000000000000000e+02
1.584000000000000000e+03 1.451000000000000000e+03 1.800000000000000000e+03 0.000000000000000000e+00 2.250000000000000000e+02
8.200000000000000000e+01 1.364000000000000000e+03 0.000000000000000000e+00 0.000000000000000000e+00 3.000000000000000000e+02
1.360000000000000000e+02 1.365000000000000000e+03 7.500000000000000000e+01 0.000000000000000000e+00 3.000000000000000000e+02
1.900000000000000000e+02 1.365000000000000000e+03 1.500000000000000000e+02 0.000000000000000000e+00 3.000000000000000000e+02
2.450000000000000000e+02 1.366000000000000000e+03 2.250000000000000000e+02 0.000000000000000000e+00 3.000000000000000000e+02
3.010000000000000000e+02 1.366000000000000000e+03 3.000000000000000000e+02 0.000000000000000000e+00 3.000000000000000000e+02
3.570000000000000000e+02 1.367000000000000000e+03 3.750000000000000000e+02 0.000000000000000000e+00 3.000000000000000000e+02
4.140000000000000000e+02 1.367000000000000000e+03 4.500000000000000000e+02 0.000000000000000000e+00 3.000000000000000000e+02
4.720000000000000000e+02 1.367000000000000000e+03 5.250000000000000000e+02 0.000000000000000000e+00 3.000000000000000000e+02
5.310000000000000000e+02 1.368000000000000000e+03 6.000000000000000000e+02 0.000000000000000000e+00 3.000000000000000000e+02
5.910000000000000000e+02 1.368000000000000000e+03 6.750000000000000000e+02 0.000000000000000000e+00 3.000000000000000000e+02
6.510000000000000000e+02 1.369000000000000000e+03 7.500000000000000000e+02 0.000000000000000000e+00 3.000000000000000000e+02
7.120000000000000000e+02 1.369000000000000000e+03 8.250000000000000000e+02 0.000000000000000000e+00 3.000000000000000000e+02
7.740000000000000000e+02 1.370000000000000000e+03 9.000000000000000000e+02 0.000000000000000000e+00 3.000000000000000000e+02
8.370000000000000000e+02 1.370000000000000000e+03 9.750000000000000000e+02 0.000000000000000000e+00 3.000000000000000000e+02
9.010000000000000000e+02 1.370000000000000000e+03 1.050000000000000000e+03 0.000000000000000000e+00 3.000000000000000000e+02
9.650000000000000000e+02 1.371000000000000000e+03 1.125000000000000000e+03 0.000000000000000000e+00 3.000000000000000000e+02
1.030000000000000000e+03 1.371000000000000000e+03 1.200000000000000000e+03 0.000000000000000000e+00 3.000000000000000000e+02
1.096000000000000000e+03 1.371000000000000000e+03 1.275000000000000000e+03 0.000000000000000000e+00 3.000000000000000000e+02
1.163000000000000000e+03 1.372000000000000000e+03 1.350000000000000000e+03 0.000000000000000000e+00 3.000000000000000000e+02
1.231000000000000000e+03 1.372000000000000000e+03 1.425000000000000000e+03 0.000000000000000000e+00 3.000000000000000000e+02
1.300000000000000000e+03 1.372000000000000000e+03 1.500000000000000000e+03 0.000000000000000000e+00 3.000000000000000000e+02
1.369000000000000000e+03 1.372000000000000000e+03 1.575000000000000000e+03 0.000000000000000000e+00 3.000000000000000000e+02
1.440000000000000000e+03 1.372000000000000000e+03 1.650000000000000000e+03 0.000000000000000000e+00 3.000000000000000000e+02
1.511000000000000000e+03 1.373000000000000000e+03 1.725000000000000000e+03 0.000000000000000000e+00 3.000000000000000000e+02
1.584000000000000000e+03 1.373000000000000000e+03 1.800000000000000000e+03 0.000000000000000000e+00 3.000000000000000000e+02
8.300000000000000000e+01 1.297000000000000000e+03 0.000000000000000000e+00 0.000000000000000000e+00 3.750000000000000000e+02
1.370000000000000000e+02 1.297000000000000000e+03 7.500000000000000000e+01 0.000000000000000000e+00 3.750000000000000000e+02
1.910000000000000000e+02 1.297000000000000000e+03 1.500000000000000000e+02 0.000000000000000000e+00 3.750000000000000000e+02
2.460000000000000000e+02 1.297000000000000000e+03 2.250000000000000000e+02 0.000000000000000000e+00 3.750000000000000000e+02
3.020000000000000000e+02 1.297000000000000000e+03 3.000000000000000000e+02 0.000000000000000000e+00 3.750000000000000000e+02
3.580000000000000000e+02 1.297000000000000000e+03 3.750000000000000000e+02 0.000000000000000000e+00 3.750000000000000000e+02
4.150000000000000000e+02 1.297000000000000000e+03 4.500000000000000000e+02 0.000000000000000000e+00 3.750000000000000000e+02
4.730000000000000000e+02 1.297000000000000000e+03 5.250000000000000000e+02 0.000000000000000000e+00 3.750000000000000000e+02
5.320000000000000000e+02 1.297000000000000000e+03 6.000000000000000000e+02 0.000000000000000000e+00 3.750000000000000000e+02
5.920000000000000000e+02 1.297000000000000000e+03 6.750000000000000000e+02 0.000000000000000000e+00 3.750000000000000000e+02
6.520000000000000000e+02 1.297000000000000000e+03 7.500000000000000000e+02 0.000000000000000000e+00 3.750000000000000000e+02
7.130000000000000000e+02 1.297000000000000000e+03 8.250000000000000000e+02 0.000000000000000000e+00 3.750000000000000000e+02
7.750000000000000000e+02 1.297000000000000000e+03 9.000000000000000000e+02 0.000000000000000000e+00 3.750000000000000000e+02
8.380000000000000000e+02 1.297000000000000000e+03 9.750000000000000000e+02 0.000000000000000000e+00 3.750000000000000000e+02
9.010000000000000000e+02 1.297000000000000000e+03 1.050000000000000000e+03 0.000000000000000000e+00 3.750000000000000000e+02
9.660000000000000000e+02 1.297000000000000000e+03 1.125000000000000000e+03 0.000000000000000000e+00 3.750000000000000000e+02
1.031000000000000000e+03 1.297000000000000000e+03 1.200000000000000000e+03 0.000000000000000000e+00 3.750000000000000000e+02
1.097000000000000000e+03 1.296000000000000000e+03 1.275000000000000000e+03 0.000000000000000000e+00 3.750000000000000000e+02
1.164000000000000000e+03 1.296000000000000000e+03 1.350000000000000000e+03 0.000000000000000000e+00 3.750000000000000000e+02
1.231000000000000000e+03 1.296000000000000000e+03 1.425000000000000000e+03 0.000000000000000000e+00 3.750000000000000000e+02
1.300000000000000000e+03 1.296000000000000000e+03 1.500000000000000000e+03 0.000000000000000000e+00 3.750000000000000000e+02
1.370000000000000000e+03 1.295000000000000000e+03 1.575000000000000000e+03 0.000000000000000000e+00 3.750000000000000000e+02
1.440000000000000000e+03 1.295000000000000000e+03 1.650000000000000000e+03 0.000000000000000000e+00 3.750000000000000000e+02
1.511000000000000000e+03 1.295000000000000000e+03 1.725000000000000000e+03 0.000000000000000000e+00 3.750000000000000000e+02
1.584000000000000000e+03 1.294000000000000000e+03 1.800000000000000000e+03 0.000000000000000000e+00 3.750000000000000000e+02
8.500000000000000000e+01 1.230000000000000000e+03 0.000000000000000000e+00 0.000000000000000000e+00 4.500000000000000000e+02
1.380000000000000000e+02 1.229000000000000000e+03 7.500000000000000000e+01 0.000000000000000000e+00 4.500000000000000000e+02
1.920000000000000000e+02 1.229000000000000000e+03 1.500000000000000000e+02 0.000000000000000000e+00 4.500000000000000000e+02
2.470000000000000000e+02 1.229000000000000000e+03 2.250000000000000000e+02 0.000000000000000000e+00 4.500000000000000000e+02
3.030000000000000000e+02 1.228000000000000000e+03 3.000000000000000000e+02 0.000000000000000000e+00 4.500000000000000000e+02
3.590000000000000000e+02 1.228000000000000000e+03 3.750000000000000000e+02 0.000000000000000000e+00 4.500000000000000000e+02
4.170000000000000000e+02 1.228000000000000000e+03 4.500000000000000000e+02 0.000000000000000000e+00 4.500000000000000000e+02
4.740000000000000000e+02 1.227000000000000000e+03 5.250000000000000000e+02 0.000000000000000000e+00 4.500000000000000000e+02
5.330000000000000000e+02 1.227000000000000000e+03 6.000000000000000000e+02 0.000000000000000000e+00 4.500000000000000000e+02
5.930000000000000000e+02 1.226000000000000000e+03 6.750000000000000000e+02 0.000000000000000000e+00 4.500000000000000000e+02
6.530000000000000000e+02 1.226000000000000000e+03 7.500000000000000000e+02 0.000000000000000000e+00 4.500000000000000000e+02
7.140000000000000000e+02 1.225000000000000000e+03 8.250000000000000000e+02 0.000000000000000000e+00 4.500000000000000000e+02
7.760000000000000000e+02 1.225000000000000000e+03 9.000000000000000000e+02 0.000000000000000000e+00 4.500000000000000000e+02
8.380000000000000000e+02 1.224000000000000000e+03 9.750000000000000000e+02 0.000000000000000000e+00 4.500000000000000000e+02
9.020000000000000000e+02 1.224000000000000000e+03 1.050000000000000000e+03 0.000000000000000000e+00 4.500000000000000000e+02
9.660000000000000000e+02 1.223000000000000000e+03 1.125000000000000000e+03 0.000000000000000000e+00 4.500000000000000000e+02
1.031000000000000000e+03 1.222000000000000000e+03 1.200000000000000000e+03 0.000000000000000000e+00 4.500000000000000000e+02
1.097000000000000000e+03 1.222000000000000000e+03 1.275000000000000000e+03 0.000000000000000000e+00 4.500000000000000000e+02
1.164000000000000000e+03 1.221000000000000000e+03 1.350000000000000000e+03 0.000000000000000000e+00 4.500000000000000000e+02
1.232000000000000000e+03 1.220000000000000000e+03 1.425000000000000000e+03 0.000000000000000000e+00 4.500000000000000000e+02
1.300000000000000000e+03 1.220000000000000000e+03 1.500000000000000000e+03 0.000000000000000000e+00 4.500000000000000000e+02
1.370000000000000000e+03 1.219000000000000000e+03 1.575000000000000000e+03 0.000000000000000000e+00 4.500000000000000000e+02
1.440000000000000000e+03 1.218000000000000000e+03 1.650000000000000000e+03 0.000000000000000000e+00 4.500000000000000000e+02
1.511000000000000000e+03 1.217000000000000000e+03 1.725000000000000000e+03 0.000000000000000000e+00 4.500000000000000000e+02
1.583000000000000000e+03 1.216000000000000000e+03 1.800000000000000000e+03 0.000000000000000000e+00 4.500000000000000000e+02
8.600000000000000000e+01 1.163000000000000000e+03 0.000000000000000000e+00 0.000000000000000000e+00 5.250000000000000000e+02
1.390000000000000000e+02 1.162000000000000000e+03 7.500000000000000000e+01 0.000000000000000000e+00 5.250000000000000000e+02
1.940000000000000000e+02 1.161000000000000000e+03 1.500000000000000000e+02 0.000000000000000000e+00 5.250000000000000000e+02
2.490000000000000000e+02 1.160000000000000000e+03 2.250000000000000000e+02 0.000000000000000000e+00 5.250000000000000000e+02
3.040000000000000000e+02 1.160000000000000000e+03 3.000000000000000000e+02 0.000000000000000000e+00 5.250000000000000000e+02
3.600000000000000000e+02 1.159000000000000000e+03 3.750000000000000000e+02 0.000000000000000000e+00 5.250000000000000000e+02
4.180000000000000000e+02 1.158000000000000000e+03 4.500000000000000000e+02 0.000000000000000000e+00 5.250000000000000000e+02
4.750000000000000000e+02 1.157000000000000000e+03 5.250000000000000000e+02 0.000000000000000000e+00 5.250000000000000000e+02
5.340000000000000000e+02 1.156000000000000000e+03 6.000000000000000000e+02 0.000000000000000000e+00 5.250000000000000000e+02
5.930000000000000000e+02 1.155000000000000000e+03 6.750000000000000000e+02 0.000000000000000000e+00 5.250000000000000000e+02
6.540000000000000000e+02 1.154000000000000000e+03 7.500000000000000000e+02 0.000000000000000000e+00 5.250000000000000000e+02
7.150000000000000000e+02 1.153000000000000000e+03 8.250000000000000000e+02 0.000000000000000000e+00 5.250000000000000000e+02
7.770000000000000000e+02 1.152000000000000000e+03 9.000000000000000000e+02 0.000000000000000000e+00 5.250000000000000000e+02
8.390000000000000000e+02 1.151000000000000000e+03 9.750000000000000000e+02 0.000000000000000000e+00 5.250000000000000000e+02
9.030000000000000000e+02 1.150000000000000000e+03 1.050000000000000000e+03 0.000000000000000000e+00 5.250000000000000000e+02
9.670000000000000000e+02 1.149000000000000000e+03 1.125000000000000000e+03 0.000000000000000000e+00 5.250000000000000000e+02
1.032000000000000000e+03 1.148000000000000000e+03 1.200000000000000000e+03 0.000000000000000000e+00 5.250000000000000000e+02
1.098000000000000000e+03 1.147000000000000000e+03 1.275000000000000000e+03 0.000000000000000000e+00 5.250000000000000000e+02
1.164000000000000000e+03 1.146000000000000000e+03 1.350000000000000000e+03 0.000000000000000000e+00 5.250000000000000000e+02
1.232000000000000000e+03 1.145000000000000000e+03 1.425000000000000000e+03 0.000000000000000000e+00 5.250000000000000000e+02
1.300000000000000000e+03 1.144000000000000000e+03 1.500000000000000000e+03 0.000000000000000000e+00 5.250000000000000000e+02
1.370000000000000000e+03 1.142000000000000000e+03 1.575000000000000000e+03 0.000000000000000000e+00 5.250000000000000000e+02
1.440000000000000000e+03 1.141000000000000000e+03 1.650000000000000000e+03 0.000000000000000000e+00 5.250000000000000000e+02
1.511000000000000000e+03 1.140000000000000000e+03 1.725000000000000000e+03 0.000000000000000000e+00 5.250000000000000000e+02
1.583000000000000000e+03 1.138000000000000000e+03 1.800000000000000000e+03 0.000000000000000000e+00 5.250000000000000000e+02
8.700000000000000000e+01 1.096000000000000000e+03 0.000000000000000000e+00 0.000000000000000000e+00 6.000000000000000000e+02
1.410000000000000000e+02 1.095000000000000000e+03 7.500000000000000000e+01 0.000000000000000000e+00 6.000000000000000000e+02
1.950000000000000000e+02 1.093000000000000000e+03 1.500000000000000000e+02 0.000000000000000000e+00 6.000000000000000000e+02
2.500000000000000000e+02 1.092000000000000000e+03 2.250000000000000000e+02 0.000000000000000000e+00 6.000000000000000000e+02
3.050000000000000000e+02 1.091000000000000000e+03 3.000000000000000000e+02 0.000000000000000000e+00 6.000000000000000000e+02
3.620000000000000000e+02 1.090000000000000000e+03 3.750000000000000000e+02 0.000000000000000000e+00 6.000000000000000000e+02
4.190000000000000000e+02 1.088000000000000000e+03 4.500000000000000000e+02 0.000000000000000000e+00 6.000000000000000000e+02
4.760000000000000000e+02 1.087000000000000000e+03 5.250000000000000000e+02 0.000000000000000000e+00 6.000000000000000000e+02
5.350000000000000000e+02 1.086000000000000000e+03 6.000000000000000000e+02 0.000000000000000000e+00 6.000000000000000000e+02
5.940000000000000000e+02 1.084000000000000000e+03 6.750000000000000000e+02 0.000000000000000000e+00 6.000000000000000000e+02
6.550000000000000000e+02 1.083000000000000000e+03 7.500000000000000000e+02 0.000000000000000000e+00 6.000000000000000000e+02
7.150000000000000000e+02 1.082000000000000000e+03 8.250000000000000000e+02 0.000000000000000000e+00 6.000000000000000000e+02
7.770000000000000000e+02 1.080000000000000000e+03 9.000000000000000000e+02 0.000000000000000000e+00 6.000000000000000000e+02
8.400000000000000000e+02 1.079000000000000000e+03 9.750000000000000000e+02 0.000000000000000000e+00 6.000000000000000000e+02
9.030000000000000000e+02 1.077000000000000000e+03 1.050000000000000000e+03 0.000000000000000000e+00 6.000000000000000000e+02
9.670000000000000000e+02 1.076000000000000000e+03 1.125000000000000000e+03 0.000000000000000000e+00 6.000000000000000000e+02
1.032000000000000000e+03 1.074000000000000000e+03 1.200000000000000000e+03 0.000000000000000000e+00 6.000000000000000000e+02
1.098000000000000000e+03 1.073000000000000000e+03 1.275000000000000000e+03 0.000000000000000000e+00 6.000000000000000000e+02
1.165000000000000000e+03 1.071000000000000000e+03 1.350000000000000000e+03 0.000000000000000000e+00 6.000000000000000000e+02
1.232000000000000000e+03 1.069000000000000000e+03 1.425000000000000000e+03 0.000000000000000000e+00 6.000000000000000000e+02
1.301000000000000000e+03 1.068000000000000000e+03 1.500000000000000000e+03 0.000000000000000000e+00 6.000000000000000000e+02
1.370000000000000000e+03 1.066000000000000000e+03 1.575000000000000000e+03 0.000000000000000000e+00 6.000000000000000000e+02
1.440000000000000000e+03 1.064000000000000000e+03 1.650000000000000000e+03 0.000000000000000000e+00 6.000000000000000000e+02
1.511000000000000000e+03 1.062000000000000000e+03 1.725000000000000000e+03 0.000000000000000000e+00 6.000000000000000000e+02
1.583000000000000000e+03 1.060000000000000000e+03 1.800000000000000000e+03 0.000000000000000000e+00 6.000000000000000000e+02
8.900000000000000000e+01 1.029000000000000000e+03 0.000000000000000000e+00 0.000000000000000000e+00 6.750000000000000000e+02
1.420000000000000000e+02 1.028000000000000000e+03 7.500000000000000000e+01 0.000000000000000000e+00 6.750000000000000000e+02
1.960000000000000000e+02 1.026000000000000000e+03 1.500000000000000000e+02 0.000000000000000000e+00 6.750000000000000000e+02
2.510000000000000000e+02 1.024000000000000000e+03 2.250000000000000000e+02 0.000000000000000000e+00 6.750000000000000000e+02
3.060000000000000000e+02 1.023000000000000000e+03 3.000000000000000000e+02 0.000000000000000000e+00 6.750000000000000000e+02
3.630000000000000000e+02 1.021000000000000000e+03 3.750000000000000000e+02 0.000000000000000000e+00 6.750000000000000000e+02
4.200000000000000000e+02 1.019000000000000000e+03 4.500000000000000000e+02 0.000000000000000000e+00 6.750000000000000000e+02
4.780000000000000000e+02 1.017000000000000000e+03 5.250000000000000000e+02 0.000000000000000000e+00 6.750000000000000000e+02
5.360000000000000000e+02 1.016000000000000000e+03 6.000000000000000000e+02 0.000000000000000000e+00 6.750000000000000000e+02
5.950000000000000000e+02 1.014000000000000000e+03 6.750000000000000000e+02 0.000000000000000000e+00 6.750000000000000000e+02
6.550000000000000000e+02 1.012000000000000000e+03 7.500000000000000000e+02 0.000000000000000000e+00 6.750000000000000000e+02
7.160000000000000000e+02 1.010000000000000000e+03 8.250000000000000000e+02 0.000000000000000000e+00 6.750000000000000000e+02
7.780000000000000000e+02 1.008000000000000000e+03 9.000000000000000000e+02 0.000000000000000000e+00 6.750000000000000000e+02
8.410000000000000000e+02 1.006000000000000000e+03 9.750000000000000000e+02 0.000000000000000000e+00 6.750000000000000000e+02
9.040000000000000000e+02 1.004000000000000000e+03 1.050000000000000000e+03 0.000000000000000000e+00 6.750000000000000000e+02
9.680000000000000000e+02 1.002000000000000000e+03 1.125000000000000000e+03 0.000000000000000000e+00 6.750000000000000000e+02
1.033000000000000000e+03 1.000000000000000000e+03 1.200000000000000000e+03 0.000000000000000000e+00 6.750000000000000000e+02
1.099000000000000000e+03 9.980000000000000000e+02 1.275000000000000000e+03 0.000000000000000000e+00 6.750000000000000000e+02
1.165000000000000000e+03 9.960000000000000000e+02 1.350000000000000000e+03 0.000000000000000000e+00 6.750000000000000000e+02
1.232000000000000000e+03 9.940000000000000000e+02 1.425000000000000000e+03 0.000000000000000000e+00 6.750000000000000000e+02
1.301000000000000000e+03 9.920000000000000000e+02 1.500000000000000000e+03 0.000000000000000000e+00 6.750000000000000000e+02
1.370000000000000000e+03 9.900000000000000000e+02 1.575000000000000000e+03 0.000000000000000000e+00 6.750000000000000000e+02
1.440000000000000000e+03 9.870000000000000000e+02 1.650000000000000000e+03 0.000000000000000000e+00 6.750000000000000000e+02
1.511000000000000000e+03 9.850000000000000000e+02 1.725000000000000000e+03 0.000000000000000000e+00 6.750000000000000000e+02
1.583000000000000000e+03 9.830000000000000000e+02 1.800000000000000000e+03 0.000000000000000000e+00 6.750000000000000000e+02
9.000000000000000000e+01 9.620000000000000000e+02 0.000000000000000000e+00 0.000000000000000000e+00 7.500000000000000000e+02
1.430000000000000000e+02 9.600000000000000000e+02 7.500000000000000000e+01 0.000000000000000000e+00 7.500000000000000000e+02
1.970000000000000000e+02 9.580000000000000000e+02 1.500000000000000000e+02 0.000000000000000000e+00 7.500000000000000000e+02
2.520000000000000000e+02 9.560000000000000000e+02 2.250000000000000000e+02 0.000000000000000000e+00 7.500000000000000000e+02
3.080000000000000000e+02 9.540000000000000000e+02 3.000000000000000000e+02 0.000000000000000000e+00 7.500000000000000000e+02
3.640000000000000000e+02 9.520000000000000000e+02 3.750000000000000000e+02 0.000000000000000000e+00 7.500000000000000000e+02
4.210000000000000000e+02 9.500000000000000000e+02 4.500000000000000000e+02 0.000000000000000000e+00 7.500000000000000000e+02
4.790000000000000000e+02 9.480000000000000000e+02 5.250000000000000000e+02 0.000000000000000000e+00 7.500000000000000000e+02
5.370000000000000000e+02 9.460000000000000000e+02 6.000000000000000000e+02 0.000000000000000000e+00 7.500000000000000000e+02
5.960000000000000000e+02 9.430000000000000000e+02 6.750000000000000000e+02 0.000000000000000000e+00 7.500000000000000000e+02
6.560000000000000000e+02 9.410000000000000000e+02 7.500000000000000000e+02 0.000000000000000000e+00 7.500000000000000000e+02
7.170000000000000000e+02 9.390000000000000000e+02 8.250000000000000000e+02 0.000000000000000000e+00 7.500000000000000000e+02
7.790000000000000000e+02 9.360000000000000000e+02 9.000000000000000000e+02 0.000000000000000000e+00 7.500000000000000000e+02
8.410000000000000000e+02 9.340000000000000000e+02 9.750000000000000000e+02 0.000000000000000000e+00 7.500000000000000000e+02
9.040000000000000000e+02 9.320000000000000000e+02 1.050000000000000000e+03 0.000000000000000000e+00 7.500000000000000000e+02
9.690000000000000000e+02 9.290000000000000000e+02 1.125000000000000000e+03 0.000000000000000000e+00 7.500000000000000000e+02
1.033000000000000000e+03 9.270000000000000000e+02 1.200000000000000000e+03 0.000000000000000000e+00 7.500000000000000000e+02
1.099000000000000000e+03 9.240000000000000000e+02 1.275000000000000000e+03 0.000000000000000000e+00 7.500000000000000000e+02
1.165000000000000000e+03 9.220000000000000000e+02 1.350000000000000000e+03 0.000000000000000000e+00 7.500000000000000000e+02
1.233000000000000000e+03 9.190000000000000000e+02 1.425000000000000000e+03 0.000000000000000000e+00 7.500000000000000000e+02
1.301000000000000000e+03 9.160000000000000000e+02 1.500000000000000000e+03 0.000000000000000000e+00 7.500000000000000000e+02
1.370000000000000000e+03 9.140000000000000000e+02 1.575000000000000000e+03 0.000000000000000000e+00 7.500000000000000000e+02
1.440000000000000000e+03 9.110000000000000000e+02 1.650000000000000000e+03 0.000000000000000000e+00 7.500000000000000000e+02
1.511000000000000000e+03 9.080000000000000000e+02 1.725000000000000000e+03 0.000000000000000000e+00 7.500000000000000000e+02
1.583000000000000000e+03 9.050000000000000000e+02 1.800000000000000000e+03 0.000000000000000000e+00 7.500000000000000000e+02
9.100000000000000000e+01 8.960000000000000000e+02 0.000000000000000000e+00 0.000000000000000000e+00 8.250000000000000000e+02
1.450000000000000000e+02 8.930000000000000000e+02 7.500000000000000000e+01 0.000000000000000000e+00 8.250000000000000000e+02
1.990000000000000000e+02 8.910000000000000000e+02 1.500000000000000000e+02 0.000000000000000000e+00 8.250000000000000000e+02
2.530000000000000000e+02 8.880000000000000000e+02 2.250000000000000000e+02 0.000000000000000000e+00 8.250000000000000000e+02
3.090000000000000000e+02 8.860000000000000000e+02 3.000000000000000000e+02 0.000000000000000000e+00 8.250000000000000000e+02
3.650000000000000000e+02 8.830000000000000000e+02 3.750000000000000000e+02 0.000000000000000000e+00 8.250000000000000000e+02
4.220000000000000000e+02 8.810000000000000000e+02 4.500000000000000000e+02 0.000000000000000000e+00 8.250000000000000000e+02
4.800000000000000000e+02 8.780000000000000000e+02 5.250000000000000000e+02 0.000000000000000000e+00 8.250000000000000000e+02
5.380000000000000000e+02 8.760000000000000000e+02 6.000000000000000000e+02 0.000000000000000000e+00 8.250000000000000000e+02
5.970000000000000000e+02 8.730000000000000000e+02 6.750000000000000000e+02 0.000000000000000000e+00 8.250000000000000000e+02
6.570000000000000000e+02 8.700000000000000000e+02 7.500000000000000000e+02 0.000000000000000000e+00 8.250000000000000000e+02
7.180000000000000000e+02 8.670000000000000000e+02 8.250000000000000000e+02 0.000000000000000000e+00 8.250000000000000000e+02
7.800000000000000000e+02 8.650000000000000000e+02 9.000000000000000000e+02 0.000000000000000000e+00 8.250000000000000000e+02
8.420000000000000000e+02 8.620000000000000000e+02 9.750000000000000000e+02 0.000000000000000000e+00 8.250000000000000000e+02
9.050000000000000000e+02 8.590000000000000000e+02 1.050000000000000000e+03 0.000000000000000000e+00 8.250000000000000000e+02
9.690000000000000000e+02 8.560000000000000000e+02 1.125000000000000000e+03 0.000000000000000000e+00 8.250000000000000000e+02
1.034000000000000000e+03 8.530000000000000000e+02 1.200000000000000000e+03 0.000000000000000000e+00 8.250000000000000000e+02
1.099000000000000000e+03 8.500000000000000000e+02 1.275000000000000000e+03 0.000000000000000000e+00 8.250000000000000000e+02
1.166000000000000000e+03 8.470000000000000000e+02 1.350000000000000000e+03 0.000000000000000000e+00 8.250000000000000000e+02
1.233000000000000000e+03 8.440000000000000000e+02 1.425000000000000000e+03 0.000000000000000000e+00 8.250000000000000000e+02
1.301000000000000000e+03 8.410000000000000000e+02 1.500000000000000000e+03 0.000000000000000000e+00 8.250000000000000000e+02
1.370000000000000000e+03 8.380000000000000000e+02 1.575000000000000000e+03 0.000000000000000000e+00 8.250000000000000000e+02
1.440000000000000000e+03 8.350000000000000000e+02 1.650000000000000000e+03 0.000000000000000000e+00 8.250000000000000000e+02
1.511000000000000000e+03 8.310000000000000000e+02 1.725000000000000000e+03 0.000000000000000000e+00 8.250000000000000000e+02
1.583000000000000000e+03 8.280000000000000000e+02 1.800000000000000000e+03 0.000000000000000000e+00 8.250000000000000000e+02
9.300000000000000000e+01 8.290000000000000000e+02 0.000000000000000000e+00 0.000000000000000000e+00 9.000000000000000000e+02
1.460000000000000000e+02 8.270000000000000000e+02 7.500000000000000000e+01 0.000000000000000000e+00 9.000000000000000000e+02
2.000000000000000000e+02 8.240000000000000000e+02 1.500000000000000000e+02 0.000000000000000000e+00 9.000000000000000000e+02
2.550000000000000000e+02 8.210000000000000000e+02 2.250000000000000000e+02 0.000000000000000000e+00 9.000000000000000000e+02
3.100000000000000000e+02 8.180000000000000000e+02 3.000000000000000000e+02 0.000000000000000000e+00 9.000000000000000000e+02
3.660000000000000000e+02 8.150000000000000000e+02 3.750000000000000000e+02 0.000000000000000000e+00 9.000000000000000000e+02
4.230000000000000000e+02 8.120000000000000000e+02 4.500000000000000000e+02 0.000000000000000000e+00 9.000000000000000000e+02
4.810000000000000000e+02 8.090000000000000000e+02 5.250000000000000000e+02 0.000000000000000000e+00 9.000000000000000000e+02
5.390000000000000000e+02 8.060000000000000000e+02 6.000000000000000000e+02 0.000000000000000000e+00 9.000000000000000000e+02
5.980000000000000000e+02 8.030000000000000000e+02 6.750000000000000000e+02 0.000000000000000000e+00 9.000000000000000000e+02
6.580000000000000000e+02 7.990000000000000000e+02 7.500000000000000000e+02 0.000000000000000000e+00 9.000000000000000000e+02
7.190000000000000000e+02 7.960000000000000000e+02 8.250000000000000000e+02 0.000000000000000000e+00 9.000000000000000000e+02
7.800000000000000000e+02 7.930000000000000000e+02 9.000000000000000000e+02 0.000000000000000000e+00 9.000000000000000000e+02
8.430000000000000000e+02 7.900000000000000000e+02 9.750000000000000000e+02 0.000000000000000000e+00 9.000000000000000000e+02
9.060000000000000000e+02 7.870000000000000000e+02 1.050000000000000000e+03 0.000000000000000000e+00 9.000000000000000000e+02
9.700000000000000000e+02 7.830000000000000000e+02 1.125000000000000000e+03 0.000000000000000000e+00 9.000000000000000000e+02
1.034000000000000000e+03 7.800000000000000000e+02 1.200000000000000000e+03 0.000000000000000000e+00 9.000000000000000000e+02
1.100000000000000000e+03 7.760000000000000000e+02 1.275000000000000000e+03 0.000000000000000000e+00 9.000000000000000000e+02
1.166000000000000000e+03 7.730000000000000000e+02 1.350000000000000000e+03 0.000000000000000000e+00 9.000000000000000000e+02
1.233000000000000000e+03 7.690000000000000000e+02 1.425000000000000000e+03 0.000000000000000000e+00 9.000000000000000000e+02
1.301000000000000000e+03 7.660000000000000000e+02 1.500000000000000000e+03 0.000000000000000000e+00 9.000000000000000000e+02
1.370000000000000000e+03 7.620000000000000000e+02 1.575000000000000000e+03 0.000000000000000000e+00 9.000000000000000000e+02
1.440000000000000000e+03 7.580000000000000000e+02 1.650000000000000000e+03 0.000000000000000000e+00 9.000000000000000000e+02
1.511000000000000000e+03 7.550000000000000000e+02 1.725000000000000000e+03 0.000000000000000000e+00 9.000000000000000000e+02
1.582000000000000000e+03 7.510000000000000000e+02 1.800000000000000000e+03 0.000000000000000000e+00 9.000000000000000000e+02
9.400000000000000000e+01 7.630000000000000000e+02 0.000000000000000000e+00 0.000000000000000000e+00 9.750000000000000000e+02
1.470000000000000000e+02 7.600000000000000000e+02 7.500000000000000000e+01 0.000000000000000000e+00 9.750000000000000000e+02
2.010000000000000000e+02 7.570000000000000000e+02 1.500000000000000000e+02 0.000000000000000000e+00 9.750000000000000000e+02
2.560000000000000000e+02 7.530000000000000000e+02 2.250000000000000000e+02 0.000000000000000000e+00 9.750000000000000000e+02
3.110000000000000000e+02 7.500000000000000000e+02 3.000000000000000000e+02 0.000000000000000000e+00 9.750000000000000000e+02
3.670000000000000000e+02 7.460000000000000000e+02 3.750000000000000000e+02 0.000000000000000000e+00 9.750000000000000000e+02
4.240000000000000000e+02 7.430000000000000000e+02 4.500000000000000000e+02 0.000000000000000000e+00 9.750000000000000000e+02
4.820000000000000000e+02 7.400000000000000000e+02 5.250000000000000000e+02 0.000000000000000000e+00 9.750000000000000000e+02
5.400000000000000000e+02 7.360000000000000000e+02 6.000000000000000000e+02 0.000000000000000000e+00 9.750000000000000000e+02
5.990000000000000000e+02 7.330000000000000000e+02 6.750000000000000000e+02 0.000000000000000000e+00 9.750000000000000000e+02
6.590000000000000000e+02 7.290000000000000000e+02 7.500000000000000000e+02 0.000000000000000000e+00 9.750000000000000000e+02
7.200000000000000000e+02 7.250000000000000000e+02 8.250000000000000000e+02 0.000000000000000000e+00 9.750000000000000000e+02
7.810000000000000000e+02 7.220000000000000000e+02 9.000000000000000000e+02 0.000000000000000000e+00 9.750000000000000000e+02
8.430000000000000000e+02 7.180000000000000000e+02 9.750000000000000000e+02 0.000000000000000000e+00 9.750000000000000000e+02
9.060000000000000000e+02 7.140000000000000000e+02 1.050000000000000000e+03 0.000000000000000000e+00 9.750000000000000000e+02
9.700000000000000000e+02 7.100000000000000000e+02 1.125000000000000000e+03 0.000000000000000000e+00 9.750000000000000000e+02
1.035000000000000000e+03 7.070000000000000000e+02 1.200000000000000000e+03 0.000000000000000000e+00 9.750000000000000000e+02
1.100000000000000000e+03 7.030000000000000000e+02 1.275000000000000000e+03 0.000000000000000000e+00 9.750000000000000000e+02
1.166000000000000000e+03 6.990000000000000000e+02 1.350000000000000000e+03 0.000000000000000000e+00 9.750000000000000000e+02
1.233000000000000000e+03 6.950000000000000000e+02 1.425000000000000000e+03 0.000000000000000000e+00 9.750000000000000000e+02
1.301000000000000000e+03 6.910000000000000000e+02 1.500000000000000000e+03 0.000000000000000000e+00 9.750000000000000000e+02
1.370000000000000000e+03 6.870000000000000000e+02 1.575000000000000000e+03 0.000000000000000000e+00 9.750000000000000000e+02
1.440000000000000000e+03 6.820000000000000000e+02 1.650000000000000000e+03 0.000000000000000000e+00 9.750000000000000000e+02
1.510000000000000000e+03 6.780000000000000000e+02 1.725000000000000000e+03 0.000000000000000000e+00 9.750000000000000000e+02
1.582000000000000000e+03 6.740000000000000000e+02 1.800000000000000000e+03 0.000000000000000000e+00 9.750000000000000000e+02
9.500000000000000000e+01 6.970000000000000000e+02 0.000000000000000000e+00 0.000000000000000000e+00 1.050000000000000000e+03
1.490000000000000000e+02 6.930000000000000000e+02 7.500000000000000000e+01 0.000000000000000000e+00 1.050000000000000000e+03
2.030000000000000000e+02 6.890000000000000000e+02 1.500000000000000000e+02 0.000000000000000000e+00 1.050000000000000000e+03
2.570000000000000000e+02 6.860000000000000000e+02 2.250000000000000000e+02 0.000000000000000000e+00 1.050000000000000000e+03
3.130000000000000000e+02 6.820000000000000000e+02 3.000000000000000000e+02 0.000000000000000000e+00 1.050000000000000000e+03
3.690000000000000000e+02 6.780000000000000000e+02 3.750000000000000000e+02 0.000000000000000000e+00 1.050000000000000000e+03
4.250000000000000000e+02 6.740000000000000000e+02 4.500000000000000000e+02 0.000000000000000000e+00 1.050000000000000000e+03
4.830000000000000000e+02 6.710000000000000000e+02 5.250000000000000000e+02 0.000000000000000000e+00 1.050000000000000000e+03
5.410000000000000000e+02 6.670000000000000000e+02 6.000000000000000000e+02 0.000000000000000000e+00 1.050000000000000000e+03
6.000000000000000000e+02 6.630000000000000000e+02 6.750000000000000000e+02 0.000000000000000000e+00 1.050000000000000000e+03
6.600000000000000000e+02 6.590000000000000000e+02 7.500000000000000000e+02 0.000000000000000000e+00 1.050000000000000000e+03
7.200000000000000000e+02 6.550000000000000000e+02 8.250000000000000000e+02 0.000000000000000000e+00 1.050000000000000000e+03
7.820000000000000000e+02 6.500000000000000000e+02 9.000000000000000000e+02 0.000000000000000000e+00 1.050000000000000000e+03
8.440000000000000000e+02 6.460000000000000000e+02 9.750000000000000000e+02 0.000000000000000000e+00 1.050000000000000000e+03
9.070000000000000000e+02 6.420000000000000000e+02 1.050000000000000000e+03 0.000000000000000000e+00 1.050000000000000000e+03
9.710000000000000000e+02 6.380000000000000000e+02 1.125000000000000000e+03 0.000000000000000000e+00 1.050000000000000000e+03
1.035000000000000000e+03 6.340000000000000000e+02 1.200000000000000000e+03 0.000000000000000000e+00 1.050000000000000000e+03
1.101000000000000000e+03 6.290000000000000000e+02 1.275000000000000000e+03 0.000000000000000000e+00 1.050000000000000000e+03
1.167000000000000000e+03 6.250000000000000000e+02 1.350000000000000000e+03 0.000000000000000000e+00 1.050000000000000000e+03
1.234000000000000000e+03 6.200000000000000000e+02 1.425000000000000000e+03 0.000000000000000000e+00 1.050000000000000000e+03
1.301000000000000000e+03 6.160000000000000000e+02 1.500000000000000000e+03 0.000000000000000000e+00 1.050000000000000000e+03
1.370000000000000000e+03 6.110000000000000000e+02 1.575000000000000000e+03 0.000000000000000000e+00 1.050000000000000000e+03
1.440000000000000000e+03 6.070000000000000000e+02 1.650000000000000000e+03 0.000000000000000000e+00 1.050000000000000000e+03
1.510000000000000000e+03 6.020000000000000000e+02 1.725000000000000000e+03 0.000000000000000000e+00 1.050000000000000000e+03
1.582000000000000000e+03 5.970000000000000000e+02 1.800000000000000000e+03 0.000000000000000000e+00 1.050000000000000000e+03
9.700000000000000000e+01 6.310000000000000000e+02 0.000000000000000000e+00 0.000000000000000000e+00 1.125000000000000000e+03
1.500000000000000000e+02 6.270000000000000000e+02 7.500000000000000000e+01 0.000000000000000000e+00 1.125000000000000000e+03
2.040000000000000000e+02 6.230000000000000000e+02 1.500000000000000000e+02 0.000000000000000000e+00 1.125000000000000000e+03
2.580000000000000000e+02 6.190000000000000000e+02 2.250000000000000000e+02 0.000000000000000000e+00 1.125000000000000000e+03
3.140000000000000000e+02 6.140000000000000000e+02 3.000000000000000000e+02 0.000000000000000000e+00 1.125000000000000000e+03
3.700000000000000000e+02 6.100000000000000000e+02 3.750000000000000000e+02 0.000000000000000000e+00 1.125000000000000000e+03
4.270000000000000000e+02 6.060000000000000000e+02 4.500000000000000000e+02 0.000000000000000000e+00 1.125000000000000000e+03
4.840000000000000000e+02 6.020000000000000000e+02 5.250000000000000000e+02 0.000000000000000000e+00 1.125000000000000000e+03
5.420000000000000000e+02 5.970000000000000000e+02 6.000000000000000000e+02 0.000000000000000000e+00 1.125000000000000000e+03
6.010000000000000000e+02 5.930000000000000000e+02 6.750000000000000000e+02 0.000000000000000000e+00 1.125000000000000000e+03
6.610000000000000000e+02 5.880000000000000000e+02 7.500000000000000000e+02 0.000000000000000000e+00 1.125000000000000000e+03
7.210000000000000000e+02 5.840000000000000000e+02 8.250000000000000000e+02 0.000000000000000000e+00 1.125000000000000000e+03
7.830000000000000000e+02 5.790000000000000000e+02 9.000000000000000000e+02 0.000000000000000000e+00 1.125000000000000000e+03
8.450000000000000000e+02 5.750000000000000000e+02 9.750000000000000000e+02 0.000000000000000000e+00 1.125000000000000000e+03
9.080000000000000000e+02 5.700000000000000000e+02 1.050000000000000000e+03 0.000000000000000000e+00 1.125000000000000000e+03
9.710000000000000000e+02 5.660000000000000000e+02 1.125000000000000000e+03 0.000000000000000000e+00 1.125000000000000000e+03
1.036000000000000000e+03 5.610000000000000000e+02 1.200000000000000000e+03 0.000000000000000000e+00 1.125000000000000000e+03
1.101000000000000000e+03 5.560000000000000000e+02 1.275000000000000000e+03 0.000000000000000000e+00 1.125000000000000000e+03
1.167000000000000000e+03 5.510000000000000000e+02 1.350000000000000000e+03 0.000000000000000000e+00 1.125000000000000000e+03
1.234000000000000000e+03 5.460000000000000000e+02 1.425000000000000000e+03 0.000000000000000000e+00 1.125000000000000000e+03
1.301000000000000000e+03 5.410000000000000000e+02 1.500000000000000000e+03 0.000000000000000000e+00 1.125000000000000000e+03
1.370000000000000000e+03 5.360000000000000000e+02 1.575000000000000000e+03 0.000000000000000000e+00 1.125000000000000000e+03
1.440000000000000000e+03 5.310000000000000000e+02 1.650000000000000000e+03 0.000000000000000000e+00 1.125000000000000000e+03
1.510000000000000000e+03 5.260000000000000000e+02 1.725000000000000000e+03 0.000000000000000000e+00 1.125000000000000000e+03
1.581000000000000000e+03 5.210000000000000000e+02 1.800000000000000000e+03 0.000000000000000000e+00 1.125000000000000000e+03
9.800000000000000000e+01 5.650000000000000000e+02 0.000000000000000000e+00 0.000000000000000000e+00 1.200000000000000000e+03
1.510000000000000000e+02 5.610000000000000000e+02 7.500000000000000000e+01 0.000000000000000000e+00 1.200000000000000000e+03
2.050000000000000000e+02 5.560000000000000000e+02 1.500000000000000000e+02 0.000000000000000000e+00 1.200000000000000000e+03
2.600000000000000000e+02 5.510000000000000000e+02 2.250000000000000000e+02 0.000000000000000000e+00 1.200000000000000000e+03
3.150000000000000000e+02 5.470000000000000000e+02 3.000000000000000000e+02 0.000000000000000000e+00 1.200000000000000000e+03
3.710000000000000000e+02 5.420000000000000000e+02 3.750000000000000000e+02 0.000000000000000000e+00 1.200000000000000000e+03
4.280000000000000000e+02 5.380000000000000000e+02 4.500000000000000000e+02 0.000000000000000000e+00 1.200000000000000000e+03
4.850000000000000000e+02 5.330000000000000000e+02 5.250000000000000000e+02 0.000000000000000000e+00 1.200000000000000000e+03
5.430000000000000000e+02 5.280000000000000000e+02 6.000000000000000000e+02 0.000000000000000000e+00 1.200000000000000000e+03
6.020000000000000000e+02 5.230000000000000000e+02 6.750000000000000000e+02 0.000000000000000000e+00 1.200000000000000000e+03
6.620000000000000000e+02 5.180000000000000000e+02 7.500000000000000000e+02 0.000000000000000000e+00 1.200000000000000000e+03
7.220000000000000000e+02 5.140000000000000000e+02 8.250000000000000000e+02 0.000000000000000000e+00 1.200000000000000000e+03
7.830000000000000000e+02 5.090000000000000000e+02 9.000000000000000000e+02 0.000000000000000000e+00 1.200000000000000000e+03
8.450000000000000000e+02 5.040000000000000000e+02 9.750000000000000000e+02 0.000000000000000000e+00 1.200000000000000000e+03
9.080000000000000000e+02 4.980000000000000000e+02 1.050000000000000000e+03 0.000000000000000000e+00 1.200000000000000000e+03
9.720000000000000000e+02 4.930000000000000000e+02 1.125000000000000000e+03 0.000000000000000000e+00 1.200000000000000000e+03
1.036000000000000000e+03 4.880000000000000000e+02 1.200000000000000000e+03 0.000000000000000000e+00 1.200000000000000000e+03
1.101000000000000000e+03 4.830000000000000000e+02 1.275000000000000000e+03 0.000000000000000000e+00 1.200000000000000000e+03
1.167000000000000000e+03 4.780000000000000000e+02 1.350000000000000000e+03 0.000000000000000000e+00 1.200000000000000000e+03
1.234000000000000000e+03 4.720000000000000000e+02 1.425000000000000000e+03 0.000000000000000000e+00 1.200000000000000000e+03
1.302000000000000000e+03 4.670000000000000000e+02 1.500000000000000000e+03 0.000000000000000000e+00 1.200000000000000000e+03
1.370000000000000000e+03 4.610000000000000000e+02 1.575000000000000000e+03 0.000000000000000000e+00 1.200000000000000000e+03
1.439000000000000000e+03 4.560000000000000000e+02 1.650000000000000000e+03 0.000000000000000000e+00 1.200000000000000000e+03
1.510000000000000000e+03 4.500000000000000000e+02 1.725000000000000000e+03 0.000000000000000000e+00 1.200000000000000000e+03
1.581000000000000000e+03 4.440000000000000000e+02 1.800000000000000000e+03 0.000000000000000000e+00 1.200000000000000000e+03
1.000000000000000000e+02 4.990000000000000000e+02 0.000000000000000000e+00 0.000000000000000000e+00 1.275000000000000000e+03
1.530000000000000000e+02 4.940000000000000000e+02 7.500000000000000000e+01 0.000000000000000000e+00 1.275000000000000000e+03
2.070000000000000000e+02 4.900000000000000000e+02 1.500000000000000000e+02 0.000000000000000000e+00 1.275000000000000000e+03
2.610000000000000000e+02 4.850000000000000000e+02 2.250000000000000000e+02 0.000000000000000000e+00 1.275000000000000000e+03
3.160000000000000000e+02 4.800000000000000000e+02 3.000000000000000000e+02 0.000000000000000000e+00 1.275000000000000000e+03
3.720000000000000000e+02 4.750000000000000000e+02 3.750000000000000000e+02 0.000000000000000000e+00 1.275000000000000000e+03
4.290000000000000000e+02 4.690000000000000000e+02 4.500000000000000000e+02 0.000000000000000000e+00 1.275000000000000000e+03
4.860000000000000000e+02 4.640000000000000000e+02 5.250000000000000000e+02 0.000000000000000000e+00 1.275000000000000000e+03
5.440000000000000000e+02 4.590000000000000000e+02 6.000000000000000000e+02 0.000000000000000000e+00 1.275000000000000000e+03
6.030000000000000000e+02 4.540000000000000000e+02 6.750000000000000000e+02 0.000000000000000000e+00 1.275000000000000000e+03
6.630000000000000000e+02 4.490000000000000000e+02 7.500000000000000000e+02 0.000000000000000000e+00 1.275000000000000000e+03
7.230000000000000000e+02 4.430000000000000000e+02 8.250000000000000000e+02 0.000000000000000000e+00 1.275000000000000000e+03
7.840000000000000000e+02 4.380000000000000000e+02 9.000000000000000000e+02 0.000000000000000000e+00 1.275000000000000000e+03
8.460000000000000000e+02 4.320000000000000000e+02 9.750000000000000000e+02 0.000000000000000000e+00 1.275000000000000000e+03
9.090000000000000000e+02 4.270000000000000000e+02 1.050000000000000000e+03 0.000000000000000000e+00 1.275000000000000000e+03
9.720000000000000000e+02 4.210000000000000000e+02 1.125000000000000000e+03 0.000000000000000000e+00 1.275000000000000000e+03
1.036000000000000000e+03 4.160000000000000000e+02 1.200000000000000000e+03 0.000000000000000000e+00 1.275000000000000000e+03
1.102000000000000000e+03 4.100000000000000000e+02 1.275000000000000000e+03 0.000000000000000000e+00 1.275000000000000000e+03
1.167000000000000000e+03 4.040000000000000000e+02 1.350000000000000000e+03 0.000000000000000000e+00 1.275000000000000000e+03
1.234000000000000000e+03 3.980000000000000000e+02 1.425000000000000000e+03 0.000000000000000000e+00 1.275000000000000000e+03
1.301000000000000000e+03 3.930000000000000000e+02 1.500000000000000000e+03 0.000000000000000000e+00 1.275000000000000000e+03
1.370000000000000000e+03 3.870000000000000000e+02 1.575000000000000000e+03 0.000000000000000000e+00 1.275000000000000000e+03
1.439000000000000000e+03 3.800000000000000000e+02 1.650000000000000000e+03 0.000000000000000000e+00 1.275000000000000000e+03
1.509000000000000000e+03 3.740000000000000000e+02 1.725000000000000000e+03 0.000000000000000000e+00 1.275000000000000000e+03
1.580000000000000000e+03 3.680000000000000000e+02 1.800000000000000000e+03 0.000000000000000000e+00 1.275000000000000000e+03
