# x,y,X,Y,Z
1.137000000000000000e+03 1.466000000000000000e+03 0.000000000000000000e+00 1.400000000000000000e+03 1.500000000000000000e+02
1.179000000000000000e+03 1.467000000000000000e+03 7.500000000000000000e+01 1.400000000000000000e+03 1.500000000000000000e+02
1.222000000000000000e+03 1.468000000000000000e+03 1.500000000000000000e+02 1.400000000000000000e+03 1.500000000000000000e+02
1.265000000000000000e+03 1.468000000000000000e+03 2.250000000000000000e+02 1.400000000000000000e+03 1.500000000000000000e+02
1.309000000000000000e+03 1.469000000000000000e+03 3.000000000000000000e+02 1.400000000000000000e+03 1.500000000000000000e+02
1.353000000000000000e+03 1.469000000000000000e+03 3.750000000000000000e+02 1.400000000000000000e+03 1.500000000000000000e+02
1.397000000000000000e+03 1.470000000000000000e+03 4.500000000000000000e+02 1.400000000000000000e+03 1.500000000000000000e+02
1.442000000000000000e+03 1.471000000000000000e+03 5.250000000000000000e+02 1.400000000000000000e+03 1.500000000000000000e+02
1.487000000000000000e+03 1.472000000000000000e+03 6.000000000000000000e+02 1.400000000000000000e+03 1.500000000000000000e+02
1.532000000000000000e+03 1.472000000000000000e+03 6.750000000000000000e+02 1.400000000000000000e+03 1.500000000000000000e+02
1.578000000000000000e+03 1.473000000000000000e+03 7.500000000000000000e+02 1.400000000000000000e+03 1.500000000000000000e+02
1.624000000000000000e+03 1.473000000000000000e+03 8.250000000000000000e+02 1.400000000000000000e+03 1.500000000000000000e+02
1.670000000000000000e+03 1.474000000000000000e+03 9.000000000000000000e+02 1.400000000000000000e+03 1.500000000000000000e+02
1.717000000000000000e+03 1.474000000000000000e+03 9.750000000000000000e+02 1.400000000000000000e+03 1.500000000000000000e+02
1.764000000000000000e+03 1.475000000000000000e+03 1.050000000000000000e+03 1.400000000000000000e+03 1.500000000000000000e+02
1.812000000000000000e+03 1.475000000000000000e+03 1.125000000000000000e+03 1.400000000000000000e+03 1.500000000000000000e+02
1.860000000000000000e+03 1.476000000000000000e+03 1.200000000000000000e+03 1.400000000000000000e+03 1.500000000000000000e+02
1.908000000000000000e+03 1.477000000000000000e+03 1.275000000000000000e+03 1.400000000000000000e+03 1.500000000000000000e+02
1.957000000000000000e+03 1.477000000000000000e+03 1.350000000000000000e+03 1.400000000000000000e+03 1.500000000000000000e+02
2.006000000000000000e+03 1.478000000000000000e+03 1.425000000000000000e+03 1.400000000000000000e+03 1.500000000000000000e+02
2.056000000000000000e+03 1.478000000000000000e+03 1.500000000000000000e+03 1.400000000000000000e+03 1.500000000000000000e+02
2.106000000000000000e+03 1.479000000000000000e+03 1.575000000000000000e+03 1.400000000000000000e+03 1.500000000000000000e+02
2.156000000000000000e+03 1.479000000000000000e+03 1.650000000000000000e+03 1.400000000000000000e+03 1.500000000000000000e+02
2.207000000000000000e+03 1.479000000000000000e+03 1.725000000000000000e+03 1.400000000000000000e+03 1.500000000000000000e+02
2.258000000000000000e+03 1.480000000000000000e+03 1.800000000000000000e+03 1.400000000000000000e+03 1.500000000000000000e+02
1.137000000000000000e+03 1.419000000000000000e+03 0.000000000000000000e+00 1.400000000000000000e+03 2.250000000000000000e+02
1.180000000000000000e+03 1.419000000000000000e+03 7.500000000000000000e+01 1.400000000000000000e+03 2.250000000000000000e+02
1.222000000000000000e+03 1.420000000000000000e+03 1.500000000000000000e+02 1.400000000000000000e+03 2.250000000000000000e+02
1.266000000000000000e+03 1.420000000000000000e+03 2.250000000000000000e+02 1.400000000000000000e+03 2.250000000000000000e+02
1.309000000000000000e+03 1.421000000000000000e+03 3.000000000000000000e+02 1.400000000000000000e+03 2.250000000000000000e+02
1.353000000000000000e+03 1.421000000000000000e+03 3.750000000000000000e+02 1.400000000000000000e+03 2.250000000000000000e+02
1.397000000000000000e+03 1.421000000000000000e+03 4.500000000000000000e+02 1.400000000000000000e+03 2.250000000000000000e+02
1.442000000000000000e+03 1.422000000000000000e+03 5.250000000000000000e+02 1.400000000000000000e+03 2.250000000000000000e+02
1.487000000000000000e+03 1.422000000000000000e+03 6.000000000000000000e+02 1.400000000000000000e+03 2.250000000000000000e+02
1.532000000000000000e+03 1.423000000000000000e+03 6.750000000000000000e+02 1.400000000000000000e+03 2.250000000000000000e+02
1.578000000000000000e+03 1.423000000000000000e+03 7.500000000000000000e+02 1.400000000000000000e+03 2.250000000000000000e+02
1.624000000000000000e+03 1.424000000000000000e+03 8.250000000000000000e+02 1.400000000000000000e+03 2.250000000000000000e+02
1.670000000000000000e+03 1.424000000000000000e+03 9.000000000000000000e+02 1.400000000000000000e+03 2.250000000000000000e+02
1.717000000000000000e+03 1.424000000000000000e+03 9.750000000000000000e+02 1.400000000000000000e+03 2.250000000000000000e+02
1.764000000000000000e+03 1.425000000000000000e+03 1.050000000000000000e+03 1.400000000000000000e+03 2.250000000000000000e+02
1.812000000000000000e+03 1.425000000000000000e+03 1.125000000000000000e+03 1.400000000000000000e+03 2.250000000000000000e+02
1.860000000000000000e+03 1.425000000000000000e+03 1.200000000000000000e+03 1.400000000000000000e+03 2.250000000000000000e+02
1.908000000000000000e+03 1.426000000000000000e+03 1.275000000000000000e+03 1.400000000000000000e+03 2.250000000000000000e+02
1.957000000000000000e+03 1.426000000000000000e+03 1.350000000000000000e+03 1.400000000000000000e+03 2.250000000000000000e+02
2.006000000000000000e+03 1.426000000000000000e+03 1.425000000000000000e+03 1.400000000000000000e+03 2.250000000000000000e+02
2.056000000000000000e+03 1.426000000000000000e+03 1.500000000000000000e+03 1.400000000000000000e+03 2.250000000000000000e+02
2.106000000000000000e+03 1.427000000000000000e+03 1.575000000000000000e+03 1.400000000000000000e+03 2.250000000000000000e+02
2.156000000000000000e+03 1.427000000000000000e+03 1.650000000000000000e+03 1.400000000000000000e+03 2.250000000000000000e+02
2.206000000000000000e+03 1.427000000000000000e+03 1.725000000000000000e+03 1.400000000000000000e+03 2.250000000000000000e+02
2.258000000000000000e+03 1.427000000000000000e+03 1.800000000000000000e+03 1.400000000000000000e+03 2.250000000000000000e+02
1.138000000000000000e+03 1.371000000000000000e+03 0.000000000000000000e+00 1.400000000000000000e+03 3.000000000000000000e+02
1.180000000000000000e+03 1.372000000000000000e+03 7.500000000000000000e+01 1.400000000000000000e+03 3.000000000000000000e+02
1.223000000000000000e+03 1.372000000000000000e+03 1.500000000000000000e+02 1.400000000000000000e+03 3.000000000000000000e+02
1.266000000000000000e+03 1.372000000000000000e+03 2.250000000000000000e+02 1.400000000000000000e+03 3.000000000000000000e+02
1.309000000000000000e+03 1.372000000000000000e+03 3.000000000000000000e+02 1.400000000000000000e+03 3.000000000000000000e+02
1.353000000000000000e+03 1.373000000000000000e+03 3.750000000000000000e+02 1.400000000000000000e+03 3.000000000000000000e+02
1.397000000000000000e+03 1.373000000000000000e+03 4.500000000000000000e+02 1.400000000000000000e+03 3.000000000000000000e+02
1.442000000000000000e+03 1.373000000000000000e+03 5.250000000000000000e+02 1.400000000000000000e+03 3.000000000000000000e+02
1.487000000000000000e+03 1.373000000000000000e+03 6.000000000000000000e+02 1.400000000000000000e+03 3.000000000000000000e+02
1.532000000000000000e+03 1.373000000000000000e+03 6.750000000000000000e+02 1.400000000000000000e+03 3.000000000000000000e+02
1.578000000000000000e+03 1.374000000000000000e+03 7.500000000000000000e+02 1.400000000000000000e+03 3.000000000000000000e+02
1.624000000000000000e+03 1.374000000000000000e+03 8.250000000000000000e+02 1.400000000000000000e+03 3.000000000000000000e+02
1.670000000000000000e+03 1.374000000000000000e+03 9.000000000000000000e+02 1.400000000000000000e+03 3.000000000000000000e+02
1.717000000000000000e+03 1.374000000000000000e+03 9.750000000000000000e+02 1.400000000000000000e+03 3.000000000000000000e+02
1.764000000000000000e+03 1.374000000000000000e+03 1.050000000000000000e+03 1.400000000000000000e+03 3.000000000000000000e+02
1.812000000000000000e+03 1.374000000000000000e+03 1.125000000000000000e+03 1.400000000000000000e+03 3.000000000000000000e+02
1.860000000000000000e+03 1.375000000000000000e+03 1.200000000000000000e+03 1.400000000000000000e+03 3.000000000000000000e+02
1.908000000000000000e+03 1.375000000000000000e+03 1.275000000000000000e+03 1.400000000000000000e+03 3.000000000000000000e+02
1.957000000000000000e+03 1.375000000000000000e+03 1.350000000000000000e+03 1.400000000000000000e+03 3.000000000000000000e+02
2.006000000000000000e+03 1.375000000000000000e+03 1.425000000000000000e+03 1.400000000000000000e+03 3.000000000000000000e+02
2.055000000000000000e+03 1.375000000000000000e+03 1.500000000000000000e+03 1.400000000000000000e+03 3.000000000000000000e+02
2.105000000000000000e+03 1.375000000000000000e+03 1.575000000000000000e+03 1.400000000000000000e+03 3.000000000000000000e+02
2.155000000000000000e+03 1.375000000000000000e+03 1.650000000000000000e+03 1.400000000000000000e+03 3.000000000000000000e+02
2.206000000000000000e+03 1.375000000000000000e+03 1.725000000000000000e+03 1.400000000000000000e+03 3.000000000000000000e+02
2.257000000000000000e+03 1.375000000000000000e+03 1.800000000000000000e+03 1.400000000000000000e+03 3.000000000000000000e+02
1.138000000000000000e+03 1.324000000000000000e+03 0.000000000000000000e+00 1.400000000000000000e+03 3.750000000000000000e+02
1.180000000000000000e+03 1.324000000000000000e+03 7.500000000000000000e+01 1.400000000000000000e+03 3.750000000000000000e+02
1.223000000000000000e+03 1.324000000000000000e+03 1.500000000000000000e+02 1.400000000000000000e+03 3.750000000000000000e+02
1.266000000000000000e+03 1.324000000000000000e+03 2.250000000000000000e+02 1.400000000000000000e+03 3.750000000000000000e+02
1.309000000000000000e+03 1.324000000000000000e+03 3.000000000000000000e+02 1.400000000000000000e+03 3.750000000000000000e+02
1.353000000000000000e+03 1.324000000000000000e+03 3.750000000000000000e+02 1.400000000000000000e+03 3.750000000000000000e+02
1.397000000000000000e+03 1.324000000000000000e+03 4.500000000000000000e+02 1.400000000000000000e+03 3.750000000000000000e+02
1.442000000000000000e+03 1.324000000000000000e+03 5.250000000000000000e+02 1.400000000000000000e+03 3.750000000000000000e+02
1.487000000000000000e+03 1.324000000000000000e+03 6.000000000000000000e+02 1.400000000000000000e+03 3.750000000000000000e+02
1.532000000000000000e+03 1.324000000000000000e+03 6.750000000000000000e+02 1.400000000000000000e+03 3.750000000000000000e+02
1.578000000000000000e+03 1.324000000000000000e+03 7.500000000000000000e+02 1.400000000000000000e+03 3.750000000000000000e+02
1.624000000000000000e+03 1.324000000000000000e+03 8.250000000000000000e+02 1.400000000000000000e+03 3.750000000000000000e+02
1.670000000000000000e+03 1.324000000000000000e+03 9.000000000000000000e+02 1.400000000000000000e+03 3.750000000000000000e+02
1.717000000000000000e+03 1.324000000000000000e+03 9.750000000000000000e+02 1.400000000000000000e+03 3.750000000000000000e+02
1.764000000000000000e+03 1.324000000000000000e+03 1.050000000000000000e+03 1.400000000000000000e+03 3.750000000000000000e+02
1.812000000000000000e+03 1.324000000000000000e+03 1.125000000000000000e+03 1.400000000000000000e+03 3.750000000000000000e+02
1.860000000000000000e+03 1.324000000000000000e+03 1.200000000000000000e+03 1.400000000000000000e+03 3.750000000000000000e+02
1.908000000000000000e+03 1.324000000000000000e+03 1.275000000000000000e+03 1.400000000000000000e+03 3.750000000000000000e+02
1.957000000000000000e+03 1.324000000000000000e+03 1.350000000000000000e+03 1.400000000000000000e+03 3.750000000000000000e+02
2.006000000000000000e+03 1.324000000000000000e+03 1.425000000000000000e+03 1.400000000000000000e+03 3.750000000000000000e+02
2.055000000000000000e+03 1.323000000000000000e+03 1.500000000000000000e+03 1.400000000000000000e+03 3.750000000000000000e+02
2.105000000000000000e+03 1.323000000000000000e+03 1.575000000000000000e+03 1.400000000000000000e+03 3.750000000000000000e+02
2.155000000000000000e+03 1.323000000000000000e+03 1.650000000000000000e+03 1.400000000000000000e+03 3.750000000000000000e+02
2.206000000000000000e+03 1.323000000000000000e+03 1.725000000000000000e+03 1.400000000000000000e+03 3.750000000000000000e+02
2.257000000000000000e+03 1.323000000000000000e+03 1.800000000000000000e+03 1.400000000000000000e+03 3.750000000000000000e+02
1.138000000000000000e+03 1.276000000000000000e+03 0.000000000000000000e+00 1.400000000000000000e+03 4.500000000000000000e+02
1.180000000000000000e+03 1.276000000000000000e+03 7.500000000000000000e+01 1.400000000000000000e+03 4.500000000000000000e+02
1.223000000000000000e+03 1.276000000000000000e+03 1.500000000000000000e+02 1.400000000000000000e+03 4.500000000000000000e+02
1.266000000000000000e+03 1.276000000000000000e+03 2.250000000000000000e+02 1.400000000000000000e+03 4.500000000000000000e+02
1.310000000000000000e+03 1.276000000000000000e+03 3.000000000000000000e+02 1.400000000000000000e+03 4.500000000000000000e+02
1.353000000000000000e+03 1.276000000000000000e+03 3.750000000000000000e+02 1.400000000000000000e+03 4.500000000000000000e+02
1.397000000000000000e+03 1.276000000000000000e+03 4.500000000000000000e+02 1.400000000000000000e+03 4.500000000000000000e+02
1.442000000000000000e+03 1.275000000000000000e+03 5.250000000000000000e+02 1.400000000000000000e+03 4.500000000000000000e+02
1.487000000000000000e+03 1.275000000000000000e+03 6.000000000000000000e+02 1.400000000000000000e+03 4.500000000000000000e+02
1.532000000000000000e+03 1.275000000000000000e+03 6.750000000000000000e+02 1.400000000000000000e+03 4.500000000000000000e+02
1.578000000000000000e+03 1.275000000000000000e+03 7.500000000000000000e+02 1.400000000000000000e+03 4.500000000000000000e+02
1.624000000000000000e+03 1.274000000000000000e+03 8.250000000000000000e+02 1.400000000000000000e+03 4.500000000000000000e+02
1.670000000000000000e+03 1.274000000000000000e+03 9.000000000000000000e+02 1.400000000000000000e+03 4.500000000000000000e+02
1.717000000000000000e+03 1.274000000000000000e+03 9.750000000000000000e+02 1.400000000000000000e+03 4.500000000000000000e+02
1.764000000000000000e+03 1.274000000000000000e+03 1.050000000000000000e+03 1.400000000000000000e+03 4.500000000000000000e+02
1.812000000000000000e+03 1.274000000000000000e+03 1.125000000000000000e+03 1.400000000000000000e+03 4.500000000000000000e+02
1.859000000000000000e+03 1.273000000000000000e+03 1.200000000000000000e+03 1.400000000000000000e+03 4.500000000000000000e+02
1.908000000000000000e+03 1.273000000000000000e+03 1.275000000000000000e+03 1.400000000000000000e+03 4.500000000000000000e+02
1.956000000000000000e+03 1.273000000000000000e+03 1.350000000000000000e+03 1.400000000000000000e+03 4.500000000000000000e+02
2.005000000000000000e+03 1.272000000000000000e+03 1.425000000000000000e+03 1.400000000000000000e+03 4.500000000000000000e+02
2.055000000000000000e+03 1.272000000000000000e+03 1.500000000000000000e+03 1.400000000000000000e+03 4.500000000000000000e+02
2.104000000000000000e+03 1.272000000000000000e+03 1.575000000000000000e+03 1.400000000000000000e+03 4.500000000000000000e+02
2.154000000000000000e+03 1.271000000000000000e+03 1.650000000000000000e+03 1.400000000000000000e+03 4.500000000000000000e+02
2.205000000000000000e+03 1.271000000000000000e+03 1.725000000000000000e+03 1.400000000000000000e+03 4.500000000000000000e+02
2.256000000000000000e+03 1.270000000000000000e+03 1.800000000000000000e+03 1.400000000000000000e+03 4.500000000000000000e+02
1.138000000000000000e+03 1.229000000000000000e+03 0.000000000000000000e+00 1.400000000000000000e+03 5.250000000000000000e+02
1.181000000000000000e+03 1.229000000000000000e+03 7.500000000000000000e+01 1.400000000000000000e+03 5.250000000000000000e+02
1.223000000000000000e+03 1.228000000000000000e+03 1.500000000000000000e+02 1.400000000000000000e+03 5.250000000000000000e+02
1.266000000000000000e+03 1.228000000000000000e+03 2.250000000000000000e+02 1.400000000000000000e+03 5.250000000000000000e+02
1.310000000000000000e+03 1.228000000000000000e+03 3.000000000000000000e+02 1.400000000000000000e+03 5.250000000000000000e+02
1.353000000000000000e+03 1.227000000000000000e+03 3.750000000000000000e+02 1.400000000000000000e+03 5.250000000000000000e+02
1.398000000000000000e+03 1.227000000000000000e+03 4.500000000000000000e+02 1.400000000000000000e+03 5.250000000000000000e+02
1.442000000000000000e+03 1.227000000000000000e+03 5.250000000000000000e+02 1.400000000000000000e+03 5.250000000000000000e+02
1.487000000000000000e+03 1.226000000000000000e+03 6.000000000000000000e+02 1.400000000000000000e+03 5.250000000000000000e+02
1.532000000000000000e+03 1.226000000000000000e+03 6.750000000000000000e+02 1.400000000000000000e+03 5.250000000000000000e+02
1.578000000000000000e+03 1.225000000000000000e+03 7.500000000000000000e+02 1.400000000000000000e+03 5.250000000000000000e+02
1.624000000000000000e+03 1.225000000000000000e+03 8.250000000000000000e+02 1.400000000000000000e+03 5.250000000000000000e+02
1.670000000000000000e+03 1.225000000000000000e+03 9.000000000000000000e+02 1.400000000000000000e+03 5.250000000000000000e+02
1.717000000000000000e+03 1.224000000000000000e+03 9.750000000000000000e+02 1.400000000000000000e+03 5.250000000000000000e+02
1.764000000000000000e+03 1.224000000000000000e+03 1.050000000000000000e+03 1.400000000000000000e+03 5.250000000000000000e+02
1.811000000000000000e+03 1.223000000000000000e+03 1.125000000000000000e+03 1.400000000000000000e+03 5.250000000000000000e+02
1.859000000000000000e+03 1.223000000000000000e+03 1.200000000000000000e+03 1.400000000000000000e+03 5.250000000000000000e+02
1.907000000000000000e+03 1.222000000000000000e+03 1.275000000000000000e+03 1.400000000000000000e+03 5.250000000000000000e+02
1.956000000000000000e+03 1.222000000000000000e+03 1.350000000000000000e+03 1.400000000000000000e+03 5.250000000000000000e+02
2.005000000000000000e+03 1.221000000000000000e+03 1.425000000000000000e+03 1.400000000000000000e+03 5.250000000000000000e+02
2.054000000000000000e+03 1.221000000000000000e+03 1.500000000000000000e+03 1.400000000000000000e+03 5.250000000000000000e+02
2.104000000000000000e+03 1.220000000000000000e+03 1.575000000000000000e+03 1.400000000000000000e+03 5.250000000000000000e+02
2.154000000000000000e+03 1.219000000000000000e+03 1.650000000000000000e+03 1.400000000000000000e+03 5.250000000000000000e+02
2.205000000000000000e+03 1.219000000000000000e+03 1.725000000000000000e+03 1.400000000000000000e+03 5.250000000000000000e+02
2.256000000000000000e+03 1.218000000000000000e+03 1.800000000000000000e+03 1.400000000000000000e+03 5.250000000000000000e+02
1.139000000000000000e+03 1.182000000000000000e+03 0.000000000000000000e+00 1.400000000000000000e+03 6.000000000000000000e+02
1.181000000000000000e+03 1.181000000000000000e+03 7.500000000000000000e+01 1.400000000000000000e+03 6.000000000000000000e+02
1.223000000000000000e+03 1.181000000000000000e+03 1.500000000000000000e+02 1.400000000000000000e+03 6.000000000000000000e+02
1.266000000000000000e+03 1.180000000000000000e+03 2.250000000000000000e+02 1.400000000000000000e+03 6.000000000000000000e+02
1.310000000000000000e+03 1.180000000000000000e+03 3.000000000000000000e+02 1.400000000000000000e+03 6.000000000000000000e+02
1.354000000000000000e+03 1.179000000000000000e+03 3.750000000000000000e+02 1.400000000000000000e+03 6.000000000000000000e+02
1.398000000000000000e+03 1.179000000000000000e+03 4.500000000000000000e+02 1.400000000000000000e+03 6.000000000000000000e+02
1.442000000000000000e+03 1.178000000000000000e+03 5.250000000000000000e+02 1.400000000000000000e+03 6.000000000000000000e+02
1.487000000000000000e+03 1.177000000000000000e+03 6.000000000000000000e+02 1.400000000000000000e+03 6.000000000000000000e+02
1.532000000000000000e+03 1.177000000000000000e+03 6.750000000000000000e+02 1.400000000000000000e+03 6.000000000000000000e+02
1.578000000000000000e+03 1.176000000000000000e+03 7.500000000000000000e+02 1.400000000000000000e+03 6.000000000000000000e+02
1.624000000000000000e+03 1.175000000000000000e+03 8.250000000000000000e+02 1.400000000000000000e+03 6.000000000000000000e+02
1.670000000000000000e+03 1.175000000000000000e+03 9.000000000000000000e+02 1.400000000000000000e+03 6.000000000000000000e+02
1.717000000000000000e+03 1.174000000000000000e+03 9.750000000000000000e+02 1.400000000000000000e+03 6.000000000000000000e+02
1.764000000000000000e+03 1.174000000000000000e+03 1.050000000000000000e+03 1.400000000000000000e+03 6.000000000000000000e+02
1.811000000000000000e+03 1.173000000000000000e+03 1.125000000000000000e+03 1.400000000000000000e+03 6.000000000000000000e+02
1.859000000000000000e+03 1.172000000000000000e+03 1.200000000000000000e+03 1.400000000000000000e+03 6.000000000000000000e+02
1.907000000000000000e+03 1.172000000000000000e+03 1.275000000000000000e+03 1.400000000000000000e+03 6.000000000000000000e+02
1.956000000000000000e+03 1.171000000000000000e+03 1.350000000000000000e+03 1.400000000000000000e+03 6.000000000000000000e+02
2.004000000000000000e+03 1.170000000000000000e+03 1.425000000000000000e+03 1.400000000000000000e+03 6.000000000000000000e+02
2.054000000000000000e+03 1.169000000000000000e+03 1.500000000000000000e+03 1.400000000000000000e+03 6.000000000000000000e+02
2.103000000000000000e+03 1.168000000000000000e+03 1.575000000000000000e+03 1.400000000000000000e+03 6.000000000000000000e+02
2.154000000000000000e+03 1.168000000000000000e+03 1.650000000000000000e+03 1.400000000000000000e+03 6.000000000000000000e+02
2.204000000000000000e+03 1.167000000000000000e+03 1.725000000000000000e+03 1.400000000000000000e+03 6.000000000000000000e+02
2.255000000000000000e+03 1.166000000000000000e+03 1.800000000000000000e+03 1.400000000000000000e+03 6.000000000000000000e+02
1.139000000000000000e+03 1.134000000000000000e+03 0.000000000000000000e+00 1.400000000000000000e+03 6.750000000000000000e+02
1.181000000000000000e+03 1.134000000000000000e+03 7.500000000000000000e+01 1.400000000000000000e+03 6.750000000000000000e+02
1.224000000000000000e+03 1.133000000000000000e+03 1.500000000000000000e+02 1.400000000000000000e+03 6.750000000000000000e+02
1.267000000000000000e+03 1.132000000000000000e+03 2.250000000000000000e+02 1.400000000000000000e+03 6.750000000000000000e+02
1.310000000000000000e+03 1.132000000000000000e+03 3.000000000000000000e+02 1.400000000000000000e+03 6.750000000000000000e+02
1.354000000000000000e+03 1.131000000000000000e+03 3.750000000000000000e+02 1.400000000000000000e+03 6.750000000000000000e+02
1.398000000000000000e+03 1.130000000000000000e+03 4.500000000000000000e+02 1.400000000000000000e+03 6.750000000000000000e+02
1.442000000000000000e+03 1.129000000000000000e+03 5.250000000000000000e+02 1.400000000000000000e+03 6.750000000000000000e+02
1.487000000000000000e+03 1.128000000000000000e+03 6.000000000000000000e+02 1.400000000000000000e+03 6.750000000000000000e+02
1.532000000000000000e+03 1.128000000000000000e+03 6.750000000000000000e+02 1.400000000000000000e+03 6.750000000000000000e+02
1.578000000000000000e+03 1.127000000000000000e+03 7.500000000000000000e+02 1.400000000000000000e+03 6.750000000000000000e+02
1.624000000000000000e+03 1.126000000000000000e+03 8.250000000000000000e+02 1.400000000000000000e+03 6.750000000000000000e+02
1.670000000000000000e+03 1.125000000000000000e+03 9.000000000000000000e+02 1.400000000000000000e+03 6.750000000000000000e+02
1.717000000000000000e+03 1.124000000000000000e+03 9.750000000000000000e+02 1.400000000000000000e+03 6.750000000000000000e+02
1.763000000000000000e+03 1.124000000000000000e+03 1.050000000000000000e+03 1.400000000000000000e+03 6.750000000000000000e+02
1.811000000000000000e+03 1.123000000000000000e+03 1.125000000000000000e+03 1.400000000000000000e+03 6.750000000000000000e+02
1.859000000000000000e+03 1.122000000000000000e+03 1.200000000000000000e+03 1.400000000000000000e+03 6.750000000000000000e+02
1.907000000000000000e+03 1.121000000000000000e+03 1.275000000000000000e+03 1.400000000000000000e+03 6.750000000000000000e+02
1.955000000000000000e+03 1.120000000000000000e+03 1.350000000000000000e+03 1.400000000000000000e+03 6.750000000000000000e+02
2.004000000000000000e+03 1.119000000000000000e+03 1.425000000000000000e+03 1.400000000000000000e+03 6.750000000000000000e+02
2.053000000000000000e+03 1.118000000000000000e+03 1.500000000000000000e+03 1.400000000000000000e+03 6.750000000000000000e+02
2.103000000000000000e+03 1.117000000000000000e+03 1.575000000000000000e+03 1.400000000000000000e+03 6.750000000000000000e+02
2.153000000000000000e+03 1.116000000000000000e+03 1.650000000000000000e+03 1.400000000000000000e+03 6.750000000000000000e+02
2.203000000000000000e+03 1.115000000000000000e+03 1.725000000000000000e+03 1.400000000000000000e+03 6.750000000000000000e+02
2.254000000000000000e+03 1.114000000000000000e+03 1.800000000000000000e+03 1.400000000000000000e+03 6.750000000000000000e+02
1.139000000000000000e+03 1.087000000000000000e+03 0.000000000000000000e+00 1.400000000000000000e+03 7.500000000000000000e+02
1.181000000000000000e+03 1.086000000000000000e+03 7.500000000000000000e+01 1.400000000000000000e+03 7.500000000000000000e+02
1.224000000000000000e+03 1.085000000000000000e+03 1.500000000000000000e+02 1.400000000000000000e+03 7.500000000000000000e+02
1.267000000000000000e+03 1.084000000000000000e+03 2.250000000000000000e+02 1.400000000000000000e+03 7.500000000000000000e+02
1.310000000000000000e+03 1.084000000000000000e+03 3.000000000000000000e+02 1.400000000000000000e+03 7.500000000000000000e+02
1.354000000000000000e+03 1.083000000000000000e+03 3.750000000000000000e+02 1.400000000000000000e+03 7.500000000000000000e+02
1.398000000000000000e+03 1.082000000000000000e+03 4.500000000000000000e+02 1.400000000000000000e+03 7.500000000000000000e+02
1.442000000000000000e+03 1.081000000000000000e+03 5.250000000000000000e+02 1.400000000000000000e+03 7.500000000000000000e+02
1.487000000000000000e+03 1.080000000000000000e+03 6.000000000000000000e+02 1.400000000000000000e+03 7.500000000000000000e+02
1.532000000000000000e+03 1.079000000000000000e+03 6.750000000000000000e+02 1.400000000000000000e+03 7.500000000000000000e+02
1.578000000000000000e+03 1.078000000000000000e+03 7.500000000000000000e+02 1.400000000000000000e+03 7.500000000000000000e+02
1.623000000000000000e+03 1.077000000000000000e+03 8.250000000000000000e+02 1.400000000000000000e+03 7.500000000000000000e+02
1.670000000000000000e+03 1.076000000000000000e+03 9.000000000000000000e+02 1.400000000000000000e+03 7.500000000000000000e+02
1.716000000000000000e+03 1.075000000000000000e+03 9.750000000000000000e+02 1.400000000000000000e+03 7.500000000000000000e+02
1.763000000000000000e+03 1.074000000000000000e+03 1.050000000000000000e+03 1.400000000000000000e+03 7.500000000000000000e+02
1.811000000000000000e+03 1.072000000000000000e+03 1.125000000000000000e+03 1.400000000000000000e+03 7.500000000000000000e+02
1.858000000000000000e+03 1.071000000000000000e+03 1.200000000000000000e+03 1.400000000000000000e+03 7.500000000000000000e+02
1.906000000000000000e+03 1.070000000000000000e+03 1.275000000000000000e+03 1.400000000000000000e+03 7.500000000000000000e+02
1.955000000000000000e+03 1.069000000000000000e+03 1.350000000000000000e+03 1.400000000000000000e+03 7.500000000000000000e+02
2.004000000000000000e+03 1.068000000000000000e+03 1.425000000000000000e+03 1.400000000000000000e+03 7.500000000000000000e+02
2.053000000000000000e+03 1.067000000000000000e+03 1.500000000000000000e+03 1.400000000000000000e+03 7.500000000000000000e+02
2.102000000000000000e+03 1.066000000000000000e+03 1.575000000000000000e+03 1.400000000000000000e+03 7.500000000000000000e+02
2.152000000000000000e+03 1.064000000000000000e+03 1.650000000000000000e+03 1.400000000000000000e+03 7.500000000000000000e+02
2.203000000000000000e+03 1.063000000000000000e+03 1.725000000000000000e+03 1.400000000000000000e+03 7.500000000000000000e+02
2.254000000000000000e+03 1.062000000000000000e+03 1.800000000000000000e+03 1.400000000000000000e+03 7.500000000000000000e+02
1.139000000000000000e+03 1.040000000000000000e+03 0.000000000000000000e+00 1.400000000000000000e+03 8.250000000000000000e+02
1.181000000000000000e+03 1.039000000000000000e+03 7.500000000000000000e+01 1.400000000000000000e+03 8.250000000000000000e+02
1.224000000000000000e+03 1.038000000000000000e+03 1.500000000000000000e+02 1.400000000000000000e+03 8.250000000000000000e+02
1.267000000000000000e+03 1.037000000000000000e+03 2.250000000000000000e+02 1.400000000000000000e+03 8.250000000000000000e+02
1.310000000000000000e+03 1.036000000000000000e+03 3.000000000000000000e+02 1.400000000000000000e+03 8.250000000000000000e+02
1.354000000000000000e+03 1.034000000000000000e+03 3.750000000000000000e+02 1.400000000000000000e+03 8.250000000000000000e+02
1.398000000000000000e+03 1.033000000000000000e+03 4.500000000000000000e+02 1.400000000000000000e+03 8.250000000000000000e+02
1.442000000000000000e+03 1.032000000000000000e+03 5.250000000000000000e+02 1.400000000000000000e+03 8.250000000000000000e+02
1.487000000000000000e+03 1.031000000000000000e+03 6.000000000000000000e+02 1.400000000000000000e+03 8.250000000000000000e+02
1.532000000000000000e+03 1.030000000000000000e+03 6.750000000000000000e+02 1.400000000000000000e+03 8.250000000000000000e+02
1.578000000000000000e+03 1.029000000000000000e+03 7.500000000000000000e+02 1.400000000000000000e+03 8.250000000000000000e+02
1.623000000000000000e+03 1.027000000000000000e+03 8.250000000000000000e+02 1.400000000000000000e+03 8.250000000000000000e+02
1.670000000000000000e+03 1.026000000000000000e+03 9.000000000000000000e+02 1.400000000000000000e+03 8.250000000000000000e+02
1.716000000000000000e+03 1.025000000000000000e+03 9.750000000000000000e+02 1.400000000000000000e+03 8.250000000000000000e+02
1.763000000000000000e+03 1.024000000000000000e+03 1.050000000000000000e+03 1.400000000000000000e+03 8.250000000000000000e+02
1.810000000000000000e+03 1.022000000000000000e+03 1.125000000000000000e+03 1.400000000000000000e+03 8.250000000000000000e+02
1.858000000000000000e+03 1.021000000000000000e+03 1.200000000000000000e+03 1.400000000000000000e+03 8.250000000000000000e+02
1.906000000000000000e+03 1.020000000000000000e+03 1.275000000000000000e+03 1.400000000000000000e+03 8.250000000000000000e+02
1.954000000000000000e+03 1.018000000000000000e+03 1.350000000000000000e+03 1.400000000000000000e+03 8.250000000000000000e+02
2.003000000000000000e+03 1.017000000000000000e+03 1.425000000000000000e+03 1.400000000000000000e+03 8.250000000000000000e+02
2.052000000000000000e+03 1.016000000000000000e+03 1.500000000000000000e+03 1.400000000000000000e+03 8.250000000000000000e+02
2.102000000000000000e+03 1.014000000000000000e+03 1.575000000000000000e+03 1.400000000000000000e+03 8.250000000000000000e+02
2.152000000000000000e+03 1.013000000000000000e+03 1.650000000000000000e+03 1.400000000000000000e+03 8.250000000000000000e+02
2.202000000000000000e+03 1.011000000000000000e+03 1.725000000000000000e+03 1.400000000000000000e+03 8.250000000000000000e+02
2.253000000000000000e+03 1.010000000000000000e+03 1.800000000000000000e+03 1.400000000000000000e+03 8.250000000000000000e+02
1.139000000000000000e+03 9.930000000000000000e+02 0.000000000000000000e+00 1.400000000000000000e+03 9.000000000000000000e+02
1.181000000000000000e+03 9.920000000000000000e+02 7.500000000000000000e+01 1.400000000000000000e+03 9.000000000000000000e+02
1.224000000000000000e+03 9.900000000000000000e+02 1.500000000000000000e+02 1.400000000000000000e+03 9.000000000000000000e+02
1.267000000000000000e+03 9.890000000000000000e+02 2.250000000000000000e+02 1.400000000000000000e+03 9.000000000000000000e+02
1.310000000000000000e+03 9.880000000000000000e+02 3.000000000000000000e+02 1.400000000000000000e+03 9.000000000000000000e+02
1.354000000000000000e+03 9.860000000000000000e+02 3.750000000000000000e+02 1.400000000000000000e+03 9.000000000000000000e+02
1.398000000000000000e+03 9.850000000000000000e+02 4.500000000000000000e+02 1.400000000000000000e+03 9.000000000000000000e+02
1.442000000000000000e+03 9.840000000000000000e+02 5.250000000000000000e+02 1.400000000000000000e+03 9.000000000000000000e+02
1.487000000000000000e+03 9.820000000000000000e+02 6.000000000000000000e+02 1.400000000000000000e+03 9.000000000000000000e+02
1.532000000000000000e+03 9.810000000000000000e+02 6.750000000000000000e+02 1.400000000000000000e+03 9.000000000000000000e+02
1.577000000000000000e+03 9.790000000000000000e+02 7.500000000000000000e+02 1.400000000000000000e+03 9.000000000000000000e+02
1.623000000000000000e+03 9.780000000000000000e+02 8.250000000000000000e+02 1.400000000000000000e+03 9.000000000000000000e+02
1.669000000000000000e+03 9.770000000000000000e+02 9.000000000000000000e+02 1.400000000000000000e+03 9.000000000000000000e+02
1.716000000000000000e+03 9.750000000000000000e+02 9.750000000000000000e+02 1.400000000000000000e+03 9.000000000000000000e+02
1.763000000000000000e+03 9.740000000000000000e+02 1.050000000000000000e+03 1.400000000000000000e+03 9.000000000000000000e+02
1.810000000000000000e+03 9.720000000000000000e+02 1.125000000000000000e+03 1.400000000000000000e+03 9.000000000000000000e+02
1.858000000000000000e+03 9.710000000000000000e+02 1.200000000000000000e+03 1.400000000000000000e+03 9.000000000000000000e+02
1.906000000000000000e+03 9.690000000000000000e+02 1.275000000000000000e+03 1.400000000000000000e+03 9.000000000000000000e+02
1.954000000000000000e+03 9.680000000000000000e+02 1.350000000000000000e+03 1.400000000000000000e+03 9.000000000000000000e+02
2.003000000000000000e+03 9.660000000000000000e+02 1.425000000000000000e+03 1.400000000000000000e+03 9.000000000000000000e+02
2.052000000000000000e+03 9.650000000000000000e+02 1.500000000000000000e+03 1.400000000000000000e+03 9.000000000000000000e+02
2.101000000000000000e+03 9.630000000000000000e+02 1.575000000000000000e+03 1.400000000000000000e+03 9.000000000000000000e+02
2.151000000000000000e+03 9.610000000000000000e+02 1.650000000000000000e+03 1.400000000000000000e+03 9.000000000000000000e+02
2.202000000000000000e+03 9.600000000000000000e+02 1.725000000000000000e+03 1.400000000000000000e+03 9.000000000000000000e+02
2.252000000000000000e+03 9.580000000000000000e+02 1.800000000000000000e+03 1.400000000000000000e+03 9.000000000000000000e+02
1.139000000000000000e+03 9.460000000000000000e+02 0.000000000000000000e+00 1.400000000000000000e+03 9.750000000000000000e+02
1.182000000000000000e+03 9.440000000000000000e+02 7.500000000000000000e+01 1.400000000000000000e+03 9.750000000000000000e+02
1.224000000000000000e+03 9.430000000000000000e+02 1.500000000000000000e+02 1.400000000000000000e+03 9.750000000000000000e+02
1.267000000000000000e+03 9.410000000000000000e+02 2.250000000000000000e+02 1.400000000000000000e+03 9.750000000000000000e+02
1.310000000000000000e+03 9.400000000000000000e+02 3.000000000000000000e+02 1.400000000000000000e+03 9.750000000000000000e+02
1.354000000000000000e+03 9.380000000000000000e+02 3.750000000000000000e+02 1.400000000000000000e+03 9.750000000000000000e+02
1.398000000000000000e+03 9.370000000000000000e+02 4.500000000000000000e+02 1.400000000000000000e+03 9.750000000000000000e+02
1.442000000000000000e+03 9.350000000000000000e+02 5.250000000000000000e+02 1.400000000000000000e+03 9.750000000000000000e+02
1.487000000000000000e+03 9.340000000000000000e+02 6.000000000000000000e+02 1.400000000000000000e+03 9.750000000000000000e+02
1.532000000000000000e+03 9.320000000000000000e+02 6.750000000000000000e+02 1.400000000000000000e+03 9.750000000000000000e+02
1.577000000000000000e+03 9.310000000000000000e+02 7.500000000000000000e+02 1.400000000000000000e+03 9.750000000000000000e+02
1.623000000000000000e+03 9.290000000000000000e+02 8.250000000000000000e+02 1.400000000000000000e+03 9.750000000000000000e+02
1.669000000000000000e+03 9.270000000000000000e+02 9.000000000000000000e+02 1.400000000000000000e+03 9.750000000000000000e+02
1.716000000000000000e+03 9.260000000000000000e+02 9.750000000000000000e+02 1.400000000000000000e+03 9.750000000000000000e+02
1.763000000000000000e+03 9.240000000000000000e+02 1.050000000000000000e+03 1.400000000000000000e+03 9.750000000000000000e+02
1.810000000000000000e+03 9.220000000000000000e+02 1.125000000000000000e+03 1.400000000000000000e+03 9.750000000000000000e+02
1.857000000000000000e+03 9.210000000000000000e+02 1.200000000000000000e+03 1.400000000000000000e+03 9.750000000000000000e+02
1.905000000000000000e+03 9.190000000000000000e+02 1.275000000000000000e+03 1.400000000000000000e+03 9.750000000000000000e+02
1.954000000000000000e+03 9.170000000000000000e+02 1.350000000000000000e+03 1.400000000000000000e+03 9.750000000000000000e+02
2.002000000000000000e+03 9.150000000000000000e+02 1.425000000000000000e+03 1.400000000000000000e+03 9.750000000000000000e+02
2.051000000000000000e+03 9.130000000000000000e+02 1.500000000000000000e+03 1.400000000000000000e+03 9.750000000000000000e+02
2.101000000000000000e+03 9.120000000000000000e+02 1.575000000000000000e+03 1.400000000000000000e+03 9.750000000000000000e+02
2.151000000000000000e+03 9.100000000000000000e+02 1.650000000000000000e+03 1.400000000000000000e+03 9.750000000000000000e+02
2.201000000000000000e+03 9.080000000000000000e+02 1.725000000000000000e+03 1.400000000000000000e+03 9.750000000000000000e+02
2.252000000000000000e+03 9.060000000000000000e+02 1.800000000000000000e+03 1.400000000000000000e+03 9.750000000000000000e+02
1.140000000000000000e+03 8.990000000000000000e+02 0.000000000000000000e+00 1.400000000000000000e+03 1.050000000000000000e+03
1.182000000000000000e+03 8.970000000000000000e+02 7.500000000000000000e+01 1.400000000000000000e+03 1.050000000000000000e+03
1.224000000000000000e+03 8.960000000000000000e+02 1.500000000000000000e+02 1.400000000000000000e+03 1.050000000000000000e+03
1.267000000000000000e+03 8.940000000000000000e+02 2.250000000000000000e+02 1.400000000000000000e+03 1.050000000000000000e+03
1.310000000000000000e+03 8.920000000000000000e+02 3.000000000000000000e+02 1.400000000000000000e+03 1.050000000000000000e+03
1.354000000000000000e+03 8.900000000000000000e+02 3.750000000000000000e+02 1.400000000000000000e+03 1.050000000000000000e+03
1.398000000000000000e+03 8.890000000000000000e+02 4.500000000000000000e+02 1.400000000000000000e+03 1.050000000000000000e+03
1.442000000000000000e+03 8.870000000000000000e+02 5.250000000000000000e+02 1.400000000000000000e+03 1.050000000000000000e+03
1.487000000000000000e+03 8.850000000000000000e+02 6.000000000000000000e+02 1.400000000000000000e+03 1.050000000000000000e+03
1.532000000000000000e+03 8.830000000000000000e+02 6.750000000000000000e+02 1.400000000000000000e+03 1.050000000000000000e+03
1.577000000000000000e+03 8.820000000000000000e+02 7.500000000000000000e+02 1.400000000000000000e+03 1.050000000000000000e+03
1.623000000000000000e+03 8.800000000000000000e+02 8.250000000000000000e+02 1.400000000000000000e+03 1.050000000000000000e+03
1.669000000000000000e+03 8.780000000000000000e+02 9.000000000000000000e+02 1.400000000000000000e+03 1.050000000000000000e+03
1.716000000000000000e+03 8.760000000000000000e+02 9.750000000000000000e+02 1.400000000000000000e+03 1.050000000000000000e+03
1.762000000000000000e+03 8.740000000000000000e+02 1.050000000000000000e+03 1.400000000000000000e+03 1.050000000000000000e+03
1.810000000000000000e+03 8.720000000000000000e+02 1.125000000000000000e+03 1.400000000000000000e+03 1.050000000000000000e+03
1.857000000000000000e+03 8.700000000000000000e+02 1.200000000000000000e+03 1.400000000000000000e+03 1.050000000000000000e+03
1.905000000000000000e+03 8.680000000000000000e+02 1.275000000000000000e+03 1.400000000000000000e+03 1.050000000000000000e+03
1.953000000000000000e+03 8.670000000000000000e+02 1.350000000000000000e+03 1.400000000000000000e+03 1.050000000000000000e+03
2.002000000000000000e+03 8.650000000000000000e+02 1.425000000000000000e+03 1.400000000000000000e+03 1.050000000000000000e+03
2.051000000000000000e+03 8.630000000000000000e+02 1.500000000000000000e+03 1.400000000000000000e+03 1.050000000000000000e+03
2.100000000000000000e+03 8.610000000000000000e+02 1.575000000000000000e+03 1.400000000000000000e+03 1.050000000000000000e+03
2.150000000000000000e+03 8.590000000000000000e+02 1.650000000000000000e+03 1.400000000000000000e+03 1.050000000000000000e+03
2.200000000000000000e+03 8.570000000000000000e+02 1.725000000000000000e+03 1.400000000000000000e+03 1.050000000000000000e+03
2.250000000000000000e+03 8.550000000000000000e+02 1.800000000000000000e+03 1.400000000000000000e+03 1.050000000000000000e+03
1.140000000000000000e+03 8.520000000000000000e+02 0.000000000000000000e+00 1.400000000000000000e+03 1.125000000000000000e+03
1.182000000000000000e+03 8.500000000000000000e+02 7.500000000000000000e+01 1.400000000000000000e+03 1.125000000000000000e+03
1.224000000000000000e+03 8.480000000000000000e+02 1.500000000000000000e+02 1.400000000000000000e+03 1.125000000000000000e+03
1.267000000000000000e+03 8.460000000000000000e+02 2.250000000000000000e+02 1.400000000000000000e+03 1.125000000000000000e+03
1.310000000000000000e+03 8.440000000000000000e+02 3.000000000000000000e+02 1.400000000000000000e+03 1.125000000000000000e+03
1.354000000000000000e+03 8.420000000000000000e+02 3.750000000000000000e+02 1.400000000000000000e+03 1.125000000000000000e+03
1.398000000000000000e+03 8.410000000000000000e+02 4.500000000000000000e+02 1.400000000000000000e+03 1.125000000000000000e+03
1.442000000000000000e+03 8.390000000000000000e+02 5.250000000000000000e+02 1.400000000000000000e+03 1.125000000000000000e+03
1.487000000000000000e+03 8.370000000000000000e+02 6.000000000000000000e+02 1.400000000000000000e+03 1.125000000000000000e+03
1.532000000000000000e+03 8.350000000000000000e+02 6.750000000000000000e+02 1.400000000000000000e+03 1.125000000000000000e+03
1.577000000000000000e+03 8.330000000000000000e+02 7.500000000000000000e+02 1.400000000000000000e+03 1.125000000000000000e+03
1.623000000000000000e+03 8.310000000000000000e+02 8.250000000000000000e+02 1.400000000000000000e+03 1.125000000000000000e+03
1.669000000000000000e+03 8.290000000000000000e+02 9.000000000000000000e+02 1.400000000000000000e+03 1.125000000000000000e+03
1.715000000000000000e+03 8.270000000000000000e+02 9.750000000000000000e+02 1.400000000000000000e+03 1.125000000000000000e+03
1.762000000000000000e+03 8.250000000000000000e+02 1.050000000000000000e+03 1.400000000000000000e+03 1.125000000000000000e+03
1.809000000000000000e+03 8.230000000000000000e+02 1.125000000000000000e+03 1.400000000000000000e+03 1.125000000000000000e+03
1.857000000000000000e+03 8.200000000000000000e+02 1.200000000000000000e+03 1.400000000000000000e+03 1.125000000000000000e+03
1.905000000000000000e+03 8.180000000000000000e+02 1.275000000000000000e+03 1.400000000000000000e+03 1.125000000000000000e+03
1.953000000000000000e+03 8.160000000000000000e+02 1.350000000000000000e+03 1.400000000000000000e+03 1.125000000000000000e+03
2.001000000000000000e+03 8.140000000000000000e+02 1.425000000000000000e+03 1.400000000000000000e+03 1.125000000000000000e+03
2.050000000000000000e+03 8.120000000000000000e+02 1.500000000000000000e+03 1.400000000000000000e+03 1.125000000000000000e+03
2.100000000000000000e+03 8.100000000000000000e+02 1.575000000000000000e+03 1.400000000000000000e+03 1.125000000000000000e+03
2.149000000000000000e+03 8.070000000000000000e+02 1.650000000000000000e+03 1.400000000000000000e+03 1.125000000000000000e+03
2.200000000000000000e+03 8.050000000000000000e+02 1.725000000000000000e+03 1.400000000000000000e+03 1.125000000000000000e+03
2.250000000000000000e+03 8.030000000000000000e+02 1.800000000000000000e+03 1.400000000000000000e+03 1.125000000000000000e+03
1.140000000000000000e+03 8.050000000000000000e+02 0.000000000000000000e+00 1.400000000000000000e+03 1.200000000000000000e+03
1.182000000000000000e+03 8.030000000000000000e+02 7.500000000000000000e+01 1.400000000000000000e+03 1.200000000000000000e+03
1.224000000000000000e+03 8.010000000000000000e+02 1.500000000000000000e+02 1.400000000000000000e+03 1.200000000000000000e+03
1.267000000000000000e+03 7.990000000000000000e+02 2.250000000000000000e+02 1.400000000000000000e+03 1.200000000000000000e+03
1.310000000000000000e+03 7.970000000000000000e+02 3.000000000000000000e+02 1.400000000000000000e+03 1.200000000000000000e+03
1.354000000000000000e+03 7.950000000000000000e+02 3.750000000000000000e+02 1.400000000000000000e+03 1.200000000000000000e+03
1.398000000000000000e+03 7.930000000000000000e+02 4.500000000000000000e+02 1.400000000000000000e+03 1.200000000000000000e+03
1.442000000000000000e+03 7.900000000000000000e+02 5.250000000000000000e+02 1.400000000000000000e+03 1.200000000000000000e+03
1.487000000000000000e+03 7.880000000000000000e+02 6.000000000000000000e+02 1.400000000000000000e+03 1.200000000000000000e+03
1.532000000000000000e+03 7.860000000000000000e+02 6.750000000000000000e+02 1.400000000000000000e+03 1.200000000000000000e+03
1.577000000000000000e+03 7.840000000000000000e+02 7.500000000000000000e+02 1.400000000000000000e+03 1.200000000000000000e+03
1.623000000000000000e+03 7.820000000000000000e+02 8.250000000000000000e+02 1.400000000000000000e+03 1.200000000000000000e+03
1.669000000000000000e+03 7.790000000000000000e+02 9.000000000000000000e+02 1.400000000000000000e+03 1.200000000000000000e+03
1.715000000000000000e+03 7.770000000000000000e+02 9.750000000000000000e+02 1.400000000000000000e+03 1.200000000000000000e+03
1.762000000000000000e+03 7.750000000000000000e+02 1.050000000000000000e+03 1.400000000000000000e+03 1.200000000000000000e+03
1.809000000000000000e+03 7.730000000000000000e+02 1.125000000000000000e+03 1.400000000000000000e+03 1.200000000000000000e+03
1.856000000000000000e+03 7.710000000000000000e+02 1.200000000000000000e+03 1.400000000000000000e+03 1.200000000000000000e+03
1.904000000000000000e+03 7.680000000000000000e+02 1.275000000000000000e+03 1.400000000000000000e+03 1.200000000000000000e+03
1.952000000000000000e+03 7.660000000000000000e+02 1.350000000000000000e+03 1.400000000000000000e+03 1.200000000000000000e+03
2.001000000000000000e+03 7.630000000000000000e+02 1.425000000000000000e+03 1.400000000000000000e+03 1.200000000000000000e+03
2.050000000000000000e+03 7.610000000000000000e+02 1.500000000000000000e+03 1.400000000000000000e+03 1.200000000000000000e+03
2.099000000000000000e+03 7.590000000000000000e+02 1.575000000000000000e+03 1.400000000000000000e+03 1.200000000000000000e+03
2.149000000000000000e+03 7.560000000000000000e+02 1.650000000000000000e+03 1.400000000000000000e+03 1.200000000000000000e+03
2.199000000000000000e+03 7.530000000000000000e+02 1.725000000000000000e+03 1.400000000000000000e+03 1.200000000000000000e+03
2.250000000000000000e+03 7.510000000000000000e+02 1.800000000000000000e+03 1.400000000000000000e+03 1.200000000000000000e+03
1.140000000000000000e+03 7.580000000000000000e+02 0.000000000000000000e+00 1.400000000000000000e+03 1.275000000000000000e+03
1.182000000000000000e+03 7.560000000000000000e+02 7.500000000000000000e+01 1.400000000000000000e+03 1.275000000000000000e+03
1.225000000000000000e+03 7.540000000000000000e+02 1.500000000000000000e+02 1.400000000000000000e+03 1.275000000000000000e+03
1.267000000000000000e+03 7.520000000000000000e+02 2.250000000000000000e+02 1.400000000000000000e+03 1.275000000000000000e+03
1.311000000000000000e+03 7.490000000000000000e+02 3.000000000000000000e+02 1.400000000000000000e+03 1.275000000000000000e+03
1.354000000000000000e+03 7.470000000000000000e+02 3.750000000000000000e+02 1.400000000000000000e+03 1.275000000000000000e+03
1.398000000000000000e+03 7.450000000000000000e+02 4.500000000000000000e+02 1.400000000000000000e+03 1.275000000000000000e+03
1.442000000000000000e+03 7.420000000000000000e+02 5.250000000000000000e+02 1.400000000000000000e+03 1.275000000000000000e+03
1.486000000000000000e+03 7.400000000000000000e+02 6.000000000000000000e+02 1.400000000000000000e+03 1.275000000000000000e+03
1.531000000000000000e+03 7.380000000000000000e+02 6.750000000000000000e+02 1.400000000000000000e+03 1.275000000000000000e+03
1.577000000000000000e+03 7.350000000000000000e+02 7.500000000000000000e+02 1.400000000000000000e+03 1.275000000000000000e+03
1.622000000000000000e+03 7.330000000000000000e+02 8.250000000000000000e+02 1.400000000000000000e+03 1.275000000000000000e+03
1.668000000000000000e+03 7.300000000000000000e+02 9.000000000000000000e+02 1.400000000000000000e+03 1.275000000000000000e+03
1.715000000000000000e+03 7.280000000000000000e+02 9.750000000000000000e+02 1.400000000000000000e+03 1.275000000000000000e+03
1.761000000000000000e+03 7.260000000000000000e+02 1.050000000000000000e+03 1.400000000000000000e+03 1.275000000000000000e+03
1.808000000000000000e+03 7.230000000000000000e+02 1.125000000000000000e+03 1.400000000000000000e+03 1.275000000000000000e+03
1.856000000000000000e+03 7.200000000000000000e+02 1.200000000000000000e+03 1.400000000000000000e+03 1.275000000000000000e+03
1.904000000000000000e+03 7.180000000000000000e+02 1.275000000000000000e+03 1.400000000000000000e+03 1.275000000000000000e+03
1.952000000000000000e+03 7.150000000000000000e+02 1.350000000000000000e+03 1.400000000000000000e+03 1.275000000000000000e+03
2.000000000000000000e+03 7.130000000000000000e+02 1.425000000000000000e+03 1.400000000000000000e+03 1.275000000000000000e+03
2.049000000000000000e+03 7.100000000000000000e+02 1.500000000000000000e+03 1.400000000000000000e+03 1.275000000000000000e+03
2.098000000000000000e+03 7.080000000000000000e+02 1.575000000000000000e+03 1.400000000000000000e+03 1.275000000000000000e+03
2.148000000000000000e+03 7.050000000000000000e+02 1.650000000000000000e+03 1.400000000000000000e+03 1.275000000000000000e+03
2.198000000000000000e+03 7.020000000000000000e+02 1.725000000000000000e+03 1.400000000000000000e+03 1.275000000000000000e+03
2.248000000000000000e+03 7.000000000000000000e+02 1.800000000000000000e+03 1.400000000000000000e+03 1.275000000000000000e+03
