# x,y,X,Y,Z
6.990000000000000000e+02 1.479000000000000000e+03 0.000000000000000000e+00 7.000000000000000000e+02 1.500000000000000000e+02
7.470000000000000000e+02 1.480000000000000000e+03 7.500000000000000000e+01 7.000000000000000000e+02 1.500000000000000000e+02
7.950000000000000000e+02 1.481000000000000000e+03 1.500000000000000000e+02 7.000000000000000000e+02 1.500000000000000000e+02
8.440000000000000000e+02 1.482000000000000000e+03 2.250000000000000000e+02 7.000000000000000000e+02 1.500000000000000000e+02
8.930000000000000000e+02 1.483000000000000000e+03 3.000000000000000000e+02 7.000000000000000000e+02 1.500000000000000000e+02
9.430000000000000000e+02 1.484000000000000000e+03 3.750000000000000000e+02 7.000000000000000000e+02 1.500000000000000000e+02
9.930000000000000000e+02 1.485000000000000000e+03 4.500000000000000000e+02 7.000000000000000000e+02 1.500000000000000000e+02
1.043000000000000000e+03 1.486000000000000000e+03 5.250000000000000000e+02 7.000000000000000000e+02 1.500000000000000000e+02
1.095000000000000000e+03 1.487000000000000000e+03 6.000000000000000000e+02 7.000000000000000000e+02 1.500000000000000000e+02
1.147000000000000000e+03 1.488000000000000000e+03 6.750000000000000000e+02 7.000000000000000000e+02 1.500000000000000000e+02
1.199000000000000000e+03 1.489000000000000000e+03 7.500000000000000000e+02 7.000000000000000000e+02 1.500000000000000000e+02
1.252000000000000000e+03 1.490000000000000000e+03 8.250000000000000000e+02 7.000000000000000000e+02 1.500000000000000000e+02
1.305000000000000000e+03 1.491000000000000000e+03 9.000000000000000000e+02 7.000000000000000000e+02 1.500000000000000000e+02
1.359000000000000000e+03 1.492000000000000000e+03 9.750000000000000000e+02 7.000000000000000000e+02 1.500000000000000000e+02
1.414000000000000000e+03 1.493000000000000000e+03 1.050000000000000000e+03 7.000000000000000000e+02 1.500000000000000000e+02
1.469000000000000000e+03 1.493000000000000000e+03 1.125000000000000000e+03 7.000000000000000000e+02 1.500000000000000000e+02
1.524000000000000000e+03 1.494000000000000000e+03 1.200000000000000000e+03 7.000000000000000000e+02 1.500000000000000000e+02
1.580000000000000000e+03 1.495000000000000000e+03 1.275000000000000000e+03 7.000000000000000000e+02 1.500000000000000000e+02
1.637000000000000000e+03 1.496000000000000000e+03 1.350000000000000000e+03 7.000000000000000000e+02 1.500000000000000000e+02
1.694000000000000000e+03 1.497000000000000000e+03 1.425000000000000000e+03 7.000000000000000000e+02 1.500000000000000000e+02
1.752000000000000000e+03 1.498000000000000000e+03 1.500000000000000000e+03 7.000000000000000000e+02 1.500000000000000000e+02
1.810000000000000000e+03 1.498000000000000000e+03 1.575000000000000000e+03 7.000000000000000000e+02 1.500000000000000000e+02
1.869000000000000000e+03 1.499000000000000000e+03 1.650000000000000000e+03 7.000000000000000000e+02 1.500000000000000000e+02
1.929000000000000000e+03 1.500000000000000000e+03 1.725000000000000000e+03 7.000000000000000000e+02 1.500000000000000000e+02
1.989000000000000000e+03 1.501000000000000000e+03 1.800000000000000000e+03 7.000000000000000000e+02 1.500000000000000000e+02
7.000000000000000000e+02 1.424000000000000000e+03 0.000000000000000000e+00 7.000000000000000000e+02 2.250000000000000000e+02
7.470000000000000000e+02 1.424000000000000000e+03 7.500000000000000000e+01 7.000000000000000000e+02 2.250000000000000000e+02
7.960000000000000000e+02 1.425000000000000000e+03 1.500000000000000000e+02 7.000000000000000000e+02 2.250000000000000000e+02
8.440000000000000000e+02 1.426000000000000000e+03 2.250000000000000000e+02 7.000000000000000000e+02 2.250000000000000000e+02
8.930000000000000000e+02 1.426000000000000000e+03 3.000000000000000000e+02 7.000000000000000000e+02 2.250000000000000000e+02
9.430000000000000000e+02 1.427000000000000000e+03 3.750000000000000000e+02 7.000000000000000000e+02 2.250000000000000000e+02
9.930000000000000000e+02 1.428000000000000000e+03 4.500000000000000000e+02 7.000000000000000000e+02 2.250000000000000000e+02
1.044000000000000000e+03 1.428000000000000000e+03 5.250000000000000000e+02 7.000000000000000000e+02 2.250000000000000000e+02
1.095000000000000000e+03 1.429000000000000000e+03 6.000000000000000000e+02 7.000000000000000000e+02 2.250000000000000000e+02
1.147000000000000000e+03 1.430000000000000000e+03 6.750000000000000000e+02 7.000000000000000000e+02 2.250000000000000000e+02
1.199000000000000000e+03 1.430000000000000000e+03 7.500000000000000000e+02 7.000000000000000000e+02 2.250000000000000000e+02
1.252000000000000000e+03 1.431000000000000000e+03 8.250000000000000000e+02 7.000000000000000000e+02 2.250000000000000000e+02
1.306000000000000000e+03 1.432000000000000000e+03 9.000000000000000000e+02 7.000000000000000000e+02 2.250000000000000000e+02
1.360000000000000000e+03 1.432000000000000000e+03 9.750000000000000000e+02 7.000000000000000000e+02 2.250000000000000000e+02
1.414000000000000000e+03 1.433000000000000000e+03 1.050000000000000000e+03 7.000000000000000000e+02 2.250000000000000000e+02
1.469000000000000000e+03 1.433000000000000000e+03 1.125000000000000000e+03 7.000000000000000000e+02 2.250000000000000000e+02
1.525000000000000000e+03 1.434000000000000000e+03 1.200000000000000000e+03 7.000000000000000000e+02 2.250000000000000000e+02
1.581000000000000000e+03 1.435000000000000000e+03 1.275000000000000000e+03 7.000000000000000000e+02 2.250000000000000000e+02
1.637000000000000000e+03 1.435000000000000000e+03 1.350000000000000000e+03 7.000000000000000000e+02 2.250000000000000000e+02
1.694000000000000000e+03 1.436000000000000000e+03 1.425000000000000000e+03 7.000000000000000000e+02 2.250000000000000000e+02
1.752000000000000000e+03 1.436000000000000000e+03 1.500000000000000000e+03 7.000000000000000000e+02 2.250000000000000000e+02
1.810000000000000000e+03 1.437000000000000000e+03 1.575000000000000000e+03 7.000000000000000000e+02 2.250000000000000000e+02
1.869000000000000000e+03 1.437000000000000000e+03 1.650000000000000000e+03 7.000000000000000000e+02 2.250000000000000000e+02
1.929000000000000000e+03 1.437000000000000000e+03 1.725000000000000000e+03 7.000000000000000000e+02 2.250000000000000000e+02
1.989000000000000000e+03 1.438000000000000000e+03 1.800000000000000000e+03 7.000000000000000000e+02 2.250000000000000000e+02
7.000000000000000000e+02 1.368000000000000000e+03 0.000000000000000000e+00 7.000000000000000000e+02 3.000000000000000000e+02
7.480000000000000000e+02 1.368000000000000000e+03 7.500000000000000000e+01 7.000000000000000000e+02 3.000000000000000000e+02
7.960000000000000000e+02 1.369000000000000000e+03 1.500000000000000000e+02 7.000000000000000000e+02 3.000000000000000000e+02
8.450000000000000000e+02 1.369000000000000000e+03 2.250000000000000000e+02 7.000000000000000000e+02 3.000000000000000000e+02
8.940000000000000000e+02 1.370000000000000000e+03 3.000000000000000000e+02 7.000000000000000000e+02 3.000000000000000000e+02
9.440000000000000000e+02 1.370000000000000000e+03 3.750000000000000000e+02 7.000000000000000000e+02 3.000000000000000000e+02
9.940000000000000000e+02 1.370000000000000000e+03 4.500000000000000000e+02 7.000000000000000000e+02 3.000000000000000000e+02
1.044000000000000000e+03 1.371000000000000000e+03 5.250000000000000000e+02 7.000000000000000000e+02 3.000000000000000000e+02
1.096000000000000000e+03 1.371000000000000000e+03 6.000000000000000000e+02 7.000000000000000000e+02 3.000000000000000000e+02
1.147000000000000000e+03 1.371000000000000000e+03 6.750000000000000000e+02 7.000000000000000000e+02 3.000000000000000000e+02
1.200000000000000000e+03 1.372000000000000000e+03 7.500000000000000000e+02 7.000000000000000000e+02 3.000000000000000000e+02
1.253000000000000000e+03 1.372000000000000000e+03 8.250000000000000000e+02 7.000000000000000000e+02 3.000000000000000000e+02
1.306000000000000000e+03 1.372000000000000000e+03 9.000000000000000000e+02 7.000000000000000000e+02 3.000000000000000000e+02
1.360000000000000000e+03 1.373000000000000000e+03 9.750000000000000000e+02 7.000000000000000000e+02 3.000000000000000000e+02
1.414000000000000000e+03 1.373000000000000000e+03 1.050000000000000000e+03 7.000000000000000000e+02 3.000000000000000000e+02
1.469000000000000000e+03 1.373000000000000000e+03 1.125000000000000000e+03 7.000000000000000000e+02 3.000000000000000000e+02
1.525000000000000000e+03 1.374000000000000000e+03 1.200000000000000000e+03 7.000000000000000000e+02 3.000000000000000000e+02
1.581000000000000000e+03 1.374000000000000000e+03 1.275000000000000000e+03 7.000000000000000000e+02 3.000000000000000000e+02
1.637000000000000000e+03 1.374000000000000000e+03 1.350000000000000000e+03 7.000000000000000000e+02 3.000000000000000000e+02
1.694000000000000000e+03 1.374000000000000000e+03 1.425000000000000000e+03 7.000000000000000000e+02 3.000000000000000000e+02
1.752000000000000000e+03 1.375000000000000000e+03 1.500000000000000000e+03 7.000000000000000000e+02 3.000000000000000000e+02
1.810000000000000000e+03 1.375000000000000000e+03 1.575000000000000000e+03 7.000000000000000000e+02 3.000000000000000000e+02
1.869000000000000000e+03 1.375000000000000000e+03 1.650000000000000000e+03 7.000000000000000000e+02 3.000000000000000000e+02
1.928000000000000000e+03 1.375000000000000000e+03 1.725000000000000000e+03 7.000000000000000000e+02 3.000000000000000000e+02
1.989000000000000000e+03 1.375000000000000000e+03 1.800000000000000000e+03 7.000000000000000000e+02 3.000000000000000000e+02
7.010000000000000000e+02 1.312000000000000000e+03 0.000000000000000000e+00 7.000000000000000000e+02 3.750000000000000000e+02
7.480000000000000000e+02 1.312000000000000000e+03 7.500000000000000000e+01 7.000000000000000000e+02 3.750000000000000000e+02
7.970000000000000000e+02 1.313000000000000000e+03 1.500000000000000000e+02 7.000000000000000000e+02 3.750000000000000000e+02
8.450000000000000000e+02 1.313000000000000000e+03 2.250000000000000000e+02 7.000000000000000000e+02 3.750000000000000000e+02
8.940000000000000000e+02 1.313000000000000000e+03 3.000000000000000000e+02 7.000000000000000000e+02 3.750000000000000000e+02
9.440000000000000000e+02 1.313000000000000000e+03 3.750000000000000000e+02 7.000000000000000000e+02 3.750000000000000000e+02
9.940000000000000000e+02 1.313000000000000000e+03 4.500000000000000000e+02 7.000000000000000000e+02 3.750000000000000000e+02
1.045000000000000000e+03 1.313000000000000000e+03 5.250000000000000000e+02 7.000000000000000000e+02 3.750000000000000000e+02
1.096000000000000000e+03 1.313000000000000000e+03 6.000000000000000000e+02 7.000000000000000000e+02 3.750000000000000000e+02
1.148000000000000000e+03 1.313000000000000000e+03 6.750000000000000000e+02 7.000000000000000000e+02 3.750000000000000000e+02
1.200000000000000000e+03 1.313000000000000000e+03 7.500000000000000000e+02 7.000000000000000000e+02 3.750000000000000000e+02
1.253000000000000000e+03 1.313000000000000000e+03 8.250000000000000000e+02 7.000000000000000000e+02 3.750000000000000000e+02
1.306000000000000000e+03 1.313000000000000000e+03 9.000000000000000000e+02 7.000000000000000000e+02 3.750000000000000000e+02
1.360000000000000000e+03 1.313000000000000000e+03 9.750000000000000000e+02 7.000000000000000000e+02 3.750000000000000000e+02
1.414000000000000000e+03 1.313000000000000000e+03 1.050000000000000000e+03 7.000000000000000000e+02 3.750000000000000000e+02
1.469000000000000000e+03 1.313000000000000000e+03 1.125000000000000000e+03 7.000000000000000000e+02 3.750000000000000000e+02
1.525000000000000000e+03 1.313000000000000000e+03 1.200000000000000000e+03 7.000000000000000000e+02 3.750000000000000000e+02
1.581000000000000000e+03 1.313000000000000000e+03 1.275000000000000000e+03 7.000000000000000000e+02 3.750000000000000000e+02
1.637000000000000000e+03 1.313000000000000000e+03 1.350000000000000000e+03 7.000000000000000000e+02 3.750000000000000000e+02
1.694000000000000000e+03 1.313000000000000000e+03 1.425000000000000000e+03 7.000000000000000000e+02 3.750000000000000000e+02
1.752000000000000000e+03 1.313000000000000000e+03 1.500000000000000000e+03 7.000000000000000000e+02 3.750000000000000000e+02
1.810000000000000000e+03 1.313000000000000000e+03 1.575000000000000000e+03 7.000000000000000000e+02 3.750000000000000000e+02
1.869000000000000000e+03 1.313000000000000000e+03 1.650000000000000000e+03 7.000000000000000000e+02 3.750000000000000000e+02
1.928000000000000000e+03 1.312000000000000000e+03 1.725000000000000000e+03 7.000000000000000000e+02 3.750000000000000000e+02
1.988000000000000000e+03 1.312000000000000000e+03 1.800000000000000000e+03 7.000000000000000000e+02 3.750000000000000000e+02
7.020000000000000000e+02 1.257000000000000000e+03 0.000000000000000000e+00 7.000000000000000000e+02 4.500000000000000000e+02
7.490000000000000000e+02 1.256000000000000000e+03 7.500000000000000000e+01 7.000000000000000000e+02 4.500000000000000000e+02
7.970000000000000000e+02 1.256000000000000000e+03 1.500000000000000000e+02 7.000000000000000000e+02 4.500000000000000000e+02
8.460000000000000000e+02 1.256000000000000000e+03 2.250000000000000000e+02 7.000000000000000000e+02 4.500000000000000000e+02
8.950000000000000000e+02 1.256000000000000000e+03 3.000000000000000000e+02 7.000000000000000000e+02 4.500000000000000000e+02
9.440000000000000000e+02 1.256000000000000000e+03 3.750000000000000000e+02 7.000000000000000000e+02 4.500000000000000000e+02
9.950000000000000000e+02 1.256000000000000000e+03 4.500000000000000000e+02 7.000000000000000000e+02 4.500000000000000000e+02
1.045000000000000000e+03 1.255000000000000000e+03 5.250000000000000000e+02 7.000000000000000000e+02 4.500000000000000000e+02
1.096000000000000000e+03 1.255000000000000000e+03 6.000000000000000000e+02 7.000000000000000000e+02 4.500000000000000000e+02
1.148000000000000000e+03 1.255000000000000000e+03 6.750000000000000000e+02 7.000000000000000000e+02 4.500000000000000000e+02
1.200000000000000000e+03 1.255000000000000000e+03 7.500000000000000000e+02 7.000000000000000000e+02 4.500000000000000000e+02
1.253000000000000000e+03 1.254000000000000000e+03 8.250000000000000000e+02 7.000000000000000000e+02 4.500000000000000000e+02
1.306000000000000000e+03 1.254000000000000000e+03 9.000000000000000000e+02 7.000000000000000000e+02 4.500000000000000000e+02
1.360000000000000000e+03 1.254000000000000000e+03 9.750000000000000000e+02 7.000000000000000000e+02 4.500000000000000000e+02
1.414000000000000000e+03 1.254000000000000000e+03 1.050000000000000000e+03 7.000000000000000000e+02 4.500000000000000000e+02
1.469000000000000000e+03 1.253000000000000000e+03 1.125000000000000000e+03 7.000000000000000000e+02 4.500000000000000000e+02
1.525000000000000000e+03 1.253000000000000000e+03 1.200000000000000000e+03 7.000000000000000000e+02 4.500000000000000000e+02
1.581000000000000000e+03 1.253000000000000000e+03 1.275000000000000000e+03 7.000000000000000000e+02 4.500000000000000000e+02
1.637000000000000000e+03 1.252000000000000000e+03 1.350000000000000000e+03 7.000000000000000000e+02 4.500000000000000000e+02
1.694000000000000000e+03 1.252000000000000000e+03 1.425000000000000000e+03 7.000000000000000000e+02 4.500000000000000000e+02
1.752000000000000000e+03 1.252000000000000000e+03 1.500000000000000000e+03 7.000000000000000000e+02 4.500000000000000000e+02
1.810000000000000000e+03 1.251000000000000000e+03 1.575000000000000000e+03 7.000000000000000000e+02 4.500000000000000000e+02
1.869000000000000000e+03 1.251000000000000000e+03 1.650000000000000000e+03 7.000000000000000000e+02 4.500000000000000000e+02
1.928000000000000000e+03 1.250000000000000000e+03 1.725000000000000000e+03 7.000000000000000000e+02 4.500000000000000000e+02
1.988000000000000000e+03 1.250000000000000000e+03 1.800000000000000000e+03 7.000000000000000000e+02 4.500000000000000000e+02
7.020000000000000000e+02 1.201000000000000000e+03 0.000000000000000000e+00 7.000000000000000000e+02 5.250000000000000000e+02
7.500000000000000000e+02 1.201000000000000000e+03 7.500000000000000000e+01 7.000000000000000000e+02 5.250000000000000000e+02
7.980000000000000000e+02 1.200000000000000000e+03 1.500000000000000000e+02 7.000000000000000000e+02 5.250000000000000000e+02
8.460000000000000000e+02 1.200000000000000000e+03 2.250000000000000000e+02 7.000000000000000000e+02 5.250000000000000000e+02
8.950000000000000000e+02 1.199000000000000000e+03 3.000000000000000000e+02 7.000000000000000000e+02 5.250000000000000000e+02
9.450000000000000000e+02 1.199000000000000000e+03 3.750000000000000000e+02 7.000000000000000000e+02 5.250000000000000000e+02
9.950000000000000000e+02 1.198000000000000000e+03 4.500000000000000000e+02 7.000000000000000000e+02 5.250000000000000000e+02
1.046000000000000000e+03 1.198000000000000000e+03 5.250000000000000000e+02 7.000000000000000000e+02 5.250000000000000000e+02
1.097000000000000000e+03 1.197000000000000000e+03 6.000000000000000000e+02 7.000000000000000000e+02 5.250000000000000000e+02
1.148000000000000000e+03 1.197000000000000000e+03 6.750000000000000000e+02 7.000000000000000000e+02 5.250000000000000000e+02
1.201000000000000000e+03 1.196000000000000000e+03 7.500000000000000000e+02 7.000000000000000000e+02 5.250000000000000000e+02
1.253000000000000000e+03 1.196000000000000000e+03 8.250000000000000000e+02 7.000000000000000000e+02 5.250000000000000000e+02
1.306000000000000000e+03 1.195000000000000000e+03 9.000000000000000000e+02 7.000000000000000000e+02 5.250000000000000000e+02
1.360000000000000000e+03 1.195000000000000000e+03 9.750000000000000000e+02 7.000000000000000000e+02 5.250000000000000000e+02
1.415000000000000000e+03 1.194000000000000000e+03 1.050000000000000000e+03 7.000000000000000000e+02 5.250000000000000000e+02
1.469000000000000000e+03 1.193000000000000000e+03 1.125000000000000000e+03 7.000000000000000000e+02 5.250000000000000000e+02
1.525000000000000000e+03 1.193000000000000000e+03 1.200000000000000000e+03 7.000000000000000000e+02 5.250000000000000000e+02
1.581000000000000000e+03 1.192000000000000000e+03 1.275000000000000000e+03 7.000000000000000000e+02 5.250000000000000000e+02
1.637000000000000000e+03 1.192000000000000000e+03 1.350000000000000000e+03 7.000000000000000000e+02 5.250000000000000000e+02
1.694000000000000000e+03 1.191000000000000000e+03 1.425000000000000000e+03 7.000000000000000000e+02 5.250000000000000000e+02
1.751000000000000000e+03 1.190000000000000000e+03 1.500000000000000000e+03 7.000000000000000000e+02 5.250000000000000000e+02
1.810000000000000000e+03 1.189000000000000000e+03 1.575000000000000000e+03 7.000000000000000000e+02 5.250000000000000000e+02
1.868000000000000000e+03 1.189000000000000000e+03 1.650000000000000000e+03 7.000000000000000000e+02 5.250000000000000000e+02
1.928000000000000000e+03 1.188000000000000000e+03 1.725000000000000000e+03 7.000000000000000000e+02 5.250000000000000000e+02
1.987000000000000000e+03 1.187000000000000000e+03 1.800000000000000000e+03 7.000000000000000000e+02 5.250000000000000000e+02
7.030000000000000000e+02 1.146000000000000000e+03 0.000000000000000000e+00 7.000000000000000000e+02 6.000000000000000000e+02
7.500000000000000000e+02 1.145000000000000000e+03 7.500000000000000000e+01 7.000000000000000000e+02 6.000000000000000000e+02
7.980000000000000000e+02 1.144000000000000000e+03 1.500000000000000000e+02 7.000000000000000000e+02 6.000000000000000000e+02
8.470000000000000000e+02 1.143000000000000000e+03 2.250000000000000000e+02 7.000000000000000000e+02 6.000000000000000000e+02
8.960000000000000000e+02 1.143000000000000000e+03 3.000000000000000000e+02 7.000000000000000000e+02 6.000000000000000000e+02
9.450000000000000000e+02 1.142000000000000000e+03 3.750000000000000000e+02 7.000000000000000000e+02 6.000000000000000000e+02
9.950000000000000000e+02 1.141000000000000000e+03 4.500000000000000000e+02 7.000000000000000000e+02 6.000000000000000000e+02
1.046000000000000000e+03 1.140000000000000000e+03 5.250000000000000000e+02 7.000000000000000000e+02 6.000000000000000000e+02
1.097000000000000000e+03 1.140000000000000000e+03 6.000000000000000000e+02 7.000000000000000000e+02 6.000000000000000000e+02
1.149000000000000000e+03 1.139000000000000000e+03 6.750000000000000000e+02 7.000000000000000000e+02 6.000000000000000000e+02
1.201000000000000000e+03 1.138000000000000000e+03 7.500000000000000000e+02 7.000000000000000000e+02 6.000000000000000000e+02
1.253000000000000000e+03 1.137000000000000000e+03 8.250000000000000000e+02 7.000000000000000000e+02 6.000000000000000000e+02
1.307000000000000000e+03 1.136000000000000000e+03 9.000000000000000000e+02 7.000000000000000000e+02 6.000000000000000000e+02
1.360000000000000000e+03 1.135000000000000000e+03 9.750000000000000000e+02 7.000000000000000000e+02 6.000000000000000000e+02
1.415000000000000000e+03 1.135000000000000000e+03 1.050000000000000000e+03 7.000000000000000000e+02 6.000000000000000000e+02
1.469000000000000000e+03 1.134000000000000000e+03 1.125000000000000000e+03 7.000000000000000000e+02 6.000000000000000000e+02
1.525000000000000000e+03 1.133000000000000000e+03 1.200000000000000000e+03 7.000000000000000000e+02 6.000000000000000000e+02
1.580000000000000000e+03 1.132000000000000000e+03 1.275000000000000000e+03 7.000000000000000000e+02 6.000000000000000000e+02
1.637000000000000000e+03 1.131000000000000000e+03 1.350000000000000000e+03 7.000000000000000000e+02 6.000000000000000000e+02
1.694000000000000000e+03 1.130000000000000000e+03 1.425000000000000000e+03 7.000000000000000000e+02 6.000000000000000000e+02
1.751000000000000000e+03 1.129000000000000000e+03 1.500000000000000000e+03 7.000000000000000000e+02 6.000000000000000000e+02
1.809000000000000000e+03 1.128000000000000000e+03 1.575000000000000000e+03 7.000000000000000000e+02 6.000000000000000000e+02
1.868000000000000000e+03 1.127000000000000000e+03 1.650000000000000000e+03 7.000000000000000000e+02 6.000000000000000000e+02
1.927000000000000000e+03 1.126000000000000000e+03 1.725000000000000000e+03 7.000000000000000000e+02 6.000000000000000000e+02
1.987000000000000000e+03 1.125000000000000000e+03 1.800000000000000000e+03 7.000000000000000000e+02 6.000000000000000000e+02
7.030000000000000000e+02 1.090000000000000000e+03 0.000000000000000000e+00 7.000000000000000000e+02 6.750000000000000000e+02
7.510000000000000000e+02 1.089000000000000000e+03 7.500000000000000000e+01 7.000000000000000000e+02 6.750000000000000000e+02
7.990000000000000000e+02 1.088000000000000000e+03 1.500000000000000000e+02 7.000000000000000000e+02 6.750000000000000000e+02
8.470000000000000000e+02 1.087000000000000000e+03 2.250000000000000000e+02 7.000000000000000000e+02 6.750000000000000000e+02
8.960000000000000000e+02 1.086000000000000000e+03 3.000000000000000000e+02 7.000000000000000000e+02 6.750000000000000000e+02
9.460000000000000000e+02 1.085000000000000000e+03 3.750000000000000000e+02 7.000000000000000000e+02 6.750000000000000000e+02
9.960000000000000000e+02 1.084000000000000000e+03 4.500000000000000000e+02 7.000000000000000000e+02 6.750000000000000000e+02
1.046000000000000000e+03 1.083000000000000000e+03 5.250000000000000000e+02 7.000000000000000000e+02 6.750000000000000000e+02
1.097000000000000000e+03 1.082000000000000000e+03 6.000000000000000000e+02 7.000000000000000000e+02 6.750000000000000000e+02
1.149000000000000000e+03 1.081000000000000000e+03 6.750000000000000000e+02 7.000000000000000000e+02 6.750000000000000000e+02
1.201000000000000000e+03 1.080000000000000000e+03 7.500000000000000000e+02 7.000000000000000000e+02 6.750000000000000000e+02
1.254000000000000000e+03 1.079000000000000000e+03 8.250000000000000000e+02 7.000000000000000000e+02 6.750000000000000000e+02
1.307000000000000000e+03 1.078000000000000000e+03 9.000000000000000000e+02 7.000000000000000000e+02 6.750000000000000000e+02
1.361000000000000000e+03 1.076000000000000000e+03 9.750000000000000000e+02 7.000000000000000000e+02 6.750000000000000000e+02
1.415000000000000000e+03 1.075000000000000000e+03 1.050000000000000000e+03 7.000000000000000000e+02 6.750000000000000000e+02
1.469000000000000000e+03 1.074000000000000000e+03 1.125000000000000000e+03 7.000000000000000000e+02 6.750000000000000000e+02
1.525000000000000000e+03 1.073000000000000000e+03 1.200000000000000000e+03 7.000000000000000000e+02 6.750000000000000000e+02
1.580000000000000000e+03 1.072000000000000000e+03 1.275000000000000000e+03 7.000000000000000000e+02 6.750000000000000000e+02
1.637000000000000000e+03 1.070000000000000000e+03 1.350000000000000000e+03 7.000000000000000000e+02 6.750000000000000000e+02
1.694000000000000000e+03 1.069000000000000000e+03 1.425000000000000000e+03 7.000000000000000000e+02 6.750000000000000000e+02
1.751000000000000000e+03 1.068000000000000000e+03 1.500000000000000000e+03 7.000000000000000000e+02 6.750000000000000000e+02
1.809000000000000000e+03 1.066000000000000000e+03 1.575000000000000000e+03 7.000000000000000000e+02 6.750000000000000000e+02
1.868000000000000000e+03 1.065000000000000000e+03 1.650000000000000000e+03 7.000000000000000000e+02 6.750000000000000000e+02
1.927000000000000000e+03 1.064000000000000000e+03 1.725000000000000000e+03 7.000000000000000000e+02 6.750000000000000000e+02
1.986000000000000000e+03 1.062000000000000000e+03 1.800000000000000000e+03 7.000000000000000000e+02 6.750000000000000000e+02
7.040000000000000000e+02 1.035000000000000000e+03 0.000000000000000000e+00 7.000000000000000000e+02 7.500000000000000000e+02
7.510000000000000000e+02 1.033000000000000000e+03 7.500000000000000000e+01 7.000000000000000000e+02 7.500000000000000000e+02
7.990000000000000000e+02 1.032000000000000000e+03 1.500000000000000000e+02 7.000000000000000000e+02 7.500000000000000000e+02
8.480000000000000000e+02 1.031000000000000000e+03 2.250000000000000000e+02 7.000000000000000000e+02 7.500000000000000000e+02
8.970000000000000000e+02 1.030000000000000000e+03 3.000000000000000000e+02 7.000000000000000000e+02 7.500000000000000000e+02
9.460000000000000000e+02 1.028000000000000000e+03 3.750000000000000000e+02 7.000000000000000000e+02 7.500000000000000000e+02
9.960000000000000000e+02 1.027000000000000000e+03 4.500000000000000000e+02 7.000000000000000000e+02 7.500000000000000000e+02
1.047000000000000000e+03 1.026000000000000000e+03 5.250000000000000000e+02 7.000000000000000000e+02 7.500000000000000000e+02
1.098000000000000000e+03 1.024000000000000000e+03 6.000000000000000000e+02 7.000000000000000000e+02 7.500000000000000000e+02
1.149000000000000000e+03 1.023000000000000000e+03 6.750000000000000000e+02 7.000000000000000000e+02 7.500000000000000000e+02
1.201000000000000000e+03 1.022000000000000000e+03 7.500000000000000000e+02 7.000000000000000000e+02 7.500000000000000000e+02
1.254000000000000000e+03 1.020000000000000000e+03 8.250000000000000000e+02 7.000000000000000000e+02 7.500000000000000000e+02
1.307000000000000000e+03 1.019000000000000000e+03 9.000000000000000000e+02 7.000000000000000000e+02 7.500000000000000000e+02
1.361000000000000000e+03 1.017000000000000000e+03 9.750000000000000000e+02 7.000000000000000000e+02 7.500000000000000000e+02
1.415000000000000000e+03 1.016000000000000000e+03 1.050000000000000000e+03 7.000000000000000000e+02 7.500000000000000000e+02
1.470000000000000000e+03 1.014000000000000000e+03 1.125000000000000000e+03 7.000000000000000000e+02 7.500000000000000000e+02
1.525000000000000000e+03 1.013000000000000000e+03 1.200000000000000000e+03 7.000000000000000000e+02 7.500000000000000000e+02
1.580000000000000000e+03 1.011000000000000000e+03 1.275000000000000000e+03 7.000000000000000000e+02 7.500000000000000000e+02
1.637000000000000000e+03 1.010000000000000000e+03 1.350000000000000000e+03 7.000000000000000000e+02 7.500000000000000000e+02
1.693000000000000000e+03 1.008000000000000000e+03 1.425000000000000000e+03 7.000000000000000000e+02 7.500000000000000000e+02
1.751000000000000000e+03 1.007000000000000000e+03 1.500000000000000000e+03 7.000000000000000000e+02 7.500000000000000000e+02
1.809000000000000000e+03 1.005000000000000000e+03 1.575000000000000000e+03 7.000000000000000000e+02 7.500000000000000000e+02
1.867000000000000000e+03 1.003000000000000000e+03 1.650000000000000000e+03 7.000000000000000000e+02 7.500000000000000000e+02
1.926000000000000000e+03 1.002000000000000000e+03 1.725000000000000000e+03 7.000000000000000000e+02 7.500000000000000000e+02
1.986000000000000000e+03 1.000000000000000000e+03 1.800000000000000000e+03 7.000000000000000000e+02 7.500000000000000000e+02
7.050000000000000000e+02 9.790000000000000000e+02 0.000000000000000000e+00 7.000000000000000000e+02 8.250000000000000000e+02
7.520000000000000000e+02 9.780000000000000000e+02 7.500000000000000000e+01 7.000000000000000000e+02 8.250000000000000000e+02
8.000000000000000000e+02 9.760000000000000000e+02 1.500000000000000000e+02 7.000000000000000000e+02 8.250000000000000000e+02
8.480000000000000000e+02 9.750000000000000000e+02 2.250000000000000000e+02 7.000000000000000000e+02 8.250000000000000000e+02
8.970000000000000000e+02 9.730000000000000000e+02 3.000000000000000000e+02 7.000000000000000000e+02 8.250000000000000000e+02
9.470000000000000000e+02 9.720000000000000000e+02 3.750000000000000000e+02 7.000000000000000000e+02 8.250000000000000000e+02
9.970000000000000000e+02 9.700000000000000000e+02 4.500000000000000000e+02 7.000000000000000000e+02 8.250000000000000000e+02
1.047000000000000000e+03 9.680000000000000000e+02 5.250000000000000000e+02 7.000000000000000000e+02 8.250000000000000000e+02
1.098000000000000000e+03 9.670000000000000000e+02 6.000000000000000000e+02 7.000000000000000000e+02 8.250000000000000000e+02
1.150000000000000000e+03 9.650000000000000000e+02 6.750000000000000000e+02 7.000000000000000000e+02 8.250000000000000000e+02
1.202000000000000000e+03 9.630000000000000000e+02 7.500000000000000000e+02 7.000000000000000000e+02 8.250000000000000000e+02
1.254000000000000000e+03 9.620000000000000000e+02 8.250000000000000000e+02 7.000000000000000000e+02 8.250000000000000000e+02
1.307000000000000000e+03 9.600000000000000000e+02 9.000000000000000000e+02 7.000000000000000000e+02 8.250000000000000000e+02
1.361000000000000000e+03 9.580000000000000000e+02 9.750000000000000000e+02 7.000000000000000000e+02 8.250000000000000000e+02
1.415000000000000000e+03 9.570000000000000000e+02 1.050000000000000000e+03 7.000000000000000000e+02 8.250000000000000000e+02
1.470000000000000000e+03 9.550000000000000000e+02 1.125000000000000000e+03 7.000000000000000000e+02 8.250000000000000000e+02
1.525000000000000000e+03 9.530000000000000000e+02 1.200000000000000000e+03 7.000000000000000000e+02 8.250000000000000000e+02
1.580000000000000000e+03 9.510000000000000000e+02 1.275000000000000000e+03 7.000000000000000000e+02 8.250000000000000000e+02
1.636000000000000000e+03 9.490000000000000000e+02 1.350000000000000000e+03 7.000000000000000000e+02 8.250000000000000000e+02
1.693000000000000000e+03 9.470000000000000000e+02 1.425000000000000000e+03 7.000000000000000000e+02 8.250000000000000000e+02
1.750000000000000000e+03 9.460000000000000000e+02 1.500000000000000000e+03 7.000000000000000000e+02 8.250000000000000000e+02
1.808000000000000000e+03 9.440000000000000000e+02 1.575000000000000000e+03 7.000000000000000000e+02 8.250000000000000000e+02
1.867000000000000000e+03 9.420000000000000000e+02 1.650000000000000000e+03 7.000000000000000000e+02 8.250000000000000000e+02
1.926000000000000000e+03 9.400000000000000000e+02 1.725000000000000000e+03 7.000000000000000000e+02 8.250000000000000000e+02
1.986000000000000000e+03 9.380000000000000000e+02 1.800000000000000000e+03 7.000000000000000000e+02 8.250000000000000000e+02
7.050000000000000000e+02 9.240000000000000000e+02 0.000000000000000000e+00 7.000000000000000000e+02 9.000000000000000000e+02
7.530000000000000000e+02 9.220000000000000000e+02 7.500000000000000000e+01 7.000000000000000000e+02 9.000000000000000000e+02
8.010000000000000000e+02 9.210000000000000000e+02 1.500000000000000000e+02 7.000000000000000000e+02 9.000000000000000000e+02
8.490000000000000000e+02 9.190000000000000000e+02 2.250000000000000000e+02 7.000000000000000000e+02 9.000000000000000000e+02
8.980000000000000000e+02 9.170000000000000000e+02 3.000000000000000000e+02 7.000000000000000000e+02 9.000000000000000000e+02
9.470000000000000000e+02 9.150000000000000000e+02 3.750000000000000000e+02 7.000000000000000000e+02 9.000000000000000000e+02
9.970000000000000000e+02 9.130000000000000000e+02 4.500000000000000000e+02 7.000000000000000000e+02 9.000000000000000000e+02
1.048000000000000000e+03 9.110000000000000000e+02 5.250000000000000000e+02 7.000000000000000000e+02 9.000000000000000000e+02
1.098000000000000000e+03 9.090000000000000000e+02 6.000000000000000000e+02 7.000000000000000000e+02 9.000000000000000000e+02
1.150000000000000000e+03 9.070000000000000000e+02 6.750000000000000000e+02 7.000000000000000000e+02 9.000000000000000000e+02
1.202000000000000000e+03 9.060000000000000000e+02 7.500000000000000000e+02 7.000000000000000000e+02 9.000000000000000000e+02
1.254000000000000000e+03 9.040000000000000000e+02 8.250000000000000000e+02 7.000000000000000000e+02 9.000000000000000000e+02
1.307000000000000000e+03 9.020000000000000000e+02 9.000000000000000000e+02 7.000000000000000000e+02 9.000000000000000000e+02
1.361000000000000000e+03 9.000000000000000000e+02 9.750000000000000000e+02 7.000000000000000000e+02 9.000000000000000000e+02
1.415000000000000000e+03 8.980000000000000000e+02 1.050000000000000000e+03 7.000000000000000000e+02 9.000000000000000000e+02
1.470000000000000000e+03 8.950000000000000000e+02 1.125000000000000000e+03 7.000000000000000000e+02 9.000000000000000000e+02
1.525000000000000000e+03 8.930000000000000000e+02 1.200000000000000000e+03 7.000000000000000000e+02 9.000000000000000000e+02
1.580000000000000000e+03 8.910000000000000000e+02 1.275000000000000000e+03 7.000000000000000000e+02 9.000000000000000000e+02
1.636000000000000000e+03 8.890000000000000000e+02 1.350000000000000000e+03 7.000000000000000000e+02 9.000000000000000000e+02
1.693000000000000000e+03 8.870000000000000000e+02 1.425000000000000000e+03 7.000000000000000000e+02 9.000000000000000000e+02
1.750000000000000000e+03 8.850000000000000000e+02 1.500000000000000000e+03 7.000000000000000000e+02 9.000000000000000000e+02
1.808000000000000000e+03 8.820000000000000000e+02 1.575000000000000000e+03 7.000000000000000000e+02 9.000000000000000000e+02
1.866000000000000000e+03 8.800000000000000000e+02 1.650000000000000000e+03 7.000000000000000000e+02 9.000000000000000000e+02
1.925000000000000000e+03 8.780000000000000000e+02 1.725000000000000000e+03 7.000000000000000000e+02 9.000000000000000000e+02
1.985000000000000000e+03 8.760000000000000000e+02 1.800000000000000000e+03 7.000000000000000000e+02 9.000000000000000000e+02
7.060000000000000000e+02 8.690000000000000000e+02 0.000000000000000000e+00 7.000000000000000000e+02 9.750000000000000000e+02
7.530000000000000000e+02 8.670000000000000000e+02 7.500000000000000000e+01 7.000000000000000000e+02 9.750000000000000000e+02
8.010000000000000000e+02 8.650000000000000000e+02 1.500000000000000000e+02 7.000000000000000000e+02 9.750000000000000000e+02
8.490000000000000000e+02 8.630000000000000000e+02 2.250000000000000000e+02 7.000000000000000000e+02 9.750000000000000000e+02
8.980000000000000000e+02 8.610000000000000000e+02 3.000000000000000000e+02 7.000000000000000000e+02 9.750000000000000000e+02
9.480000000000000000e+02 8.590000000000000000e+02 3.750000000000000000e+02 7.000000000000000000e+02 9.750000000000000000e+02
9.980000000000000000e+02 8.560000000000000000e+02 4.500000000000000000e+02 7.000000000000000000e+02 9.750000000000000000e+02
1.048000000000000000e+03 8.540000000000000000e+02 5.250000000000000000e+02 7.000000000000000000e+02 9.750000000000000000e+02
1.099000000000000000e+03 8.520000000000000000e+02 6.000000000000000000e+02 7.000000000000000000e+02 9.750000000000000000e+02
1.150000000000000000e+03 8.500000000000000000e+02 6.750000000000000000e+02 7.000000000000000000e+02 9.750000000000000000e+02
1.202000000000000000e+03 8.480000000000000000e+02 7.500000000000000000e+02 7.000000000000000000e+02 9.750000000000000000e+02
1.255000000000000000e+03 8.450000000000000000e+02 8.250000000000000000e+02 7.000000000000000000e+02 9.750000000000000000e+02
1.308000000000000000e+03 8.430000000000000000e+02 9.000000000000000000e+02 7.000000000000000000e+02 9.750000000000000000e+02
1.361000000000000000e+03 8.410000000000000000e+02 9.750000000000000000e+02 7.000000000000000000e+02 9.750000000000000000e+02
1.415000000000000000e+03 8.380000000000000000e+02 1.050000000000000000e+03 7.000000000000000000e+02 9.750000000000000000e+02
1.469000000000000000e+03 8.360000000000000000e+02 1.125000000000000000e+03 7.000000000000000000e+02 9.750000000000000000e+02
1.525000000000000000e+03 8.340000000000000000e+02 1.200000000000000000e+03 7.000000000000000000e+02 9.750000000000000000e+02
1.580000000000000000e+03 8.310000000000000000e+02 1.275000000000000000e+03 7.000000000000000000e+02 9.750000000000000000e+02
1.636000000000000000e+03 8.290000000000000000e+02 1.350000000000000000e+03 7.000000000000000000e+02 9.750000000000000000e+02
1.693000000000000000e+03 8.260000000000000000e+02 1.425000000000000000e+03 7.000000000000000000e+02 9.750000000000000000e+02
1.750000000000000000e+03 8.240000000000000000e+02 1.500000000000000000e+03 7.000000000000000000e+02 9.750000000000000000e+02
1.808000000000000000e+03 8.210000000000000000e+02 1.575000000000000000e+03 7.000000000000000000e+02 9.750000000000000000e+02
1.866000000000000000e+03 8.190000000000000000e+02 1.650000000000000000e+03 7.000000000000000000e+02 9.750000000000000000e+02
1.925000000000000000e+03 8.160000000000000000e+02 1.725000000000000000e+03 7.000000000000000000e+02 9.750000000000000000e+02
1.984000000000000000e+03 8.130000000000000000e+02 1.800000000000000000e+03 7.000000000000000000e+02 9.750000000000000000e+02
7.060000000000000000e+02 8.140000000000000000e+02 0.000000000000000000e+00 7.000000000000000000e+02 1.050000000000000000e+03
7.540000000000000000e+02 8.120000000000000000e+02 7.500000000000000000e+01 7.000000000000000000e+02 1.050000000000000000e+03
8.020000000000000000e+02 8.090000000000000000e+02 1.500000000000000000e+02 7.000000000000000000e+02 1.050000000000000000e+03
8.500000000000000000e+02 8.070000000000000000e+02 2.250000000000000000e+02 7.000000000000000000e+02 1.050000000000000000e+03
8.990000000000000000e+02 8.050000000000000000e+02 3.000000000000000000e+02 7.000000000000000000e+02 1.050000000000000000e+03
9.480000000000000000e+02 8.020000000000000000e+02 3.750000000000000000e+02 7.000000000000000000e+02 1.050000000000000000e+03
9.980000000000000000e+02 8.000000000000000000e+02 4.500000000000000000e+02 7.000000000000000000e+02 1.050000000000000000e+03
1.048000000000000000e+03 7.970000000000000000e+02 5.250000000000000000e+02 7.000000000000000000e+02 1.050000000000000000e+03
1.099000000000000000e+03 7.950000000000000000e+02 6.000000000000000000e+02 7.000000000000000000e+02 1.050000000000000000e+03
1.150000000000000000e+03 7.920000000000000000e+02 6.750000000000000000e+02 7.000000000000000000e+02 1.050000000000000000e+03
1.202000000000000000e+03 7.900000000000000000e+02 7.500000000000000000e+02 7.000000000000000000e+02 1.050000000000000000e+03
1.255000000000000000e+03 7.870000000000000000e+02 8.250000000000000000e+02 7.000000000000000000e+02 1.050000000000000000e+03
1.308000000000000000e+03 7.850000000000000000e+02 9.000000000000000000e+02 7.000000000000000000e+02 1.050000000000000000e+03
1.361000000000000000e+03 7.820000000000000000e+02 9.750000000000000000e+02 7.000000000000000000e+02 1.050000000000000000e+03
1.415000000000000000e+03 7.800000000000000000e+02 1.050000000000000000e+03 7.000000000000000000e+02 1.050000000000000000e+03
1.470000000000000000e+03 7.770000000000000000e+02 1.125000000000000000e+03 7.000000000000000000e+02 1.050000000000000000e+03
1.524000000000000000e+03 7.740000000000000000e+02 1.200000000000000000e+03 7.000000000000000000e+02 1.050000000000000000e+03
1.580000000000000000e+03 7.720000000000000000e+02 1.275000000000000000e+03 7.000000000000000000e+02 1.050000000000000000e+03
1.636000000000000000e+03 7.690000000000000000e+02 1.350000000000000000e+03 7.000000000000000000e+02 1.050000000000000000e+03
1.693000000000000000e+03 7.660000000000000000e+02 1.425000000000000000e+03 7.000000000000000000e+02 1.050000000000000000e+03
1.750000000000000000e+03 7.630000000000000000e+02 1.500000000000000000e+03 7.000000000000000000e+02 1.050000000000000000e+03
1.807000000000000000e+03 7.600000000000000000e+02 1.575000000000000000e+03 7.000000000000000000e+02 1.050000000000000000e+03
1.865000000000000000e+03 7.580000000000000000e+02 1.650000000000000000e+03 7.000000000000000000e+02 1.050000000000000000e+03
1.924000000000000000e+03 7.550000000000000000e+02 1.725000000000000000e+03 7.000000000000000000e+02 1.050000000000000000e+03
1.983000000000000000e+03 7.520000000000000000e+02 1.800000000000000000e+03 7.000000000000000000e+02 1.050000000000000000e+03
7.070000000000000000e+02 7.590000000000000000e+02 0.000000000000000000e+00 7.000000000000000000e+02 1.125000000000000000e+03
7.540000000000000000e+02 7.560000000000000000e+02 7.500000000000000000e+01 7.000000000000000000e+02 1.125000000000000000e+03
8.020000000000000000e+02 7.540000000000000000e+02 1.500000000000000000e+02 7.000000000000000000e+02 1.125000000000000000e+03
8.500000000000000000e+02 7.510000000000000000e+02 2.250000000000000000e+02 7.000000000000000000e+02 1.125000000000000000e+03
8.990000000000000000e+02 7.490000000000000000e+02 3.000000000000000000e+02 7.000000000000000000e+02 1.125000000000000000e+03
9.490000000000000000e+02 7.460000000000000000e+02 3.750000000000000000e+02 7.000000000000000000e+02 1.125000000000000000e+03
9.980000000000000000e+02 7.430000000000000000e+02 4.500000000000000000e+02 7.000000000000000000e+02 1.125000000000000000e+03
1.049000000000000000e+03 7.400000000000000000e+02 5.250000000000000000e+02 7.000000000000000000e+02 1.125000000000000000e+03
1.099000000000000000e+03 7.380000000000000000e+02 6.000000000000000000e+02 7.000000000000000000e+02 1.125000000000000000e+03
1.151000000000000000e+03 7.350000000000000000e+02 6.750000000000000000e+02 7.000000000000000000e+02 1.125000000000000000e+03
1.203000000000000000e+03 7.320000000000000000e+02 7.500000000000000000e+02 7.000000000000000000e+02 1.125000000000000000e+03
1.255000000000000000e+03 7.290000000000000000e+02 8.250000000000000000e+02 7.000000000000000000e+02 1.125000000000000000e+03
1.308000000000000000e+03 7.260000000000000000e+02 9.000000000000000000e+02 7.000000000000000000e+02 1.125000000000000000e+03
1.361000000000000000e+03 7.240000000000000000e+02 9.750000000000000000e+02 7.000000000000000000e+02 1.125000000000000000e+03
1.415000000000000000e+03 7.210000000000000000e+02 1.050000000000000000e+03 7.000000000000000000e+02 1.125000000000000000e+03
1.469000000000000000e+03 7.180000000000000000e+02 1.125000000000000000e+03 7.000000000000000000e+02 1.125000000000000000e+03
1.524000000000000000e+03 7.150000000000000000e+02 1.200000000000000000e+03 7.000000000000000000e+02 1.125000000000000000e+03
1.580000000000000000e+03 7.120000000000000000e+02 1.275000000000000000e+03 7.000000000000000000e+02 1.125000000000000000e+03
1.636000000000000000e+03 7.090000000000000000e+02 1.350000000000000000e+03 7.000000000000000000e+02 1.125000000000000000e+03
1.692000000000000000e+03 7.060000000000000000e+02 1.425000000000000000e+03 7.000000000000000000e+02 1.125000000000000000e+03
1.749000000000000000e+03 7.030000000000000000e+02 1.500000000000000000e+03 7.000000000000000000e+02 1.125000000000000000e+03
1.807000000000000000e+03 6.990000000000000000e+02 1.575000000000000000e+03 7.000000000000000000e+02 1.125000000000000000e+03
1.865000000000000000e+03 6.960000000000000000e+02 1.650000000000000000e+03 7.000000000000000000e+02 1.125000000000000000e+03
1.924000000000000000e+03 6.930000000000000000e+02 1.725000000000000000e+03 7.000000000000000000e+02 1.125000000000000000e+03
1.983000000000000000e+03 6.900000000000000000e+02 1.800000000000000000e+03 7.000000000000000000e+02 1.125000000000000000e+03
7.080000000000000000e+02 7.040000000000000000e+02 0.000000000000000000e+00 7.000000000000000000e+02 1.200000000000000000e+03
7.550000000000000000e+02 7.010000000000000000e+02 7.500000000000000000e+01 7.000000000000000000e+02 1.200000000000000000e+03
8.030000000000000000e+02 6.980000000000000000e+02 1.500000000000000000e+02 7.000000000000000000e+02 1.200000000000000000e+03
8.510000000000000000e+02 6.960000000000000000e+02 2.250000000000000000e+02 7.000000000000000000e+02 1.200000000000000000e+03
9.000000000000000000e+02 6.930000000000000000e+02 3.000000000000000000e+02 7.000000000000000000e+02 1.200000000000000000e+03
9.490000000000000000e+02 6.900000000000000000e+02 3.750000000000000000e+02 7.000000000000000000e+02 1.200000000000000000e+03
9.990000000000000000e+02 6.870000000000000000e+02 4.500000000000000000e+02 7.000000000000000000e+02 1.200000000000000000e+03
1.049000000000000000e+03 6.840000000000000000e+02 5.250000000000000000e+02 7.000000000000000000e+02 1.200000000000000000e+03
1.100000000000000000e+03 6.810000000000000000e+02 6.000000000000000000e+02 7.000000000000000000e+02 1.200000000000000000e+03
1.151000000000000000e+03 6.780000000000000000e+02 6.750000000000000000e+02 7.000000000000000000e+02 1.200000000000000000e+03
1.203000000000000000e+03 6.740000000000000000e+02 7.500000000000000000e+02 7.000000000000000000e+02 1.200000000000000000e+03
1.255000000000000000e+03 6.710000000000000000e+02 8.250000000000000000e+02 7.000000000000000000e+02 1.200000000000000000e+03
1.308000000000000000e+03 6.680000000000000000e+02 9.000000000000000000e+02 7.000000000000000000e+02 1.200000000000000000e+03
1.361000000000000000e+03 6.650000000000000000e+02 9.750000000000000000e+02 7.000000000000000000e+02 1.200000000000000000e+03
1.415000000000000000e+03 6.620000000000000000e+02 1.050000000000000000e+03 7.000000000000000000e+02 1.200000000000000000e+03
1.469000000000000000e+03 6.590000000000000000e+02 1.125000000000000000e+03 7.000000000000000000e+02 1.200000000000000000e+03
1.524000000000000000e+03 6.560000000000000000e+02 1.200000000000000000e+03 7.000000000000000000e+02 1.200000000000000000e+03
1.580000000000000000e+03 6.520000000000000000e+02 1.275000000000000000e+03 7.000000000000000000e+02 1.200000000000000000e+03
1.636000000000000000e+03 6.490000000000000000e+02 1.350000000000000000e+03 7.000000000000000000e+02 1.200000000000000000e+03
1.692000000000000000e+03 6.460000000000000000e+02 1.425000000000000000e+03 7.000000000000000000e+02 1.200000000000000000e+03
1.749000000000000000e+03 6.420000000000000000e+02 1.500000000000000000e+03 7.000000000000000000e+02 1.200000000000000000e+03
1.806000000000000000e+03 6.390000000000000000e+02 1.575000000000000000e+03 7.000000000000000000e+02 1.200000000000000000e+03
1.864000000000000000e+03 6.350000000000000000e+02 1.650000000000000000e+03 7.000000000000000000e+02 1.200000000000000000e+03
1.923000000000000000e+03 6.320000000000000000e+02 1.725000000000000000e+03 7.000000000000000000e+02 1.200000000000000000e+03
1.982000000000000000e+03 6.280000000000000000e+02 1.800000000000000000e+03 7.000000000000000000e+02 1.200000000000000000e+03
7.080000000000000000e+02 6.490000000000000000e+02 0.000000000000000000e+00 7.000000000000000000e+02 1.275000000000000000e+03
7.550000000000000000e+02 6.460000000000000000e+02 7.500000000000000000e+01 7.000000000000000000e+02 1.275000000000000000e+03
8.030000000000000000e+02 6.430000000000000000e+02 1.500000000000000000e+02 7.000000000000000000e+02 1.275000000000000000e+03
8.510000000000000000e+02 6.400000000000000000e+02 2.250000000000000000e+02 7.000000000000000000e+02 1.275000000000000000e+03
9.000000000000000000e+02 6.370000000000000000e+02 3.000000000000000000e+02 7.000000000000000000e+02 1.275000000000000000e+03
9.490000000000000000e+02 6.330000000000000000e+02 3.750000000000000000e+02 7.000000000000000000e+02 1.275000000000000000e+03
9.990000000000000000e+02 6.300000000000000000e+02 4.500000000000000000e+02 7.000000000000000000e+02 1.275000000000000000e+03
1.049000000000000000e+03 6.270000000000000000e+02 5.250000000000000000e+02 7.000000000000000000e+02 1.275000000000000000e+03
1.100000000000000000e+03 6.240000000000000000e+02 6.000000000000000000e+02 7.000000000000000000e+02 1.275000000000000000e+03
1.151000000000000000e+03 6.200000000000000000e+02 6.750000000000000000e+02 7.000000000000000000e+02 1.275000000000000000e+03
1.203000000000000000e+03 6.170000000000000000e+02 7.500000000000000000e+02 7.000000000000000000e+02 1.275000000000000000e+03
1.255000000000000000e+03 6.140000000000000000e+02 8.250000000000000000e+02 7.000000000000000000e+02 1.275000000000000000e+03
1.308000000000000000e+03 6.100000000000000000e+02 9.000000000000000000e+02 7.000000000000000000e+02 1.275000000000000000e+03
1.361000000000000000e+03 6.070000000000000000e+02 9.750000000000000000e+02 7.000000000000000000e+02 1.275000000000000000e+03
1.415000000000000000e+03 6.030000000000000000e+02 1.050000000000000000e+03 7.000000000000000000e+02 1.275000000000000000e+03
1.469000000000000000e+03 6.000000000000000000e+02 1.125000000000000000e+03 7.000000000000000000e+02 1.275000000000000000e+03
1.524000000000000000e+03 5.960000000000000000e+02 1.200000000000000000e+03 7.000000000000000000e+02 1.275000000000000000e+03
1.579000000000000000e+03 5.930000000000000000e+02 1.275000000000000000e+03 7.000000000000000000e+02 1.275000000000000000e+03
1.635000000000000000e+03 5.890000000000000000e+02 1.350000000000000000e+03 7.000000000000000000e+02 1.275000000000000000e+03
1.692000000000000000e+03 5.860000000000000000e+02 1.425000000000000000e+03 7.000000000000000000e+02 1.275000000000000000e+03
1.748000000000000000e+03 5.820000000000000000e+02 1.500000000000000000e+03 7.000000000000000000e+02 1.275000000000000000e+03
1.806000000000000000e+03 5.780000000000000000e+02 1.575000000000000000e+03 7.000000000000000000e+02 1.275000000000000000e+03
1.864000000000000000e+03 5.740000000000000000e+02 1.650000000000000000e+03 7.000000000000000000e+02 1.275000000000000000e+03
1.923000000000000000e+03 5.710000000000000000e+02 1.725000000000000000e+03 7.000000000000000000e+02 1.275000000000000000e+03
1.982000000000000000e+03 5.670000000000000000e+02 1.800000000000000000e+03 7.000000000000000000e+02 1.275000000000000000e+03
