# x,y,X,Y,Z
3.460000000000000000e+02 1.436000000000000000e+03 0.000000000000000000e+00 1.400000000000000000e+03 1.500000000000000000e+02
3.980000000000000000e+02 1.435000000000000000e+03 7.500000000000000000e+01 1.400000000000000000e+03 1.500000000000000000e+02
4.490000000000000000e+02 1.435000000000000000e+03 1.500000000000000000e+02 1.400000000000000000e+03 1.500000000000000000e+02
5.000000000000000000e+02 1.434000000000000000e+03 2.250000000000000000e+02 1.400000000000000000e+03 1.500000000000000000e+02
5.500000000000000000e+02 1.434000000000000000e+03 3.000000000000000000e+02 1.400000000000000000e+03 1.500000000000000000e+02
6.000000000000000000e+02 1.434000000000000000e+03 3.750000000000000000e+02 1.400000000000000000e+03 1.500000000000000000e+02
6.500000000000000000e+02 1.433000000000000000e+03 4.500000000000000000e+02 1.400000000000000000e+03 1.500000000000000000e+02
6.990000000000000000e+02 1.433000000000000000e+03 5.250000000000000000e+02 1.400000000000000000e+03 1.500000000000000000e+02
7.480000000000000000e+02 1.432000000000000000e+03 6.000000000000000000e+02 1.400000000000000000e+03 1.500000000000000000e+02
7.970000000000000000e+02 1.432000000000000000e+03 6.750000000000000000e+02 1.400000000000000000e+03 1.500000000000000000e+02
8.450000000000000000e+02 1.432000000000000000e+03 7.500000000000000000e+02 1.400000000000000000e+03 1.500000000000000000e+02
8.930000000000000000e+02 1.431000000000000000e+03 8.250000000000000000e+02 1.400000000000000000e+03 1.500000000000000000e+02
9.400000000000000000e+02 1.431000000000000000e+03 9.000000000000000000e+02 1.400000000000000000e+03 1.500000000000000000e+02
9.880000000000000000e+02 1.430000000000000000e+03 9.750000000000000000e+02 1.400000000000000000e+03 1.500000000000000000e+02
1.034000000000000000e+03 1.430000000000000000e+03 1.050000000000000000e+03 1.400000000000000000e+03 1.500000000000000000e+02
1.081000000000000000e+03 1.429000000000000000e+03 1.125000000000000000e+03 1.400000000000000000e+03 1.500000000000000000e+02
1.127000000000000000e+03 1.429000000000000000e+03 1.200000000000000000e+03 1.400000000000000000e+03 1.500000000000000000e+02
1.173000000000000000e+03 1.428000000000000000e+03 1.275000000000000000e+03 1.400000000000000000e+03 1.500000000000000000e+02
1.218000000000000000e+03 1.428000000000000000e+03 1.350000000000000000e+03 1.400000000000000000e+03 1.500000000000000000e+02
1.263000000000000000e+03 1.427000000000000000e+03 1.425000000000000000e+03 1.400000000000000000e+03 1.500000000000000000e+02
1.308000000000000000e+03 1.427000000000000000e+03 1.500000000000000000e+03 1.400000000000000000e+03 1.500000000000000000e+02
1.353000000000000000e+03 1.426000000000000000e+03 1.575000000000000000e+03 1.400000000000000000e+03 1.500000000000000000e+02
1.397000000000000000e+03 1.425000000000000000e+03 1.650000000000000000e+03 1.400000000000000000e+03 1.500000000000000000e+02
1.441000000000000000e+03 1.425000000000000000e+03 1.725000000000000000e+03 1.400000000000000000e+03 1.500000000000000000e+02
1.484000000000000000e+03 1.424000000000000000e+03 1.800000000000000000e+03 1.400000000000000000e+03 1.500000000000000000e+02
3.460000000000000000e+02 1.383000000000000000e+03 0.000000000000000000e+00 1.400000000000000000e+03 2.250000000000000000e+02
3.980000000000000000e+02 1.383000000000000000e+03 7.500000000000000000e+01 1.400000000000000000e+03 2.250000000000000000e+02
4.490000000000000000e+02 1.383000000000000000e+03 1.500000000000000000e+02 1.400000000000000000e+03 2.250000000000000000e+02
5.000000000000000000e+02 1.383000000000000000e+03 2.250000000000000000e+02 1.400000000000000000e+03 2.250000000000000000e+02
5.500000000000000000e+02 1.382000000000000000e+03 3.000000000000000000e+02 1.400000000000000000e+03 2.250000000000000000e+02
6.000000000000000000e+02 1.382000000000000000e+03 3.750000000000000000e+02 1.400000000000000000e+03 2.250000000000000000e+02
6.500000000000000000e+02 1.382000000000000000e+03 4.500000000000000000e+02 1.400000000000000000e+03 2.250000000000000000e+02
6.990000000000000000e+02 1.382000000000000000e+03 5.250000000000000000e+02 1.400000000000000000e+03 2.250000000000000000e+02
7.480000000000000000e+02 1.382000000000000000e+03 6.000000000000000000e+02 1.400000000000000000e+03 2.250000000000000000e+02
7.970000000000000000e+02 1.381000000000000000e+03 6.750000000000000000e+02 1.400000000000000000e+03 2.250000000000000000e+02
8.450000000000000000e+02 1.381000000000000000e+03 7.500000000000000000e+02 1.400000000000000000e+03 2.250000000000000000e+02
8.930000000000000000e+02 1.381000000000000000e+03 8.250000000000000000e+02 1.400000000000000000e+03 2.250000000000000000e+02
9.400000000000000000e+02 1.380000000000000000e+03 9.000000000000000000e+02 1.400000000000000000e+03 2.250000000000000000e+02
9.880000000000000000e+02 1.380000000000000000e+03 9.750000000000000000e+02 1.400000000000000000e+03 2.250000000000000000e+02
1.034000000000000000e+03 1.380000000000000000e+03 1.050000000000000000e+03 1.400000000000000000e+03 2.250000000000000000e+02
1.081000000000000000e+03 1.380000000000000000e+03 1.125000000000000000e+03 1.400000000000000000e+03 2.250000000000000000e+02
1.127000000000000000e+03 1.379000000000000000e+03 1.200000000000000000e+03 1.400000000000000000e+03 2.250000000000000000e+02
1.173000000000000000e+03 1.379000000000000000e+03 1.275000000000000000e+03 1.400000000000000000e+03 2.250000000000000000e+02
1.218000000000000000e+03 1.379000000000000000e+03 1.350000000000000000e+03 1.400000000000000000e+03 2.250000000000000000e+02
1.263000000000000000e+03 1.378000000000000000e+03 1.425000000000000000e+03 1.400000000000000000e+03 2.250000000000000000e+02
1.308000000000000000e+03 1.378000000000000000e+03 1.500000000000000000e+03 1.400000000000000000e+03 2.250000000000000000e+02
1.353000000000000000e+03 1.378000000000000000e+03 1.575000000000000000e+03 1.400000000000000000e+03 2.250000000000000000e+02
1.396000000000000000e+03 1.377000000000000000e+03 1.650000000000000000e+03 1.400000000000000000e+03 2.250000000000000000e+02
1.440000000000000000e+03 1.377000000000000000e+03 1.725000000000000000e+03 1.400000000000000000e+03 2.250000000000000000e+02
1.484000000000000000e+03 1.376000000000000000e+03 1.800000000000000000e+03 1.400000000000000000e+03 2.250000000000000000e+02
3.470000000000000000e+02 1.331000000000000000e+03 0.000000000000000000e+00 1.400000000000000000e+03 3.000000000000000000e+02
3.980000000000000000e+02 1.331000000000000000e+03 7.500000000000000000e+01 1.400000000000000000e+03 3.000000000000000000e+02
4.490000000000000000e+02 1.331000000000000000e+03 1.500000000000000000e+02 1.400000000000000000e+03 3.000000000000000000e+02
5.000000000000000000e+02 1.331000000000000000e+03 2.250000000000000000e+02 1.400000000000000000e+03 3.000000000000000000e+02
5.510000000000000000e+02 1.331000000000000000e+03 3.000000000000000000e+02 1.400000000000000000e+03 3.000000000000000000e+02
6.010000000000000000e+02 1.331000000000000000e+03 3.750000000000000000e+02 1.400000000000000000e+03 3.000000000000000000e+02
6.500000000000000000e+02 1.331000000000000000e+03 4.500000000000000000e+02 1.400000000000000000e+03 3.000000000000000000e+02
7.000000000000000000e+02 1.331000000000000000e+03 5.250000000000000000e+02 1.400000000000000000e+03 3.000000000000000000e+02
7.490000000000000000e+02 1.331000000000000000e+03 6.000000000000000000e+02 1.400000000000000000e+03 3.000000000000000000e+02
7.970000000000000000e+02 1.331000000000000000e+03 6.750000000000000000e+02 1.400000000000000000e+03 3.000000000000000000e+02
8.450000000000000000e+02 1.331000000000000000e+03 7.500000000000000000e+02 1.400000000000000000e+03 3.000000000000000000e+02
8.930000000000000000e+02 1.330000000000000000e+03 8.250000000000000000e+02 1.400000000000000000e+03 3.000000000000000000e+02
9.410000000000000000e+02 1.330000000000000000e+03 9.000000000000000000e+02 1.400000000000000000e+03 3.000000000000000000e+02
9.880000000000000000e+02 1.330000000000000000e+03 9.750000000000000000e+02 1.400000000000000000e+03 3.000000000000000000e+02
1.034000000000000000e+03 1.330000000000000000e+03 1.050000000000000000e+03 1.400000000000000000e+03 3.000000000000000000e+02
1.081000000000000000e+03 1.330000000000000000e+03 1.125000000000000000e+03 1.400000000000000000e+03 3.000000000000000000e+02
1.127000000000000000e+03 1.330000000000000000e+03 1.200000000000000000e+03 1.400000000000000000e+03 3.000000000000000000e+02
1.173000000000000000e+03 1.330000000000000000e+03 1.275000000000000000e+03 1.400000000000000000e+03 3.000000000000000000e+02
1.218000000000000000e+03 1.330000000000000000e+03 1.350000000000000000e+03 1.400000000000000000e+03 3.000000000000000000e+02
1.263000000000000000e+03 1.329000000000000000e+03 1.425000000000000000e+03 1.400000000000000000e+03 3.000000000000000000e+02
1.308000000000000000e+03 1.329000000000000000e+03 1.500000000000000000e+03 1.400000000000000000e+03 3.000000000000000000e+02
1.352000000000000000e+03 1.329000000000000000e+03 1.575000000000000000e+03 1.400000000000000000e+03 3.000000000000000000e+02
1.396000000000000000e+03 1.329000000000000000e+03 1.650000000000000000e+03 1.400000000000000000e+03 3.000000000000000000e+02
1.440000000000000000e+03 1.329000000000000000e+03 1.725000000000000000e+03 1.400000000000000000e+03 3.000000000000000000e+02
1.483000000000000000e+03 1.328000000000000000e+03 1.800000000000000000e+03 1.400000000000000000e+03 3.000000000000000000e+02
3.470000000000000000e+02 1.278000000000000000e+03 0.000000000000000000e+00 1.400000000000000000e+03 3.750000000000000000e+02
3.990000000000000000e+02 1.279000000000000000e+03 7.500000000000000000e+01 1.400000000000000000e+03 3.750000000000000000e+02
4.500000000000000000e+02 1.279000000000000000e+03 1.500000000000000000e+02 1.400000000000000000e+03 3.750000000000000000e+02
5.000000000000000000e+02 1.279000000000000000e+03 2.250000000000000000e+02 1.400000000000000000e+03 3.750000000000000000e+02
5.510000000000000000e+02 1.279000000000000000e+03 3.000000000000000000e+02 1.400000000000000000e+03 3.750000000000000000e+02
6.010000000000000000e+02 1.279000000000000000e+03 3.750000000000000000e+02 1.400000000000000000e+03 3.750000000000000000e+02
6.510000000000000000e+02 1.280000000000000000e+03 4.500000000000000000e+02 1.400000000000000000e+03 3.750000000000000000e+02
7.000000000000000000e+02 1.280000000000000000e+03 5.250000000000000000e+02 1.400000000000000000e+03 3.750000000000000000e+02
7.490000000000000000e+02 1.280000000000000000e+03 6.000000000000000000e+02 1.400000000000000000e+03 3.750000000000000000e+02
7.970000000000000000e+02 1.280000000000000000e+03 6.750000000000000000e+02 1.400000000000000000e+03 3.750000000000000000e+02
8.450000000000000000e+02 1.280000000000000000e+03 7.500000000000000000e+02 1.400000000000000000e+03 3.750000000000000000e+02
8.930000000000000000e+02 1.280000000000000000e+03 8.250000000000000000e+02 1.400000000000000000e+03 3.750000000000000000e+02
9.410000000000000000e+02 1.280000000000000000e+03 9.000000000000000000e+02 1.400000000000000000e+03 3.750000000000000000e+02
9.880000000000000000e+02 1.280000000000000000e+03 9.750000000000000000e+02 1.400000000000000000e+03 3.750000000000000000e+02
1.034000000000000000e+03 1.280000000000000000e+03 1.050000000000000000e+03 1.400000000000000000e+03 3.750000000000000000e+02
1.081000000000000000e+03 1.281000000000000000e+03 1.125000000000000000e+03 1.400000000000000000e+03 3.750000000000000000e+02
1.127000000000000000e+03 1.281000000000000000e+03 1.200000000000000000e+03 1.400000000000000000e+03 3.750000000000000000e+02
1.173000000000000000e+03 1.281000000000000000e+03 1.275000000000000000e+03 1.400000000000000000e+03 3.750000000000000000e+02
1.218000000000000000e+03 1.281000000000000000e+03 1.350000000000000000e+03 1.400000000000000000e+03 3.750000000000000000e+02
1.263000000000000000e+03 1.281000000000000000e+03 1.425000000000000000e+03 1.400000000000000000e+03 3.750000000000000000e+02
1.308000000000000000e+03 1.281000000000000000e+03 1.500000000000000000e+03 1.400000000000000000e+03 3.750000000000000000e+02
1.352000000000000000e+03 1.281000000000000000e+03 1.575000000000000000e+03 1.400000000000000000e+03 3.750000000000000000e+02
1.396000000000000000e+03 1.280000000000000000e+03 1.650000000000000000e+03 1.400000000000000000e+03 3.750000000000000000e+02
1.440000000000000000e+03 1.280000000000000000e+03 1.725000000000000000e+03 1.400000000000000000e+03 3.750000000000000000e+02
1.483000000000000000e+03 1.280000000000000000e+03 1.800000000000000000e+03 1.400000000000000000e+03 3.750000000000000000e+02
3.480000000000000000e+02 1.226000000000000000e+03 0.000000000000000000e+00 1.400000000000000000e+03 4.500000000000000000e+02
3.990000000000000000e+02 1.227000000000000000e+03 7.500000000000000000e+01 1.400000000000000000e+03 4.500000000000000000e+02
4.500000000000000000e+02 1.227000000000000000e+03 1.500000000000000000e+02 1.400000000000000000e+03 4.500000000000000000e+02
5.010000000000000000e+02 1.227000000000000000e+03 2.250000000000000000e+02 1.400000000000000000e+03 4.500000000000000000e+02
5.510000000000000000e+02 1.228000000000000000e+03 3.000000000000000000e+02 1.400000000000000000e+03 4.500000000000000000e+02
6.010000000000000000e+02 1.228000000000000000e+03 3.750000000000000000e+02 1.400000000000000000e+03 4.500000000000000000e+02
6.510000000000000000e+02 1.228000000000000000e+03 4.500000000000000000e+02 1.400000000000000000e+03 4.500000000000000000e+02
7.000000000000000000e+02 1.229000000000000000e+03 5.250000000000000000e+02 1.400000000000000000e+03 4.500000000000000000e+02
7.490000000000000000e+02 1.229000000000000000e+03 6.000000000000000000e+02 1.400000000000000000e+03 4.500000000000000000e+02
7.970000000000000000e+02 1.229000000000000000e+03 6.750000000000000000e+02 1.400000000000000000e+03 4.500000000000000000e+02
8.450000000000000000e+02 1.230000000000000000e+03 7.500000000000000000e+02 1.400000000000000000e+03 4.500000000000000000e+02
8.930000000000000000e+02 1.230000000000000000e+03 8.250000000000000000e+02 1.400000000000000000e+03 4.500000000000000000e+02
9.410000000000000000e+02 1.230000000000000000e+03 9.000000000000000000e+02 1.400000000000000000e+03 4.500000000000000000e+02
9.880000000000000000e+02 1.230000000000000000e+03 9.750000000000000000e+02 1.400000000000000000e+03 4.500000000000000000e+02
1.035000000000000000e+03 1.231000000000000000e+03 1.050000000000000000e+03 1.400000000000000000e+03 4.500000000000000000e+02
1.081000000000000000e+03 1.231000000000000000e+03 1.125000000000000000e+03 1.400000000000000000e+03 4.500000000000000000e+02
1.127000000000000000e+03 1.231000000000000000e+03 1.200000000000000000e+03 1.400000000000000000e+03 4.500000000000000000e+02
1.173000000000000000e+03 1.231000000000000000e+03 1.275000000000000000e+03 1.400000000000000000e+03 4.500000000000000000e+02
1.218000000000000000e+03 1.232000000000000000e+03 1.350000000000000000e+03 1.400000000000000000e+03 4.500000000000000000e+02
1.263000000000000000e+03 1.232000000000000000e+03 1.425000000000000000e+03 1.400000000000000000e+03 4.500000000000000000e+02
1.308000000000000000e+03 1.232000000000000000e+03 1.500000000000000000e+03 1.400000000000000000e+03 4.500000000000000000e+02
1.352000000000000000e+03 1.232000000000000000e+03 1.575000000000000000e+03 1.400000000000000000e+03 4.500000000000000000e+02
1.396000000000000000e+03 1.232000000000000000e+03 1.650000000000000000e+03 1.400000000000000000e+03 4.500000000000000000e+02
1.440000000000000000e+03 1.232000000000000000e+03 1.725000000000000000e+03 1.400000000000000000e+03 4.500000000000000000e+02
1.483000000000000000e+03 1.233000000000000000e+03 1.800000000000000000e+03 1.400000000000000000e+03 4.500000000000000000e+02
3.480000000000000000e+02 1.174000000000000000e+03 0.000000000000000000e+00 1.400000000000000000e+03 5.250000000000000000e+02
4.000000000000000000e+02 1.175000000000000000e+03 7.500000000000000000e+01 1.400000000000000000e+03 5.250000000000000000e+02
4.510000000000000000e+02 1.175000000000000000e+03 1.500000000000000000e+02 1.400000000000000000e+03 5.250000000000000000e+02
5.010000000000000000e+02 1.176000000000000000e+03 2.250000000000000000e+02 1.400000000000000000e+03 5.250000000000000000e+02
5.510000000000000000e+02 1.176000000000000000e+03 3.000000000000000000e+02 1.400000000000000000e+03 5.250000000000000000e+02
6.010000000000000000e+02 1.177000000000000000e+03 3.750000000000000000e+02 1.400000000000000000e+03 5.250000000000000000e+02
6.510000000000000000e+02 1.177000000000000000e+03 4.500000000000000000e+02 1.400000000000000000e+03 5.250000000000000000e+02
7.000000000000000000e+02 1.178000000000000000e+03 5.250000000000000000e+02 1.400000000000000000e+03 5.250000000000000000e+02
7.490000000000000000e+02 1.178000000000000000e+03 6.000000000000000000e+02 1.400000000000000000e+03 5.250000000000000000e+02
7.980000000000000000e+02 1.179000000000000000e+03 6.750000000000000000e+02 1.400000000000000000e+03 5.250000000000000000e+02
8.460000000000000000e+02 1.179000000000000000e+03 7.500000000000000000e+02 1.400000000000000000e+03 5.250000000000000000e+02
8.930000000000000000e+02 1.180000000000000000e+03 8.250000000000000000e+02 1.400000000000000000e+03 5.250000000000000000e+02
9.410000000000000000e+02 1.180000000000000000e+03 9.000000000000000000e+02 1.400000000000000000e+03 5.250000000000000000e+02
9.880000000000000000e+02 1.181000000000000000e+03 9.750000000000000000e+02 1.400000000000000000e+03 5.250000000000000000e+02
1.035000000000000000e+03 1.181000000000000000e+03 1.050000000000000000e+03 1.400000000000000000e+03 5.250000000000000000e+02
1.081000000000000000e+03 1.182000000000000000e+03 1.125000000000000000e+03 1.400000000000000000e+03 5.250000000000000000e+02
1.127000000000000000e+03 1.182000000000000000e+03 1.200000000000000000e+03 1.400000000000000000e+03 5.250000000000000000e+02
1.172000000000000000e+03 1.182000000000000000e+03 1.275000000000000000e+03 1.400000000000000000e+03 5.250000000000000000e+02
1.218000000000000000e+03 1.183000000000000000e+03 1.350000000000000000e+03 1.400000000000000000e+03 5.250000000000000000e+02
1.263000000000000000e+03 1.183000000000000000e+03 1.425000000000000000e+03 1.400000000000000000e+03 5.250000000000000000e+02
1.307000000000000000e+03 1.183000000000000000e+03 1.500000000000000000e+03 1.400000000000000000e+03 5.250000000000000000e+02
1.352000000000000000e+03 1.184000000000000000e+03 1.575000000000000000e+03 1.400000000000000000e+03 5.250000000000000000e+02
1.396000000000000000e+03 1.184000000000000000e+03 1.650000000000000000e+03 1.400000000000000000e+03 5.250000000000000000e+02
1.439000000000000000e+03 1.185000000000000000e+03 1.725000000000000000e+03 1.400000000000000000e+03 5.250000000000000000e+02
1.483000000000000000e+03 1.185000000000000000e+03 1.800000000000000000e+03 1.400000000000000000e+03 5.250000000000000000e+02
3.490000000000000000e+02 1.122000000000000000e+03 0.000000000000000000e+00 1.400000000000000000e+03 6.000000000000000000e+02
4.000000000000000000e+02 1.123000000000000000e+03 7.500000000000000000e+01 1.400000000000000000e+03 6.000000000000000000e+02
4.510000000000000000e+02 1.123000000000000000e+03 1.500000000000000000e+02 1.400000000000000000e+03 6.000000000000000000e+02
5.020000000000000000e+02 1.124000000000000000e+03 2.250000000000000000e+02 1.400000000000000000e+03 6.000000000000000000e+02
5.520000000000000000e+02 1.125000000000000000e+03 3.000000000000000000e+02 1.400000000000000000e+03 6.000000000000000000e+02
6.020000000000000000e+02 1.126000000000000000e+03 3.750000000000000000e+02 1.400000000000000000e+03 6.000000000000000000e+02
6.510000000000000000e+02 1.126000000000000000e+03 4.500000000000000000e+02 1.400000000000000000e+03 6.000000000000000000e+02
7.010000000000000000e+02 1.127000000000000000e+03 5.250000000000000000e+02 1.400000000000000000e+03 6.000000000000000000e+02
7.490000000000000000e+02 1.128000000000000000e+03 6.000000000000000000e+02 1.400000000000000000e+03 6.000000000000000000e+02
7.980000000000000000e+02 1.128000000000000000e+03 6.750000000000000000e+02 1.400000000000000000e+03 6.000000000000000000e+02
8.460000000000000000e+02 1.129000000000000000e+03 7.500000000000000000e+02 1.400000000000000000e+03 6.000000000000000000e+02
8.940000000000000000e+02 1.130000000000000000e+03 8.250000000000000000e+02 1.400000000000000000e+03 6.000000000000000000e+02
9.410000000000000000e+02 1.130000000000000000e+03 9.000000000000000000e+02 1.400000000000000000e+03 6.000000000000000000e+02
9.880000000000000000e+02 1.131000000000000000e+03 9.750000000000000000e+02 1.400000000000000000e+03 6.000000000000000000e+02
1.035000000000000000e+03 1.132000000000000000e+03 1.050000000000000000e+03 1.400000000000000000e+03 6.000000000000000000e+02
1.081000000000000000e+03 1.132000000000000000e+03 1.125000000000000000e+03 1.400000000000000000e+03 6.000000000000000000e+02
1.127000000000000000e+03 1.133000000000000000e+03 1.200000000000000000e+03 1.400000000000000000e+03 6.000000000000000000e+02
1.172000000000000000e+03 1.133000000000000000e+03 1.275000000000000000e+03 1.400000000000000000e+03 6.000000000000000000e+02
1.218000000000000000e+03 1.134000000000000000e+03 1.350000000000000000e+03 1.400000000000000000e+03 6.000000000000000000e+02
1.263000000000000000e+03 1.135000000000000000e+03 1.425000000000000000e+03 1.400000000000000000e+03 6.000000000000000000e+02
1.307000000000000000e+03 1.135000000000000000e+03 1.500000000000000000e+03 1.400000000000000000e+03 6.000000000000000000e+02
1.351000000000000000e+03 1.136000000000000000e+03 1.575000000000000000e+03 1.400000000000000000e+03 6.000000000000000000e+02
1.395000000000000000e+03 1.136000000000000000e+03 1.650000000000000000e+03 1.400000000000000000e+03 6.000000000000000000e+02
1.439000000000000000e+03 1.137000000000000000e+03 1.725000000000000000e+03 1.400000000000000000e+03 6.000000000000000000e+02
1.482000000000000000e+03 1.137000000000000000e+03 1.800000000000000000e+03 1.400000000000000000e+03 6.000000000000000000e+02
3.490000000000000000e+02 1.070000000000000000e+03 0.000000000000000000e+00 1.400000000000000000e+03 6.750000000000000000e+02
4.010000000000000000e+02 1.071000000000000000e+03 7.500000000000000000e+01 1.400000000000000000e+03 6.750000000000000000e+02
4.520000000000000000e+02 1.072000000000000000e+03 1.500000000000000000e+02 1.400000000000000000e+03 6.750000000000000000e+02
5.020000000000000000e+02 1.073000000000000000e+03 2.250000000000000000e+02 1.400000000000000000e+03 6.750000000000000000e+02
5.520000000000000000e+02 1.073000000000000000e+03 3.000000000000000000e+02 1.400000000000000000e+03 6.750000000000000000e+02
6.020000000000000000e+02 1.074000000000000000e+03 3.750000000000000000e+02 1.400000000000000000e+03 6.750000000000000000e+02
6.520000000000000000e+02 1.075000000000000000e+03 4.500000000000000000e+02 1.400000000000000000e+03 6.750000000000000000e+02
7.010000000000000000e+02 1.076000000000000000e+03 5.250000000000000000e+02 1.400000000000000000e+03 6.750000000000000000e+02
7.500000000000000000e+02 1.077000000000000000e+03 6.000000000000000000e+02 1.400000000000000000e+03 6.750000000000000000e+02
7.980000000000000000e+02 1.078000000000000000e+03 6.750000000000000000e+02 1.400000000000000000e+03 6.750000000000000000e+02
8.460000000000000000e+02 1.079000000000000000e+03 7.500000000000000000e+02 1.400000000000000000e+03 6.750000000000000000e+02
8.940000000000000000e+02 1.080000000000000000e+03 8.250000000000000000e+02 1.400000000000000000e+03 6.750000000000000000e+02
9.410000000000000000e+02 1.081000000000000000e+03 9.000000000000000000e+02 1.400000000000000000e+03 6.750000000000000000e+02
9.880000000000000000e+02 1.081000000000000000e+03 9.750000000000000000e+02 1.400000000000000000e+03 6.750000000000000000e+02
1.035000000000000000e+03 1.082000000000000000e+03 1.050000000000000000e+03 1.400000000000000000e+03 6.750000000000000000e+02
1.081000000000000000e+03 1.083000000000000000e+03 1.125000000000000000e+03 1.400000000000000000e+03 6.750000000000000000e+02
1.127000000000000000e+03 1.084000000000000000e+03 1.200000000000000000e+03 1.400000000000000000e+03 6.750000000000000000e+02
1.172000000000000000e+03 1.084000000000000000e+03 1.275000000000000000e+03 1.400000000000000000e+03 6.750000000000000000e+02
1.218000000000000000e+03 1.085000000000000000e+03 1.350000000000000000e+03 1.400000000000000000e+03 6.750000000000000000e+02
1.263000000000000000e+03 1.086000000000000000e+03 1.425000000000000000e+03 1.400000000000000000e+03 6.750000000000000000e+02
1.307000000000000000e+03 1.087000000000000000e+03 1.500000000000000000e+03 1.400000000000000000e+03 6.750000000000000000e+02
1.351000000000000000e+03 1.087000000000000000e+03 1.575000000000000000e+03 1.400000000000000000e+03 6.750000000000000000e+02
1.395000000000000000e+03 1.088000000000000000e+03 1.650000000000000000e+03 1.400000000000000000e+03 6.750000000000000000e+02
1.439000000000000000e+03 1.089000000000000000e+03 1.725000000000000000e+03 1.400000000000000000e+03 6.750000000000000000e+02
1.482000000000000000e+03 1.089000000000000000e+03 1.800000000000000000e+03 1.400000000000000000e+03 6.750000000000000000e+02
3.500000000000000000e+02 1.018000000000000000e+03 0.000000000000000000e+00 1.400000000000000000e+03 7.500000000000000000e+02
4.010000000000000000e+02 1.019000000000000000e+03 7.500000000000000000e+01 1.400000000000000000e+03 7.500000000000000000e+02
4.520000000000000000e+02 1.020000000000000000e+03 1.500000000000000000e+02 1.400000000000000000e+03 7.500000000000000000e+02
5.020000000000000000e+02 1.021000000000000000e+03 2.250000000000000000e+02 1.400000000000000000e+03 7.500000000000000000e+02
5.530000000000000000e+02 1.022000000000000000e+03 3.000000000000000000e+02 1.400000000000000000e+03 7.500000000000000000e+02
6.030000000000000000e+02 1.023000000000000000e+03 3.750000000000000000e+02 1.400000000000000000e+03 7.500000000000000000e+02
6.520000000000000000e+02 1.024000000000000000e+03 4.500000000000000000e+02 1.400000000000000000e+03 7.500000000000000000e+02
7.010000000000000000e+02 1.025000000000000000e+03 5.250000000000000000e+02 1.400000000000000000e+03 7.500000000000000000e+02
7.500000000000000000e+02 1.026000000000000000e+03 6.000000000000000000e+02 1.400000000000000000e+03 7.500000000000000000e+02
7.980000000000000000e+02 1.028000000000000000e+03 6.750000000000000000e+02 1.400000000000000000e+03 7.500000000000000000e+02
8.460000000000000000e+02 1.029000000000000000e+03 7.500000000000000000e+02 1.400000000000000000e+03 7.500000000000000000e+02
8.940000000000000000e+02 1.030000000000000000e+03 8.250000000000000000e+02 1.400000000000000000e+03 7.500000000000000000e+02
9.410000000000000000e+02 1.031000000000000000e+03 9.000000000000000000e+02 1.400000000000000000e+03 7.500000000000000000e+02
9.880000000000000000e+02 1.032000000000000000e+03 9.750000000000000000e+02 1.400000000000000000e+03 7.500000000000000000e+02
1.035000000000000000e+03 1.033000000000000000e+03 1.050000000000000000e+03 1.400000000000000000e+03 7.500000000000000000e+02
1.081000000000000000e+03 1.034000000000000000e+03 1.125000000000000000e+03 1.400000000000000000e+03 7.500000000000000000e+02
1.127000000000000000e+03 1.035000000000000000e+03 1.200000000000000000e+03 1.400000000000000000e+03 7.500000000000000000e+02
1.172000000000000000e+03 1.036000000000000000e+03 1.275000000000000000e+03 1.400000000000000000e+03 7.500000000000000000e+02
1.218000000000000000e+03 1.036000000000000000e+03 1.350000000000000000e+03 1.400000000000000000e+03 7.500000000000000000e+02
1.262000000000000000e+03 1.037000000000000000e+03 1.425000000000000000e+03 1.400000000000000000e+03 7.500000000000000000e+02
1.307000000000000000e+03 1.038000000000000000e+03 1.500000000000000000e+03 1.400000000000000000e+03 7.500000000000000000e+02
1.351000000000000000e+03 1.039000000000000000e+03 1.575000000000000000e+03 1.400000000000000000e+03 7.500000000000000000e+02
1.395000000000000000e+03 1.040000000000000000e+03 1.650000000000000000e+03 1.400000000000000000e+03 7.500000000000000000e+02
1.439000000000000000e+03 1.041000000000000000e+03 1.725000000000000000e+03 1.400000000000000000e+03 7.500000000000000000e+02
1.482000000000000000e+03 1.042000000000000000e+03 1.800000000000000000e+03 1.400000000000000000e+03 7.500000000000000000e+02
3.500000000000000000e+02 9.660000000000000000e+02 0.000000000000000000e+00 1.400000000000000000e+03 8.250000000000000000e+02
4.020000000000000000e+02 9.670000000000000000e+02 7.500000000000000000e+01 1.400000000000000000e+03 8.250000000000000000e+02
4.520000000000000000e+02 9.680000000000000000e+02 1.500000000000000000e+02 1.400000000000000000e+03 8.250000000000000000e+02
5.030000000000000000e+02 9.700000000000000000e+02 2.250000000000000000e+02 1.400000000000000000e+03 8.250000000000000000e+02
5.530000000000000000e+02 9.710000000000000000e+02 3.000000000000000000e+02 1.400000000000000000e+03 8.250000000000000000e+02
6.030000000000000000e+02 9.720000000000000000e+02 3.750000000000000000e+02 1.400000000000000000e+03 8.250000000000000000e+02
6.520000000000000000e+02 9.740000000000000000e+02 4.500000000000000000e+02 1.400000000000000000e+03 8.250000000000000000e+02
7.010000000000000000e+02 9.750000000000000000e+02 5.250000000000000000e+02 1.400000000000000000e+03 8.250000000000000000e+02
7.500000000000000000e+02 9.760000000000000000e+02 6.000000000000000000e+02 1.400000000000000000e+03 8.250000000000000000e+02
7.980000000000000000e+02 9.770000000000000000e+02 6.750000000000000000e+02 1.400000000000000000e+03 8.250000000000000000e+02
8.460000000000000000e+02 9.780000000000000000e+02 7.500000000000000000e+02 1.400000000000000000e+03 8.250000000000000000e+02
8.940000000000000000e+02 9.800000000000000000e+02 8.250000000000000000e+02 1.400000000000000000e+03 8.250000000000000000e+02
9.410000000000000000e+02 9.810000000000000000e+02 9.000000000000000000e+02 1.400000000000000000e+03 8.250000000000000000e+02
9.880000000000000000e+02 9.820000000000000000e+02 9.750000000000000000e+02 1.400000000000000000e+03 8.250000000000000000e+02
1.035000000000000000e+03 9.830000000000000000e+02 1.050000000000000000e+03 1.400000000000000000e+03 8.250000000000000000e+02
1.081000000000000000e+03 9.840000000000000000e+02 1.125000000000000000e+03 1.400000000000000000e+03 8.250000000000000000e+02
1.127000000000000000e+03 9.860000000000000000e+02 1.200000000000000000e+03 1.400000000000000000e+03 8.250000000000000000e+02
1.172000000000000000e+03 9.870000000000000000e+02 1.275000000000000000e+03 1.400000000000000000e+03 8.250000000000000000e+02
1.218000000000000000e+03 9.880000000000000000e+02 1.350000000000000000e+03 1.400000000000000000e+03 8.250000000000000000e+02
1.262000000000000000e+03 9.890000000000000000e+02 1.425000000000000000e+03 1.400000000000000000e+03 8.250000000000000000e+02
1.307000000000000000e+03 9.900000000000000000e+02 1.500000000000000000e+03 1.400000000000000000e+03 8.250000000000000000e+02
1.351000000000000000e+03 9.910000000000000000e+02 1.575000000000000000e+03 1.400000000000000000e+03 8.250000000000000000e+02
1.395000000000000000e+03 9.920000000000000000e+02 1.650000000000000000e+03 1.400000000000000000e+03 8.250000000000000000e+02
1.438000000000000000e+03 9.930000000000000000e+02 1.725000000000000000e+03 1.400000000000000000e+03 8.250000000000000000e+02
1.482000000000000000e+03 9.940000000000000000e+02 1.800000000000000000e+03 1.400000000000000000e+03 8.250000000000000000e+02
3.510000000000000000e+02 9.140000000000000000e+02 0.000000000000000000e+00 1.400000000000000000e+03 9.000000000000000000e+02
4.020000000000000000e+02 9.150000000000000000e+02 7.500000000000000000e+01 1.400000000000000000e+03 9.000000000000000000e+02
4.530000000000000000e+02 9.170000000000000000e+02 1.500000000000000000e+02 1.400000000000000000e+03 9.000000000000000000e+02
5.030000000000000000e+02 9.180000000000000000e+02 2.250000000000000000e+02 1.400000000000000000e+03 9.000000000000000000e+02
5.540000000000000000e+02 9.200000000000000000e+02 3.000000000000000000e+02 1.400000000000000000e+03 9.000000000000000000e+02
6.030000000000000000e+02 9.210000000000000000e+02 3.750000000000000000e+02 1.400000000000000000e+03 9.000000000000000000e+02
6.530000000000000000e+02 9.230000000000000000e+02 4.500000000000000000e+02 1.400000000000000000e+03 9.000000000000000000e+02
7.020000000000000000e+02 9.240000000000000000e+02 5.250000000000000000e+02 1.400000000000000000e+03 9.000000000000000000e+02
7.500000000000000000e+02 9.260000000000000000e+02 6.000000000000000000e+02 1.400000000000000000e+03 9.000000000000000000e+02
7.990000000000000000e+02 9.270000000000000000e+02 6.750000000000000000e+02 1.400000000000000000e+03 9.000000000000000000e+02
8.470000000000000000e+02 9.280000000000000000e+02 7.500000000000000000e+02 1.400000000000000000e+03 9.000000000000000000e+02
8.940000000000000000e+02 9.300000000000000000e+02 8.250000000000000000e+02 1.400000000000000000e+03 9.000000000000000000e+02
9.410000000000000000e+02 9.310000000000000000e+02 9.000000000000000000e+02 1.400000000000000000e+03 9.000000000000000000e+02
9.880000000000000000e+02 9.320000000000000000e+02 9.750000000000000000e+02 1.400000000000000000e+03 9.000000000000000000e+02
1.035000000000000000e+03 9.340000000000000000e+02 1.050000000000000000e+03 1.400000000000000000e+03 9.000000000000000000e+02
1.081000000000000000e+03 9.350000000000000000e+02 1.125000000000000000e+03 1.400000000000000000e+03 9.000000000000000000e+02
1.127000000000000000e+03 9.370000000000000000e+02 1.200000000000000000e+03 1.400000000000000000e+03 9.000000000000000000e+02
1.172000000000000000e+03 9.380000000000000000e+02 1.275000000000000000e+03 1.400000000000000000e+03 9.000000000000000000e+02
1.217000000000000000e+03 9.390000000000000000e+02 1.350000000000000000e+03 1.400000000000000000e+03 9.000000000000000000e+02
1.262000000000000000e+03 9.400000000000000000e+02 1.425000000000000000e+03 1.400000000000000000e+03 9.000000000000000000e+02
1.307000000000000000e+03 9.420000000000000000e+02 1.500000000000000000e+03 1.400000000000000000e+03 9.000000000000000000e+02
1.351000000000000000e+03 9.430000000000000000e+02 1.575000000000000000e+03 1.400000000000000000e+03 9.000000000000000000e+02
1.395000000000000000e+03 9.440000000000000000e+02 1.650000000000000000e+03 1.400000000000000000e+03 9.000000000000000000e+02
1.438000000000000000e+03 9.450000000000000000e+02 1.725000000000000000e+03 1.400000000000000000e+03 9.000000000000000000e+02
1.481000000000000000e+03 9.460000000000000000e+02 1.800000000000000000e+03 1.400000000000000000e+03 9.000000000000000000e+02
3.510000000000000000e+02 8.620000000000000000e+02 0.000000000000000000e+00 1.400000000000000000e+03 9.750000000000000000e+02
4.030000000000000000e+02 8.640000000000000000e+02 7.500000000000000000e+01 1.400000000000000000e+03 9.750000000000000000e+02
4.540000000000000000e+02 8.650000000000000000e+02 1.500000000000000000e+02 1.400000000000000000e+03 9.750000000000000000e+02
5.040000000000000000e+02 8.670000000000000000e+02 2.250000000000000000e+02 1.400000000000000000e+03 9.750000000000000000e+02
5.540000000000000000e+02 8.690000000000000000e+02 3.000000000000000000e+02 1.400000000000000000e+03 9.750000000000000000e+02
6.040000000000000000e+02 8.700000000000000000e+02 3.750000000000000000e+02 1.400000000000000000e+03 9.750000000000000000e+02
6.530000000000000000e+02 8.720000000000000000e+02 4.500000000000000000e+02 1.400000000000000000e+03 9.750000000000000000e+02
7.020000000000000000e+02 8.740000000000000000e+02 5.250000000000000000e+02 1.400000000000000000e+03 9.750000000000000000e+02
7.510000000000000000e+02 8.750000000000000000e+02 6.000000000000000000e+02 1.400000000000000000e+03 9.750000000000000000e+02
7.990000000000000000e+02 8.770000000000000000e+02 6.750000000000000000e+02 1.400000000000000000e+03 9.750000000000000000e+02
8.470000000000000000e+02 8.780000000000000000e+02 7.500000000000000000e+02 1.400000000000000000e+03 9.750000000000000000e+02
8.940000000000000000e+02 8.800000000000000000e+02 8.250000000000000000e+02 1.400000000000000000e+03 9.750000000000000000e+02
9.420000000000000000e+02 8.820000000000000000e+02 9.000000000000000000e+02 1.400000000000000000e+03 9.750000000000000000e+02
9.890000000000000000e+02 8.830000000000000000e+02 9.750000000000000000e+02 1.400000000000000000e+03 9.750000000000000000e+02
1.035000000000000000e+03 8.850000000000000000e+02 1.050000000000000000e+03 1.400000000000000000e+03 9.750000000000000000e+02
1.081000000000000000e+03 8.860000000000000000e+02 1.125000000000000000e+03 1.400000000000000000e+03 9.750000000000000000e+02
1.127000000000000000e+03 8.880000000000000000e+02 1.200000000000000000e+03 1.400000000000000000e+03 9.750000000000000000e+02
1.172000000000000000e+03 8.890000000000000000e+02 1.275000000000000000e+03 1.400000000000000000e+03 9.750000000000000000e+02
1.217000000000000000e+03 8.910000000000000000e+02 1.350000000000000000e+03 1.400000000000000000e+03 9.750000000000000000e+02
1.262000000000000000e+03 8.920000000000000000e+02 1.425000000000000000e+03 1.400000000000000000e+03 9.750000000000000000e+02
1.307000000000000000e+03 8.930000000000000000e+02 1.500000000000000000e+03 1.400000000000000000e+03 9.750000000000000000e+02
1.351000000000000000e+03 8.950000000000000000e+02 1.575000000000000000e+03 1.400000000000000000e+03 9.750000000000000000e+02
1.395000000000000000e+03 8.960000000000000000e+02 1.650000000000000000e+03 1.400000000000000000e+03 9.750000000000000000e+02
1.438000000000000000e+03 8.980000000000000000e+02 1.725000000000000000e+03 1.400000000000000000e+03 9.750000000000000000e+02
1.481000000000000000e+03 8.990000000000000000e+02 1.800000000000000000e+03 1.400000000000000000e+03 9.750000000000000000e+02
3.520000000000000000e+02 8.100000000000000000e+02 0.000000000000000000e+00 1.400000000000000000e+03 1.050000000000000000e+03
4.030000000000000000e+02 8.120000000000000000e+02 7.500000000000000000e+01 1.400000000000000000e+03 1.050000000000000000e+03
4.540000000000000000e+02 8.140000000000000000e+02 1.500000000000000000e+02 1.400000000000000000e+03 1.050000000000000000e+03
5.040000000000000000e+02 8.160000000000000000e+02 2.250000000000000000e+02 1.400000000000000000e+03 1.050000000000000000e+03
5.540000000000000000e+02 8.180000000000000000e+02 3.000000000000000000e+02 1.400000000000000000e+03 1.050000000000000000e+03
6.040000000000000000e+02 8.190000000000000000e+02 3.750000000000000000e+02 1.400000000000000000e+03 1.050000000000000000e+03
6.530000000000000000e+02 8.210000000000000000e+02 4.500000000000000000e+02 1.400000000000000000e+03 1.050000000000000000e+03
7.020000000000000000e+02 8.230000000000000000e+02 5.250000000000000000e+02 1.400000000000000000e+03 1.050000000000000000e+03
7.510000000000000000e+02 8.250000000000000000e+02 6.000000000000000000e+02 1.400000000000000000e+03 1.050000000000000000e+03
7.990000000000000000e+02 8.270000000000000000e+02 6.750000000000000000e+02 1.400000000000000000e+03 1.050000000000000000e+03
8.470000000000000000e+02 8.280000000000000000e+02 7.500000000000000000e+02 1.400000000000000000e+03 1.050000000000000000e+03
8.950000000000000000e+02 8.300000000000000000e+02 8.250000000000000000e+02 1.400000000000000000e+03 1.050000000000000000e+03
9.420000000000000000e+02 8.320000000000000000e+02 9.000000000000000000e+02 1.400000000000000000e+03 1.050000000000000000e+03
9.890000000000000000e+02 8.340000000000000000e+02 9.750000000000000000e+02 1.400000000000000000e+03 1.050000000000000000e+03
1.035000000000000000e+03 8.350000000000000000e+02 1.050000000000000000e+03 1.400000000000000000e+03 1.050000000000000000e+03
1.081000000000000000e+03 8.370000000000000000e+02 1.125000000000000000e+03 1.400000000000000000e+03 1.050000000000000000e+03
1.127000000000000000e+03 8.390000000000000000e+02 1.200000000000000000e+03 1.400000000000000000e+03 1.050000000000000000e+03
1.172000000000000000e+03 8.400000000000000000e+02 1.275000000000000000e+03 1.400000000000000000e+03 1.050000000000000000e+03
1.217000000000000000e+03 8.420000000000000000e+02 1.350000000000000000e+03 1.400000000000000000e+03 1.050000000000000000e+03
1.262000000000000000e+03 8.440000000000000000e+02 1.425000000000000000e+03 1.400000000000000000e+03 1.050000000000000000e+03
1.307000000000000000e+03 8.450000000000000000e+02 1.500000000000000000e+03 1.400000000000000000e+03 1.050000000000000000e+03
1.350000000000000000e+03 8.470000000000000000e+02 1.575000000000000000e+03 1.400000000000000000e+03 1.050000000000000000e+03
1.394000000000000000e+03 8.490000000000000000e+02 1.650000000000000000e+03 1.400000000000000000e+03 1.050000000000000000e+03
1.438000000000000000e+03 8.500000000000000000e+02 1.725000000000000000e+03 1.400000000000000000e+03 1.050000000000000000e+03
1.481000000000000000e+03 8.520000000000000000e+02 1.800000000000000000e+03 1.400000000000000000e+03 1.050000000000000000e+03
3.530000000000000000e+02 7.580000000000000000e+02 0.000000000000000000e+00 1.400000000000000000e+03 1.125000000000000000e+03
4.040000000000000000e+02 7.610000000000000000e+02 7.500000000000000000e+01 1.400000000000000000e+03 1.125000000000000000e+03
4.550000000000000000e+02 7.630000000000000000e+02 1.500000000000000000e+02 1.400000000000000000e+03 1.125000000000000000e+03
5.050000000000000000e+02 7.650000000000000000e+02 2.250000000000000000e+02 1.400000000000000000e+03 1.125000000000000000e+03
5.550000000000000000e+02 7.670000000000000000e+02 3.000000000000000000e+02 1.400000000000000000e+03 1.125000000000000000e+03
6.050000000000000000e+02 7.690000000000000000e+02 3.750000000000000000e+02 1.400000000000000000e+03 1.125000000000000000e+03
6.540000000000000000e+02 7.710000000000000000e+02 4.500000000000000000e+02 1.400000000000000000e+03 1.125000000000000000e+03
7.030000000000000000e+02 7.730000000000000000e+02 5.250000000000000000e+02 1.400000000000000000e+03 1.125000000000000000e+03
7.510000000000000000e+02 7.750000000000000000e+02 6.000000000000000000e+02 1.400000000000000000e+03 1.125000000000000000e+03
8.000000000000000000e+02 7.770000000000000000e+02 6.750000000000000000e+02 1.400000000000000000e+03 1.125000000000000000e+03
8.470000000000000000e+02 7.790000000000000000e+02 7.500000000000000000e+02 1.400000000000000000e+03 1.125000000000000000e+03
8.950000000000000000e+02 7.800000000000000000e+02 8.250000000000000000e+02 1.400000000000000000e+03 1.125000000000000000e+03
9.420000000000000000e+02 7.820000000000000000e+02 9.000000000000000000e+02 1.400000000000000000e+03 1.125000000000000000e+03
9.890000000000000000e+02 7.840000000000000000e+02 9.750000000000000000e+02 1.400000000000000000e+03 1.125000000000000000e+03
1.035000000000000000e+03 7.860000000000000000e+02 1.050000000000000000e+03 1.400000000000000000e+03 1.125000000000000000e+03
1.081000000000000000e+03 7.880000000000000000e+02 1.125000000000000000e+03 1.400000000000000000e+03 1.125000000000000000e+03
1.127000000000000000e+03 7.900000000000000000e+02 1.200000000000000000e+03 1.400000000000000000e+03 1.125000000000000000e+03
1.172000000000000000e+03 7.920000000000000000e+02 1.275000000000000000e+03 1.400000000000000000e+03 1.125000000000000000e+03
1.217000000000000000e+03 7.940000000000000000e+02 1.350000000000000000e+03 1.400000000000000000e+03 1.125000000000000000e+03
1.262000000000000000e+03 7.950000000000000000e+02 1.425000000000000000e+03 1.400000000000000000e+03 1.125000000000000000e+03
1.306000000000000000e+03 7.970000000000000000e+02 1.500000000000000000e+03 1.400000000000000000e+03 1.125000000000000000e+03
1.350000000000000000e+03 7.990000000000000000e+02 1.575000000000000000e+03 1.400000000000000000e+03 1.125000000000000000e+03
1.394000000000000000e+03 8.010000000000000000e+02 1.650000000000000000e+03 1.400000000000000000e+03 1.125000000000000000e+03
1.438000000000000000e+03 8.020000000000000000e+02 1.725000000000000000e+03 1.400000000000000000e+03 1.125000000000000000e+03
1.481000000000000000e+03 8.040000000000000000e+02 1.800000000000000000e+03 1.400000000000000000e+03 1.125000000000000000e+03
3.540000000000000000e+02 7.070000000000000000e+02 0.000000000000000000e+00 1.400000000000000000e+03 1.200000000000000000e+03
4.050000000000000000e+02 7.090000000000000000e+02 7.500000000000000000e+01 1.400000000000000000e+03 1.200000000000000000e+03
4.550000000000000000e+02 7.110000000000000000e+02 1.500000000000000000e+02 1.400000000000000000e+03 1.200000000000000000e+03
5.050000000000000000e+02 7.140000000000000000e+02 2.250000000000000000e+02 1.400000000000000000e+03 1.200000000000000000e+03
5.550000000000000000e+02 7.160000000000000000e+02 3.000000000000000000e+02 1.400000000000000000e+03 1.200000000000000000e+03
6.050000000000000000e+02 7.180000000000000000e+02 3.750000000000000000e+02 1.400000000000000000e+03 1.200000000000000000e+03
6.540000000000000000e+02 7.200000000000000000e+02 4.500000000000000000e+02 1.400000000000000000e+03 1.200000000000000000e+03
7.030000000000000000e+02 7.220000000000000000e+02 5.250000000000000000e+02 1.400000000000000000e+03 1.200000000000000000e+03
7.520000000000000000e+02 7.240000000000000000e+02 6.000000000000000000e+02 1.400000000000000000e+03 1.200000000000000000e+03
8.000000000000000000e+02 7.270000000000000000e+02 6.750000000000000000e+02 1.400000000000000000e+03 1.200000000000000000e+03
8.480000000000000000e+02 7.290000000000000000e+02 7.500000000000000000e+02 1.400000000000000000e+03 1.200000000000000000e+03
8.950000000000000000e+02 7.310000000000000000e+02 8.250000000000000000e+02 1.400000000000000000e+03 1.200000000000000000e+03
9.420000000000000000e+02 7.330000000000000000e+02 9.000000000000000000e+02 1.400000000000000000e+03 1.200000000000000000e+03
9.890000000000000000e+02 7.350000000000000000e+02 9.750000000000000000e+02 1.400000000000000000e+03 1.200000000000000000e+03
1.035000000000000000e+03 7.370000000000000000e+02 1.050000000000000000e+03 1.400000000000000000e+03 1.200000000000000000e+03
1.081000000000000000e+03 7.390000000000000000e+02 1.125000000000000000e+03 1.400000000000000000e+03 1.200000000000000000e+03
1.127000000000000000e+03 7.410000000000000000e+02 1.200000000000000000e+03 1.400000000000000000e+03 1.200000000000000000e+03
1.172000000000000000e+03 7.430000000000000000e+02 1.275000000000000000e+03 1.400000000000000000e+03 1.200000000000000000e+03
1.217000000000000000e+03 7.450000000000000000e+02 1.350000000000000000e+03 1.400000000000000000e+03 1.200000000000000000e+03
1.262000000000000000e+03 7.470000000000000000e+02 1.425000000000000000e+03 1.400000000000000000e+03 1.200000000000000000e+03
1.306000000000000000e+03 7.490000000000000000e+02 1.500000000000000000e+03 1.400000000000000000e+03 1.200000000000000000e+03
1.350000000000000000e+03 7.510000000000000000e+02 1.575000000000000000e+03 1.400000000000000000e+03 1.200000000000000000e+03
1.394000000000000000e+03 7.530000000000000000e+02 1.650000000000000000e+03 1.400000000000000000e+03 1.200000000000000000e+03
1.437000000000000000e+03 7.550000000000000000e+02 1.725000000000000000e+03 1.400000000000000000e+03 1.200000000000000000e+03
1.480000000000000000e+03 7.570000000000000000e+02 1.800000000000000000e+03 1.400000000000000000e+03 1.200000000000000000e+03
3.540000000000000000e+02 6.550000000000000000e+02 0.000000000000000000e+00 1.400000000000000000e+03 1.275000000000000000e+03
4.050000000000000000e+02 6.580000000000000000e+02 7.500000000000000000e+01 1.400000000000000000e+03 1.275000000000000000e+03
4.560000000000000000e+02 6.600000000000000000e+02 1.500000000000000000e+02 1.400000000000000000e+03 1.275000000000000000e+03
5.060000000000000000e+02 6.630000000000000000e+02 2.250000000000000000e+02 1.400000000000000000e+03 1.275000000000000000e+03
5.560000000000000000e+02 6.650000000000000000e+02 3.000000000000000000e+02 1.400000000000000000e+03 1.275000000000000000e+03
6.060000000000000000e+02 6.670000000000000000e+02 3.750000000000000000e+02 1.400000000000000000e+03 1.275000000000000000e+03
6.550000000000000000e+02 6.700000000000000000e+02 4.500000000000000000e+02 1.400000000000000000e+03 1.275000000000000000e+03
7.040000000000000000e+02 6.720000000000000000e+02 5.250000000000000000e+02 1.400000000000000000e+03 1.275000000000000000e+03
7.520000000000000000e+02 6.740000000000000000e+02 6.000000000000000000e+02 1.400000000000000000e+03 1.275000000000000000e+03
8.000000000000000000e+02 6.770000000000000000e+02 6.750000000000000000e+02 1.400000000000000000e+03 1.275000000000000000e+03
8.480000000000000000e+02 6.790000000000000000e+02 7.500000000000000000e+02 1.400000000000000000e+03 1.275000000000000000e+03
8.950000000000000000e+02 6.810000000000000000e+02 8.250000000000000000e+02 1.400000000000000000e+03 1.275000000000000000e+03
9.420000000000000000e+02 6.840000000000000000e+02 9.000000000000000000e+02 1.400000000000000000e+03 1.275000000000000000e+03
9.890000000000000000e+02 6.860000000000000000e+02 9.750000000000000000e+02 1.400000000000000000e+03 1.275000000000000000e+03
1.035000000000000000e+03 6.880000000000000000e+02 1.050000000000000000e+03 1.400000000000000000e+03 1.275000000000000000e+03
1.081000000000000000e+03 6.900000000000000000e+02 1.125000000000000000e+03 1.400000000000000000e+03 1.275000000000000000e+03
1.127000000000000000e+03 6.930000000000000000e+02 1.200000000000000000e+03 1.400000000000000000e+03 1.275000000000000000e+03
1.172000000000000000e+03 6.950000000000000000e+02 1.275000000000000000e+03 1.400000000000000000e+03 1.275000000000000000e+03
1.217000000000000000e+03 6.970000000000000000e+02 1.350000000000000000e+03 1.400000000000000000e+03 1.275000000000000000e+03
1.262000000000000000e+03 6.990000000000000000e+02 1.425000000000000000e+03 1.400000000000000000e+03 1.275000000000000000e+03
1.306000000000000000e+03 7.010000000000000000e+02 1.500000000000000000e+03 1.400000000000000000e+03 1.275000000000000000e+03
1.350000000000000000e+03 7.030000000000000000e+02 1.575000000000000000e+03 1.400000000000000000e+03 1.275000000000000000e+03
1.394000000000000000e+03 7.050000000000000000e+02 1.650000000000000000e+03 1.400000000000000000e+03 1.275000000000000000e+03
1.437000000000000000e+03 7.080000000000000000e+02 1.725000000000000000e+03 1.400000000000000000e+03 1.275000000000000000e+03
1.480000000000000000e+03 7.100000000000000000e+02 1.800000000000000000e+03 1.400000000000000000e+03 1.275000000000000000e+03
