# x,y,X,Y,Z
5.850000000000000000e+02 1.450000000000000000e+03 0.000000000000000000e+00 7.000000000000000000e+02 1.500000000000000000e+02
6.460000000000000000e+02 1.450000000000000000e+03 7.500000000000000000e+01 7.000000000000000000e+02 1.500000000000000000e+02
7.070000000000000000e+02 1.449000000000000000e+03 1.500000000000000000e+02 7.000000000000000000e+02 1.500000000000000000e+02
7.670000000000000000e+02 1.449000000000000000e+03 2.250000000000000000e+02 7.000000000000000000e+02 1.500000000000000000e+02
8.260000000000000000e+02 1.448000000000000000e+03 3.000000000000000000e+02 7.000000000000000000e+02 1.500000000000000000e+02
8.850000000000000000e+02 1.448000000000000000e+03 3.750000000000000000e+02 7.000000000000000000e+02 1.500000000000000000e+02
9.430000000000000000e+02 1.447000000000000000e+03 4.500000000000000000e+02 7.000000000000000000e+02 1.500000000000000000e+02
1.001000000000000000e+03 1.447000000000000000e+03 5.250000000000000000e+02 7.000000000000000000e+02 1.500000000000000000e+02
1.058000000000000000e+03 1.446000000000000000e+03 6.000000000000000000e+02 7.000000000000000000e+02 1.500000000000000000e+02
1.115000000000000000e+03 1.446000000000000000e+03 6.750000000000000000e+02 7.000000000000000000e+02 1.500000000000000000e+02
1.171000000000000000e+03 1.445000000000000000e+03 7.500000000000000000e+02 7.000000000000000000e+02 1.500000000000000000e+02
1.227000000000000000e+03 1.444000000000000000e+03 8.250000000000000000e+02 7.000000000000000000e+02 1.500000000000000000e+02
1.282000000000000000e+03 1.444000000000000000e+03 9.000000000000000000e+02 7.000000000000000000e+02 1.500000000000000000e+02
1.337000000000000000e+03 1.443000000000000000e+03 9.750000000000000000e+02 7.000000000000000000e+02 1.500000000000000000e+02
1.391000000000000000e+03 1.443000000000000000e+03 1.050000000000000000e+03 7.000000000000000000e+02 1.500000000000000000e+02
1.444000000000000000e+03 1.442000000000000000e+03 1.125000000000000000e+03 7.000000000000000000e+02 1.500000000000000000e+02
1.497000000000000000e+03 1.441000000000000000e+03 1.200000000000000000e+03 7.000000000000000000e+02 1.500000000000000000e+02
1.550000000000000000e+03 1.441000000000000000e+03 1.275000000000000000e+03 7.000000000000000000e+02 1.500000000000000000e+02
1.602000000000000000e+03 1.440000000000000000e+03 1.350000000000000000e+03 7.000000000000000000e+02 1.500000000000000000e+02
1.654000000000000000e+03 1.439000000000000000e+03 1.425000000000000000e+03 7.000000000000000000e+02 1.500000000000000000e+02
1.705000000000000000e+03 1.439000000000000000e+03 1.500000000000000000e+03 7.000000000000000000e+02 1.500000000000000000e+02
1.756000000000000000e+03 1.438000000000000000e+03 1.575000000000000000e+03 7.000000000000000000e+02 1.500000000000000000e+02
1.806000000000000000e+03 1.437000000000000000e+03 1.650000000000000000e+03 7.000000000000000000e+02 1.500000000000000000e+02
1.855000000000000000e+03 1.436000000000000000e+03 1.725000000000000000e+03 7.000000000000000000e+02 1.500000000000000000e+02
1.905000000000000000e+03 1.436000000000000000e+03 1.800000000000000000e+03 7.000000000000000000e+02 1.500000000000000000e+02
5.860000000000000000e+02 1.387000000000000000e+03 0.000000000000000000e+00 7.000000000000000000e+02 2.250000000000000000e+02
6.470000000000000000e+02 1.387000000000000000e+03 7.500000000000000000e+01 7.000000000000000000e+02 2.250000000000000000e+02
7.070000000000000000e+02 1.387000000000000000e+03 1.500000000000000000e+02 7.000000000000000000e+02 2.250000000000000000e+02
7.670000000000000000e+02 1.387000000000000000e+03 2.250000000000000000e+02 7.000000000000000000e+02 2.250000000000000000e+02
8.260000000000000000e+02 1.386000000000000000e+03 3.000000000000000000e+02 7.000000000000000000e+02 2.250000000000000000e+02
8.850000000000000000e+02 1.386000000000000000e+03 3.750000000000000000e+02 7.000000000000000000e+02 2.250000000000000000e+02
9.430000000000000000e+02 1.386000000000000000e+03 4.500000000000000000e+02 7.000000000000000000e+02 2.250000000000000000e+02
1.001000000000000000e+03 1.386000000000000000e+03 5.250000000000000000e+02 7.000000000000000000e+02 2.250000000000000000e+02
1.059000000000000000e+03 1.385000000000000000e+03 6.000000000000000000e+02 7.000000000000000000e+02 2.250000000000000000e+02
1.115000000000000000e+03 1.385000000000000000e+03 6.750000000000000000e+02 7.000000000000000000e+02 2.250000000000000000e+02
1.171000000000000000e+03 1.385000000000000000e+03 7.500000000000000000e+02 7.000000000000000000e+02 2.250000000000000000e+02
1.227000000000000000e+03 1.384000000000000000e+03 8.250000000000000000e+02 7.000000000000000000e+02 2.250000000000000000e+02
1.282000000000000000e+03 1.384000000000000000e+03 9.000000000000000000e+02 7.000000000000000000e+02 2.250000000000000000e+02
1.336000000000000000e+03 1.384000000000000000e+03 9.750000000000000000e+02 7.000000000000000000e+02 2.250000000000000000e+02
1.391000000000000000e+03 1.383000000000000000e+03 1.050000000000000000e+03 7.000000000000000000e+02 2.250000000000000000e+02
1.444000000000000000e+03 1.383000000000000000e+03 1.125000000000000000e+03 7.000000000000000000e+02 2.250000000000000000e+02
1.497000000000000000e+03 1.383000000000000000e+03 1.200000000000000000e+03 7.000000000000000000e+02 2.250000000000000000e+02
1.550000000000000000e+03 1.382000000000000000e+03 1.275000000000000000e+03 7.000000000000000000e+02 2.250000000000000000e+02
1.602000000000000000e+03 1.382000000000000000e+03 1.350000000000000000e+03 7.000000000000000000e+02 2.250000000000000000e+02
1.653000000000000000e+03 1.381000000000000000e+03 1.425000000000000000e+03 7.000000000000000000e+02 2.250000000000000000e+02
1.704000000000000000e+03 1.381000000000000000e+03 1.500000000000000000e+03 7.000000000000000000e+02 2.250000000000000000e+02
1.755000000000000000e+03 1.381000000000000000e+03 1.575000000000000000e+03 7.000000000000000000e+02 2.250000000000000000e+02
1.805000000000000000e+03 1.380000000000000000e+03 1.650000000000000000e+03 7.000000000000000000e+02 2.250000000000000000e+02
1.855000000000000000e+03 1.380000000000000000e+03 1.725000000000000000e+03 7.000000000000000000e+02 2.250000000000000000e+02
1.904000000000000000e+03 1.379000000000000000e+03 1.800000000000000000e+03 7.000000000000000000e+02 2.250000000000000000e+02
5.860000000000000000e+02 1.324000000000000000e+03 0.000000000000000000e+00 7.000000000000000000e+02 3.000000000000000000e+02
6.470000000000000000e+02 1.324000000000000000e+03 7.500000000000000000e+01 7.000000000000000000e+02 3.000000000000000000e+02
7.070000000000000000e+02 1.324000000000000000e+03 1.500000000000000000e+02 7.000000000000000000e+02 3.000000000000000000e+02
7.670000000000000000e+02 1.324000000000000000e+03 2.250000000000000000e+02 7.000000000000000000e+02 3.000000000000000000e+02
8.270000000000000000e+02 1.324000000000000000e+03 3.000000000000000000e+02 7.000000000000000000e+02 3.000000000000000000e+02
8.850000000000000000e+02 1.325000000000000000e+03 3.750000000000000000e+02 7.000000000000000000e+02 3.000000000000000000e+02
9.440000000000000000e+02 1.325000000000000000e+03 4.500000000000000000e+02 7.000000000000000000e+02 3.000000000000000000e+02
1.001000000000000000e+03 1.325000000000000000e+03 5.250000000000000000e+02 7.000000000000000000e+02 3.000000000000000000e+02
1.059000000000000000e+03 1.325000000000000000e+03 6.000000000000000000e+02 7.000000000000000000e+02 3.000000000000000000e+02
1.115000000000000000e+03 1.325000000000000000e+03 6.750000000000000000e+02 7.000000000000000000e+02 3.000000000000000000e+02
1.171000000000000000e+03 1.325000000000000000e+03 7.500000000000000000e+02 7.000000000000000000e+02 3.000000000000000000e+02
1.227000000000000000e+03 1.324000000000000000e+03 8.250000000000000000e+02 7.000000000000000000e+02 3.000000000000000000e+02
1.282000000000000000e+03 1.324000000000000000e+03 9.000000000000000000e+02 7.000000000000000000e+02 3.000000000000000000e+02
1.336000000000000000e+03 1.324000000000000000e+03 9.750000000000000000e+02 7.000000000000000000e+02 3.000000000000000000e+02
1.390000000000000000e+03 1.324000000000000000e+03 1.050000000000000000e+03 7.000000000000000000e+02 3.000000000000000000e+02
1.444000000000000000e+03 1.324000000000000000e+03 1.125000000000000000e+03 7.000000000000000000e+02 3.000000000000000000e+02
1.497000000000000000e+03 1.324000000000000000e+03 1.200000000000000000e+03 7.000000000000000000e+02 3.000000000000000000e+02
1.549000000000000000e+03 1.324000000000000000e+03 1.275000000000000000e+03 7.000000000000000000e+02 3.000000000000000000e+02
1.602000000000000000e+03 1.324000000000000000e+03 1.350000000000000000e+03 7.000000000000000000e+02 3.000000000000000000e+02
1.653000000000000000e+03 1.324000000000000000e+03 1.425000000000000000e+03 7.000000000000000000e+02 3.000000000000000000e+02
1.704000000000000000e+03 1.323000000000000000e+03 1.500000000000000000e+03 7.000000000000000000e+02 3.000000000000000000e+02
1.755000000000000000e+03 1.323000000000000000e+03 1.575000000000000000e+03 7.000000000000000000e+02 3.000000000000000000e+02
1.805000000000000000e+03 1.323000000000000000e+03 1.650000000000000000e+03 7.000000000000000000e+02 3.000000000000000000e+02
1.855000000000000000e+03 1.323000000000000000e+03 1.725000000000000000e+03 7.000000000000000000e+02 3.000000000000000000e+02
1.904000000000000000e+03 1.323000000000000000e+03 1.800000000000000000e+03 7.000000000000000000e+02 3.000000000000000000e+02
5.870000000000000000e+02 1.261000000000000000e+03 0.000000000000000000e+00 7.000000000000000000e+02 3.750000000000000000e+02
6.470000000000000000e+02 1.262000000000000000e+03 7.500000000000000000e+01 7.000000000000000000e+02 3.750000000000000000e+02
7.080000000000000000e+02 1.262000000000000000e+03 1.500000000000000000e+02 7.000000000000000000e+02 3.750000000000000000e+02
7.680000000000000000e+02 1.262000000000000000e+03 2.250000000000000000e+02 7.000000000000000000e+02 3.750000000000000000e+02
8.270000000000000000e+02 1.263000000000000000e+03 3.000000000000000000e+02 7.000000000000000000e+02 3.750000000000000000e+02
8.860000000000000000e+02 1.263000000000000000e+03 3.750000000000000000e+02 7.000000000000000000e+02 3.750000000000000000e+02
9.440000000000000000e+02 1.263000000000000000e+03 4.500000000000000000e+02 7.000000000000000000e+02 3.750000000000000000e+02
1.001000000000000000e+03 1.264000000000000000e+03 5.250000000000000000e+02 7.000000000000000000e+02 3.750000000000000000e+02
1.059000000000000000e+03 1.264000000000000000e+03 6.000000000000000000e+02 7.000000000000000000e+02 3.750000000000000000e+02
1.115000000000000000e+03 1.264000000000000000e+03 6.750000000000000000e+02 7.000000000000000000e+02 3.750000000000000000e+02
1.171000000000000000e+03 1.264000000000000000e+03 7.500000000000000000e+02 7.000000000000000000e+02 3.750000000000000000e+02
1.227000000000000000e+03 1.265000000000000000e+03 8.250000000000000000e+02 7.000000000000000000e+02 3.750000000000000000e+02
1.282000000000000000e+03 1.265000000000000000e+03 9.000000000000000000e+02 7.000000000000000000e+02 3.750000000000000000e+02
1.336000000000000000e+03 1.265000000000000000e+03 9.750000000000000000e+02 7.000000000000000000e+02 3.750000000000000000e+02
1.390000000000000000e+03 1.265000000000000000e+03 1.050000000000000000e+03 7.000000000000000000e+02 3.750000000000000000e+02
1.444000000000000000e+03 1.265000000000000000e+03 1.125000000000000000e+03 7.000000000000000000e+02 3.750000000000000000e+02
1.497000000000000000e+03 1.266000000000000000e+03 1.200000000000000000e+03 7.000000000000000000e+02 3.750000000000000000e+02
1.549000000000000000e+03 1.266000000000000000e+03 1.275000000000000000e+03 7.000000000000000000e+02 3.750000000000000000e+02
1.601000000000000000e+03 1.266000000000000000e+03 1.350000000000000000e+03 7.000000000000000000e+02 3.750000000000000000e+02
1.653000000000000000e+03 1.266000000000000000e+03 1.425000000000000000e+03 7.000000000000000000e+02 3.750000000000000000e+02
1.704000000000000000e+03 1.266000000000000000e+03 1.500000000000000000e+03 7.000000000000000000e+02 3.750000000000000000e+02
1.754000000000000000e+03 1.266000000000000000e+03 1.575000000000000000e+03 7.000000000000000000e+02 3.750000000000000000e+02
1.804000000000000000e+03 1.266000000000000000e+03 1.650000000000000000e+03 7.000000000000000000e+02 3.750000000000000000e+02
1.854000000000000000e+03 1.266000000000000000e+03 1.725000000000000000e+03 7.000000000000000000e+02 3.750000000000000000e+02
1.903000000000000000e+03 1.266000000000000000e+03 1.800000000000000000e+03 7.000000000000000000e+02 3.750000000000000000e+02
5.870000000000000000e+02 1.198000000000000000e+03 0.000000000000000000e+00 7.000000000000000000e+02 4.500000000000000000e+02
6.480000000000000000e+02 1.199000000000000000e+03 7.500000000000000000e+01 7.000000000000000000e+02 4.500000000000000000e+02
7.080000000000000000e+02 1.200000000000000000e+03 1.500000000000000000e+02 7.000000000000000000e+02 4.500000000000000000e+02
7.680000000000000000e+02 1.200000000000000000e+03 2.250000000000000000e+02 7.000000000000000000e+02 4.500000000000000000e+02
8.270000000000000000e+02 1.201000000000000000e+03 3.000000000000000000e+02 7.000000000000000000e+02 4.500000000000000000e+02
8.860000000000000000e+02 1.202000000000000000e+03 3.750000000000000000e+02 7.000000000000000000e+02 4.500000000000000000e+02
9.440000000000000000e+02 1.202000000000000000e+03 4.500000000000000000e+02 7.000000000000000000e+02 4.500000000000000000e+02
1.002000000000000000e+03 1.203000000000000000e+03 5.250000000000000000e+02 7.000000000000000000e+02 4.500000000000000000e+02
1.059000000000000000e+03 1.203000000000000000e+03 6.000000000000000000e+02 7.000000000000000000e+02 4.500000000000000000e+02
1.115000000000000000e+03 1.204000000000000000e+03 6.750000000000000000e+02 7.000000000000000000e+02 4.500000000000000000e+02
1.171000000000000000e+03 1.204000000000000000e+03 7.500000000000000000e+02 7.000000000000000000e+02 4.500000000000000000e+02
1.227000000000000000e+03 1.205000000000000000e+03 8.250000000000000000e+02 7.000000000000000000e+02 4.500000000000000000e+02
1.282000000000000000e+03 1.205000000000000000e+03 9.000000000000000000e+02 7.000000000000000000e+02 4.500000000000000000e+02
1.336000000000000000e+03 1.206000000000000000e+03 9.750000000000000000e+02 7.000000000000000000e+02 4.500000000000000000e+02
1.390000000000000000e+03 1.206000000000000000e+03 1.050000000000000000e+03 7.000000000000000000e+02 4.500000000000000000e+02
1.444000000000000000e+03 1.207000000000000000e+03 1.125000000000000000e+03 7.000000000000000000e+02 4.500000000000000000e+02
1.497000000000000000e+03 1.207000000000000000e+03 1.200000000000000000e+03 7.000000000000000000e+02 4.500000000000000000e+02
1.549000000000000000e+03 1.207000000000000000e+03 1.275000000000000000e+03 7.000000000000000000e+02 4.500000000000000000e+02
1.601000000000000000e+03 1.208000000000000000e+03 1.350000000000000000e+03 7.000000000000000000e+02 4.500000000000000000e+02
1.652000000000000000e+03 1.208000000000000000e+03 1.425000000000000000e+03 7.000000000000000000e+02 4.500000000000000000e+02
1.703000000000000000e+03 1.209000000000000000e+03 1.500000000000000000e+03 7.000000000000000000e+02 4.500000000000000000e+02
1.754000000000000000e+03 1.209000000000000000e+03 1.575000000000000000e+03 7.000000000000000000e+02 4.500000000000000000e+02
1.804000000000000000e+03 1.209000000000000000e+03 1.650000000000000000e+03 7.000000000000000000e+02 4.500000000000000000e+02
1.854000000000000000e+03 1.210000000000000000e+03 1.725000000000000000e+03 7.000000000000000000e+02 4.500000000000000000e+02
1.903000000000000000e+03 1.210000000000000000e+03 1.800000000000000000e+03 7.000000000000000000e+02 4.500000000000000000e+02
5.880000000000000000e+02 1.136000000000000000e+03 0.000000000000000000e+00 7.000000000000000000e+02 5.250000000000000000e+02
6.480000000000000000e+02 1.136000000000000000e+03 7.500000000000000000e+01 7.000000000000000000e+02 5.250000000000000000e+02
7.090000000000000000e+02 1.137000000000000000e+03 1.500000000000000000e+02 7.000000000000000000e+02 5.250000000000000000e+02
7.680000000000000000e+02 1.138000000000000000e+03 2.250000000000000000e+02 7.000000000000000000e+02 5.250000000000000000e+02
8.270000000000000000e+02 1.139000000000000000e+03 3.000000000000000000e+02 7.000000000000000000e+02 5.250000000000000000e+02
8.860000000000000000e+02 1.140000000000000000e+03 3.750000000000000000e+02 7.000000000000000000e+02 5.250000000000000000e+02
9.440000000000000000e+02 1.141000000000000000e+03 4.500000000000000000e+02 7.000000000000000000e+02 5.250000000000000000e+02
1.002000000000000000e+03 1.142000000000000000e+03 5.250000000000000000e+02 7.000000000000000000e+02 5.250000000000000000e+02
1.059000000000000000e+03 1.143000000000000000e+03 6.000000000000000000e+02 7.000000000000000000e+02 5.250000000000000000e+02
1.115000000000000000e+03 1.143000000000000000e+03 6.750000000000000000e+02 7.000000000000000000e+02 5.250000000000000000e+02
1.171000000000000000e+03 1.144000000000000000e+03 7.500000000000000000e+02 7.000000000000000000e+02 5.250000000000000000e+02
1.227000000000000000e+03 1.145000000000000000e+03 8.250000000000000000e+02 7.000000000000000000e+02 5.250000000000000000e+02
1.282000000000000000e+03 1.146000000000000000e+03 9.000000000000000000e+02 7.000000000000000000e+02 5.250000000000000000e+02
1.336000000000000000e+03 1.146000000000000000e+03 9.750000000000000000e+02 7.000000000000000000e+02 5.250000000000000000e+02
1.390000000000000000e+03 1.147000000000000000e+03 1.050000000000000000e+03 7.000000000000000000e+02 5.250000000000000000e+02
1.443000000000000000e+03 1.148000000000000000e+03 1.125000000000000000e+03 7.000000000000000000e+02 5.250000000000000000e+02
1.496000000000000000e+03 1.149000000000000000e+03 1.200000000000000000e+03 7.000000000000000000e+02 5.250000000000000000e+02
1.549000000000000000e+03 1.149000000000000000e+03 1.275000000000000000e+03 7.000000000000000000e+02 5.250000000000000000e+02
1.601000000000000000e+03 1.150000000000000000e+03 1.350000000000000000e+03 7.000000000000000000e+02 5.250000000000000000e+02
1.652000000000000000e+03 1.151000000000000000e+03 1.425000000000000000e+03 7.000000000000000000e+02 5.250000000000000000e+02
1.703000000000000000e+03 1.151000000000000000e+03 1.500000000000000000e+03 7.000000000000000000e+02 5.250000000000000000e+02
1.753000000000000000e+03 1.152000000000000000e+03 1.575000000000000000e+03 7.000000000000000000e+02 5.250000000000000000e+02
1.803000000000000000e+03 1.152000000000000000e+03 1.650000000000000000e+03 7.000000000000000000e+02 5.250000000000000000e+02
1.853000000000000000e+03 1.153000000000000000e+03 1.725000000000000000e+03 7.000000000000000000e+02 5.250000000000000000e+02
1.902000000000000000e+03 1.153000000000000000e+03 1.800000000000000000e+03 7.000000000000000000e+02 5.250000000000000000e+02
5.880000000000000000e+02 1.073000000000000000e+03 0.000000000000000000e+00 7.000000000000000000e+02 6.000000000000000000e+02
6.490000000000000000e+02 1.074000000000000000e+03 7.500000000000000000e+01 7.000000000000000000e+02 6.000000000000000000e+02
7.090000000000000000e+02 1.075000000000000000e+03 1.500000000000000000e+02 7.000000000000000000e+02 6.000000000000000000e+02
7.690000000000000000e+02 1.076000000000000000e+03 2.250000000000000000e+02 7.000000000000000000e+02 6.000000000000000000e+02
8.280000000000000000e+02 1.078000000000000000e+03 3.000000000000000000e+02 7.000000000000000000e+02 6.000000000000000000e+02
8.860000000000000000e+02 1.079000000000000000e+03 3.750000000000000000e+02 7.000000000000000000e+02 6.000000000000000000e+02
9.440000000000000000e+02 1.080000000000000000e+03 4.500000000000000000e+02 7.000000000000000000e+02 6.000000000000000000e+02
1.002000000000000000e+03 1.081000000000000000e+03 5.250000000000000000e+02 7.000000000000000000e+02 6.000000000000000000e+02
1.059000000000000000e+03 1.082000000000000000e+03 6.000000000000000000e+02 7.000000000000000000e+02 6.000000000000000000e+02
1.115000000000000000e+03 1.083000000000000000e+03 6.750000000000000000e+02 7.000000000000000000e+02 6.000000000000000000e+02
1.171000000000000000e+03 1.084000000000000000e+03 7.500000000000000000e+02 7.000000000000000000e+02 6.000000000000000000e+02
1.227000000000000000e+03 1.085000000000000000e+03 8.250000000000000000e+02 7.000000000000000000e+02 6.000000000000000000e+02
1.282000000000000000e+03 1.086000000000000000e+03 9.000000000000000000e+02 7.000000000000000000e+02 6.000000000000000000e+02
1.336000000000000000e+03 1.087000000000000000e+03 9.750000000000000000e+02 7.000000000000000000e+02 6.000000000000000000e+02
1.390000000000000000e+03 1.088000000000000000e+03 1.050000000000000000e+03 7.000000000000000000e+02 6.000000000000000000e+02
1.443000000000000000e+03 1.089000000000000000e+03 1.125000000000000000e+03 7.000000000000000000e+02 6.000000000000000000e+02
1.496000000000000000e+03 1.090000000000000000e+03 1.200000000000000000e+03 7.000000000000000000e+02 6.000000000000000000e+02
1.548000000000000000e+03 1.091000000000000000e+03 1.275000000000000000e+03 7.000000000000000000e+02 6.000000000000000000e+02
1.600000000000000000e+03 1.092000000000000000e+03 1.350000000000000000e+03 7.000000000000000000e+02 6.000000000000000000e+02
1.652000000000000000e+03 1.093000000000000000e+03 1.425000000000000000e+03 7.000000000000000000e+02 6.000000000000000000e+02
1.703000000000000000e+03 1.094000000000000000e+03 1.500000000000000000e+03 7.000000000000000000e+02 6.000000000000000000e+02
1.753000000000000000e+03 1.095000000000000000e+03 1.575000000000000000e+03 7.000000000000000000e+02 6.000000000000000000e+02
1.803000000000000000e+03 1.096000000000000000e+03 1.650000000000000000e+03 7.000000000000000000e+02 6.000000000000000000e+02
1.853000000000000000e+03 1.096000000000000000e+03 1.725000000000000000e+03 7.000000000000000000e+02 6.000000000000000000e+02
1.902000000000000000e+03 1.097000000000000000e+03 1.800000000000000000e+03 7.000000000000000000e+02 6.000000000000000000e+02
5.890000000000000000e+02 1.010000000000000000e+03 0.000000000000000000e+00 7.000000000000000000e+02 6.750000000000000000e+02
6.490000000000000000e+02 1.012000000000000000e+03 7.500000000000000000e+01 7.000000000000000000e+02 6.750000000000000000e+02
7.090000000000000000e+02 1.013000000000000000e+03 1.500000000000000000e+02 7.000000000000000000e+02 6.750000000000000000e+02
7.690000000000000000e+02 1.015000000000000000e+03 2.250000000000000000e+02 7.000000000000000000e+02 6.750000000000000000e+02
8.280000000000000000e+02 1.016000000000000000e+03 3.000000000000000000e+02 7.000000000000000000e+02 6.750000000000000000e+02
8.870000000000000000e+02 1.017000000000000000e+03 3.750000000000000000e+02 7.000000000000000000e+02 6.750000000000000000e+02
9.450000000000000000e+02 1.019000000000000000e+03 4.500000000000000000e+02 7.000000000000000000e+02 6.750000000000000000e+02
1.002000000000000000e+03 1.020000000000000000e+03 5.250000000000000000e+02 7.000000000000000000e+02 6.750000000000000000e+02
1.059000000000000000e+03 1.022000000000000000e+03 6.000000000000000000e+02 7.000000000000000000e+02 6.750000000000000000e+02
1.116000000000000000e+03 1.023000000000000000e+03 6.750000000000000000e+02 7.000000000000000000e+02 6.750000000000000000e+02
1.171000000000000000e+03 1.024000000000000000e+03 7.500000000000000000e+02 7.000000000000000000e+02 6.750000000000000000e+02
1.227000000000000000e+03 1.026000000000000000e+03 8.250000000000000000e+02 7.000000000000000000e+02 6.750000000000000000e+02
1.282000000000000000e+03 1.027000000000000000e+03 9.000000000000000000e+02 7.000000000000000000e+02 6.750000000000000000e+02
1.336000000000000000e+03 1.028000000000000000e+03 9.750000000000000000e+02 7.000000000000000000e+02 6.750000000000000000e+02
1.390000000000000000e+03 1.029000000000000000e+03 1.050000000000000000e+03 7.000000000000000000e+02 6.750000000000000000e+02
1.443000000000000000e+03 1.031000000000000000e+03 1.125000000000000000e+03 7.000000000000000000e+02 6.750000000000000000e+02
1.496000000000000000e+03 1.032000000000000000e+03 1.200000000000000000e+03 7.000000000000000000e+02 6.750000000000000000e+02
1.548000000000000000e+03 1.033000000000000000e+03 1.275000000000000000e+03 7.000000000000000000e+02 6.750000000000000000e+02
1.600000000000000000e+03 1.034000000000000000e+03 1.350000000000000000e+03 7.000000000000000000e+02 6.750000000000000000e+02
1.651000000000000000e+03 1.036000000000000000e+03 1.425000000000000000e+03 7.000000000000000000e+02 6.750000000000000000e+02
1.702000000000000000e+03 1.037000000000000000e+03 1.500000000000000000e+03 7.000000000000000000e+02 6.750000000000000000e+02
1.753000000000000000e+03 1.038000000000000000e+03 1.575000000000000000e+03 7.000000000000000000e+02 6.750000000000000000e+02
1.803000000000000000e+03 1.039000000000000000e+03 1.650000000000000000e+03 7.000000000000000000e+02 6.750000000000000000e+02
1.852000000000000000e+03 1.040000000000000000e+03 1.725000000000000000e+03 7.000000000000000000e+02 6.750000000000000000e+02
1.901000000000000000e+03 1.041000000000000000e+03 1.800000000000000000e+03 7.000000000000000000e+02 6.750000000000000000e+02
5.890000000000000000e+02 9.480000000000000000e+02 0.000000000000000000e+00 7.000000000000000000e+02 7.500000000000000000e+02
6.500000000000000000e+02 9.490000000000000000e+02 7.500000000000000000e+01 7.000000000000000000e+02 7.500000000000000000e+02
7.100000000000000000e+02 9.510000000000000000e+02 1.500000000000000000e+02 7.000000000000000000e+02 7.500000000000000000e+02
7.690000000000000000e+02 9.530000000000000000e+02 2.250000000000000000e+02 7.000000000000000000e+02 7.500000000000000000e+02
8.280000000000000000e+02 9.550000000000000000e+02 3.000000000000000000e+02 7.000000000000000000e+02 7.500000000000000000e+02
8.870000000000000000e+02 9.560000000000000000e+02 3.750000000000000000e+02 7.000000000000000000e+02 7.500000000000000000e+02
9.450000000000000000e+02 9.580000000000000000e+02 4.500000000000000000e+02 7.000000000000000000e+02 7.500000000000000000e+02
1.002000000000000000e+03 9.600000000000000000e+02 5.250000000000000000e+02 7.000000000000000000e+02 7.500000000000000000e+02
1.059000000000000000e+03 9.610000000000000000e+02 6.000000000000000000e+02 7.000000000000000000e+02 7.500000000000000000e+02
1.116000000000000000e+03 9.630000000000000000e+02 6.750000000000000000e+02 7.000000000000000000e+02 7.500000000000000000e+02
1.172000000000000000e+03 9.650000000000000000e+02 7.500000000000000000e+02 7.000000000000000000e+02 7.500000000000000000e+02
1.227000000000000000e+03 9.660000000000000000e+02 8.250000000000000000e+02 7.000000000000000000e+02 7.500000000000000000e+02
1.282000000000000000e+03 9.680000000000000000e+02 9.000000000000000000e+02 7.000000000000000000e+02 7.500000000000000000e+02
1.336000000000000000e+03 9.690000000000000000e+02 9.750000000000000000e+02 7.000000000000000000e+02 7.500000000000000000e+02
1.390000000000000000e+03 9.710000000000000000e+02 1.050000000000000000e+03 7.000000000000000000e+02 7.500000000000000000e+02
1.443000000000000000e+03 9.720000000000000000e+02 1.125000000000000000e+03 7.000000000000000000e+02 7.500000000000000000e+02
1.496000000000000000e+03 9.740000000000000000e+02 1.200000000000000000e+03 7.000000000000000000e+02 7.500000000000000000e+02
1.548000000000000000e+03 9.750000000000000000e+02 1.275000000000000000e+03 7.000000000000000000e+02 7.500000000000000000e+02
1.600000000000000000e+03 9.770000000000000000e+02 1.350000000000000000e+03 7.000000000000000000e+02 7.500000000000000000e+02
1.651000000000000000e+03 9.780000000000000000e+02 1.425000000000000000e+03 7.000000000000000000e+02 7.500000000000000000e+02
1.702000000000000000e+03 9.800000000000000000e+02 1.500000000000000000e+03 7.000000000000000000e+02 7.500000000000000000e+02
1.752000000000000000e+03 9.810000000000000000e+02 1.575000000000000000e+03 7.000000000000000000e+02 7.500000000000000000e+02
1.802000000000000000e+03 9.820000000000000000e+02 1.650000000000000000e+03 7.000000000000000000e+02 7.500000000000000000e+02
1.852000000000000000e+03 9.840000000000000000e+02 1.725000000000000000e+03 7.000000000000000000e+02 7.500000000000000000e+02
1.901000000000000000e+03 9.850000000000000000e+02 1.800000000000000000e+03 7.000000000000000000e+02 7.500000000000000000e+02
5.900000000000000000e+02 8.850000000000000000e+02 0.000000000000000000e+00 7.000000000000000000e+02 8.250000000000000000e+02
6.500000000000000000e+02 8.870000000000000000e+02 7.500000000000000000e+01 7.000000000000000000e+02 8.250000000000000000e+02
7.100000000000000000e+02 8.890000000000000000e+02 1.500000000000000000e+02 7.000000000000000000e+02 8.250000000000000000e+02
7.700000000000000000e+02 8.910000000000000000e+02 2.250000000000000000e+02 7.000000000000000000e+02 8.250000000000000000e+02
8.290000000000000000e+02 8.930000000000000000e+02 3.000000000000000000e+02 7.000000000000000000e+02 8.250000000000000000e+02
8.870000000000000000e+02 8.950000000000000000e+02 3.750000000000000000e+02 7.000000000000000000e+02 8.250000000000000000e+02
9.450000000000000000e+02 8.970000000000000000e+02 4.500000000000000000e+02 7.000000000000000000e+02 8.250000000000000000e+02
1.003000000000000000e+03 8.990000000000000000e+02 5.250000000000000000e+02 7.000000000000000000e+02 8.250000000000000000e+02
1.059000000000000000e+03 9.010000000000000000e+02 6.000000000000000000e+02 7.000000000000000000e+02 8.250000000000000000e+02
1.116000000000000000e+03 9.030000000000000000e+02 6.750000000000000000e+02 7.000000000000000000e+02 8.250000000000000000e+02
1.172000000000000000e+03 9.050000000000000000e+02 7.500000000000000000e+02 7.000000000000000000e+02 8.250000000000000000e+02
1.227000000000000000e+03 9.070000000000000000e+02 8.250000000000000000e+02 7.000000000000000000e+02 8.250000000000000000e+02
1.282000000000000000e+03 9.080000000000000000e+02 9.000000000000000000e+02 7.000000000000000000e+02 8.250000000000000000e+02
1.336000000000000000e+03 9.100000000000000000e+02 9.750000000000000000e+02 7.000000000000000000e+02 8.250000000000000000e+02
1.390000000000000000e+03 9.120000000000000000e+02 1.050000000000000000e+03 7.000000000000000000e+02 8.250000000000000000e+02
1.443000000000000000e+03 9.140000000000000000e+02 1.125000000000000000e+03 7.000000000000000000e+02 8.250000000000000000e+02
1.496000000000000000e+03 9.160000000000000000e+02 1.200000000000000000e+03 7.000000000000000000e+02 8.250000000000000000e+02
1.548000000000000000e+03 9.170000000000000000e+02 1.275000000000000000e+03 7.000000000000000000e+02 8.250000000000000000e+02
1.600000000000000000e+03 9.190000000000000000e+02 1.350000000000000000e+03 7.000000000000000000e+02 8.250000000000000000e+02
1.651000000000000000e+03 9.210000000000000000e+02 1.425000000000000000e+03 7.000000000000000000e+02 8.250000000000000000e+02
1.702000000000000000e+03 9.220000000000000000e+02 1.500000000000000000e+03 7.000000000000000000e+02 8.250000000000000000e+02
1.752000000000000000e+03 9.240000000000000000e+02 1.575000000000000000e+03 7.000000000000000000e+02 8.250000000000000000e+02
1.802000000000000000e+03 9.260000000000000000e+02 1.650000000000000000e+03 7.000000000000000000e+02 8.250000000000000000e+02
1.851000000000000000e+03 9.270000000000000000e+02 1.725000000000000000e+03 7.000000000000000000e+02 8.250000000000000000e+02
1.900000000000000000e+03 9.290000000000000000e+02 1.800000000000000000e+03 7.000000000000000000e+02 8.250000000000000000e+02
5.900000000000000000e+02 8.230000000000000000e+02 0.000000000000000000e+00 7.000000000000000000e+02 9.000000000000000000e+02
6.510000000000000000e+02 8.250000000000000000e+02 7.500000000000000000e+01 7.000000000000000000e+02 9.000000000000000000e+02
7.110000000000000000e+02 8.270000000000000000e+02 1.500000000000000000e+02 7.000000000000000000e+02 9.000000000000000000e+02
7.700000000000000000e+02 8.300000000000000000e+02 2.250000000000000000e+02 7.000000000000000000e+02 9.000000000000000000e+02
8.290000000000000000e+02 8.320000000000000000e+02 3.000000000000000000e+02 7.000000000000000000e+02 9.000000000000000000e+02
8.880000000000000000e+02 8.340000000000000000e+02 3.750000000000000000e+02 7.000000000000000000e+02 9.000000000000000000e+02
9.450000000000000000e+02 8.360000000000000000e+02 4.500000000000000000e+02 7.000000000000000000e+02 9.000000000000000000e+02
1.003000000000000000e+03 8.390000000000000000e+02 5.250000000000000000e+02 7.000000000000000000e+02 9.000000000000000000e+02
1.060000000000000000e+03 8.410000000000000000e+02 6.000000000000000000e+02 7.000000000000000000e+02 9.000000000000000000e+02
1.116000000000000000e+03 8.430000000000000000e+02 6.750000000000000000e+02 7.000000000000000000e+02 9.000000000000000000e+02
1.172000000000000000e+03 8.450000000000000000e+02 7.500000000000000000e+02 7.000000000000000000e+02 9.000000000000000000e+02
1.227000000000000000e+03 8.470000000000000000e+02 8.250000000000000000e+02 7.000000000000000000e+02 9.000000000000000000e+02
1.282000000000000000e+03 8.490000000000000000e+02 9.000000000000000000e+02 7.000000000000000000e+02 9.000000000000000000e+02
1.336000000000000000e+03 8.510000000000000000e+02 9.750000000000000000e+02 7.000000000000000000e+02 9.000000000000000000e+02
1.389000000000000000e+03 8.540000000000000000e+02 1.050000000000000000e+03 7.000000000000000000e+02 9.000000000000000000e+02
1.443000000000000000e+03 8.560000000000000000e+02 1.125000000000000000e+03 7.000000000000000000e+02 9.000000000000000000e+02
1.495000000000000000e+03 8.580000000000000000e+02 1.200000000000000000e+03 7.000000000000000000e+02 9.000000000000000000e+02
1.548000000000000000e+03 8.600000000000000000e+02 1.275000000000000000e+03 7.000000000000000000e+02 9.000000000000000000e+02
1.599000000000000000e+03 8.620000000000000000e+02 1.350000000000000000e+03 7.000000000000000000e+02 9.000000000000000000e+02
1.651000000000000000e+03 8.640000000000000000e+02 1.425000000000000000e+03 7.000000000000000000e+02 9.000000000000000000e+02
1.701000000000000000e+03 8.650000000000000000e+02 1.500000000000000000e+03 7.000000000000000000e+02 9.000000000000000000e+02
1.751000000000000000e+03 8.670000000000000000e+02 1.575000000000000000e+03 7.000000000000000000e+02 9.000000000000000000e+02
1.801000000000000000e+03 8.690000000000000000e+02 1.650000000000000000e+03 7.000000000000000000e+02 9.000000000000000000e+02
1.851000000000000000e+03 8.710000000000000000e+02 1.725000000000000000e+03 7.000000000000000000e+02 9.000000000000000000e+02
1.900000000000000000e+03 8.730000000000000000e+02 1.800000000000000000e+03 7.000000000000000000e+02 9.000000000000000000e+02
5.910000000000000000e+02 7.610000000000000000e+02 0.000000000000000000e+00 7.000000000000000000e+02 9.750000000000000000e+02
6.520000000000000000e+02 7.630000000000000000e+02 7.500000000000000000e+01 7.000000000000000000e+02 9.750000000000000000e+02
7.110000000000000000e+02 7.660000000000000000e+02 1.500000000000000000e+02 7.000000000000000000e+02 9.750000000000000000e+02
7.710000000000000000e+02 7.680000000000000000e+02 2.250000000000000000e+02 7.000000000000000000e+02 9.750000000000000000e+02
8.300000000000000000e+02 7.710000000000000000e+02 3.000000000000000000e+02 7.000000000000000000e+02 9.750000000000000000e+02
8.880000000000000000e+02 7.730000000000000000e+02 3.750000000000000000e+02 7.000000000000000000e+02 9.750000000000000000e+02
9.460000000000000000e+02 7.760000000000000000e+02 4.500000000000000000e+02 7.000000000000000000e+02 9.750000000000000000e+02
1.003000000000000000e+03 7.780000000000000000e+02 5.250000000000000000e+02 7.000000000000000000e+02 9.750000000000000000e+02
1.060000000000000000e+03 7.810000000000000000e+02 6.000000000000000000e+02 7.000000000000000000e+02 9.750000000000000000e+02
1.116000000000000000e+03 7.830000000000000000e+02 6.750000000000000000e+02 7.000000000000000000e+02 9.750000000000000000e+02
1.172000000000000000e+03 7.860000000000000000e+02 7.500000000000000000e+02 7.000000000000000000e+02 9.750000000000000000e+02
1.227000000000000000e+03 7.880000000000000000e+02 8.250000000000000000e+02 7.000000000000000000e+02 9.750000000000000000e+02
1.282000000000000000e+03 7.900000000000000000e+02 9.000000000000000000e+02 7.000000000000000000e+02 9.750000000000000000e+02
1.336000000000000000e+03 7.930000000000000000e+02 9.750000000000000000e+02 7.000000000000000000e+02 9.750000000000000000e+02
1.389000000000000000e+03 7.950000000000000000e+02 1.050000000000000000e+03 7.000000000000000000e+02 9.750000000000000000e+02
1.443000000000000000e+03 7.970000000000000000e+02 1.125000000000000000e+03 7.000000000000000000e+02 9.750000000000000000e+02
1.495000000000000000e+03 8.000000000000000000e+02 1.200000000000000000e+03 7.000000000000000000e+02 9.750000000000000000e+02
1.547000000000000000e+03 8.020000000000000000e+02 1.275000000000000000e+03 7.000000000000000000e+02 9.750000000000000000e+02
1.599000000000000000e+03 8.040000000000000000e+02 1.350000000000000000e+03 7.000000000000000000e+02 9.750000000000000000e+02
1.650000000000000000e+03 8.060000000000000000e+02 1.425000000000000000e+03 7.000000000000000000e+02 9.750000000000000000e+02
1.701000000000000000e+03 8.090000000000000000e+02 1.500000000000000000e+03 7.000000000000000000e+02 9.750000000000000000e+02
1.751000000000000000e+03 8.110000000000000000e+02 1.575000000000000000e+03 7.000000000000000000e+02 9.750000000000000000e+02
1.801000000000000000e+03 8.130000000000000000e+02 1.650000000000000000e+03 7.000000000000000000e+02 9.750000000000000000e+02
1.850000000000000000e+03 8.150000000000000000e+02 1.725000000000000000e+03 7.000000000000000000e+02 9.750000000000000000e+02
1.899000000000000000e+03 8.170000000000000000e+02 1.800000000000000000e+03 7.000000000000000000e+02 9.750000000000000000e+02
5.920000000000000000e+02 6.990000000000000000e+02 0.000000000000000000e+00 7.000000000000000000e+02 1.050000000000000000e+03
6.520000000000000000e+02 7.010000000000000000e+02 7.500000000000000000e+01 7.000000000000000000e+02 1.050000000000000000e+03
7.120000000000000000e+02 7.040000000000000000e+02 1.500000000000000000e+02 7.000000000000000000e+02 1.050000000000000000e+03
7.710000000000000000e+02 7.070000000000000000e+02 2.250000000000000000e+02 7.000000000000000000e+02 1.050000000000000000e+03
8.300000000000000000e+02 7.100000000000000000e+02 3.000000000000000000e+02 7.000000000000000000e+02 1.050000000000000000e+03
8.880000000000000000e+02 7.130000000000000000e+02 3.750000000000000000e+02 7.000000000000000000e+02 1.050000000000000000e+03
9.460000000000000000e+02 7.150000000000000000e+02 4.500000000000000000e+02 7.000000000000000000e+02 1.050000000000000000e+03
1.003000000000000000e+03 7.180000000000000000e+02 5.250000000000000000e+02 7.000000000000000000e+02 1.050000000000000000e+03
1.060000000000000000e+03 7.210000000000000000e+02 6.000000000000000000e+02 7.000000000000000000e+02 1.050000000000000000e+03
1.116000000000000000e+03 7.240000000000000000e+02 6.750000000000000000e+02 7.000000000000000000e+02 1.050000000000000000e+03
1.172000000000000000e+03 7.260000000000000000e+02 7.500000000000000000e+02 7.000000000000000000e+02 1.050000000000000000e+03
1.227000000000000000e+03 7.290000000000000000e+02 8.250000000000000000e+02 7.000000000000000000e+02 1.050000000000000000e+03
1.282000000000000000e+03 7.320000000000000000e+02 9.000000000000000000e+02 7.000000000000000000e+02 1.050000000000000000e+03
1.336000000000000000e+03 7.340000000000000000e+02 9.750000000000000000e+02 7.000000000000000000e+02 1.050000000000000000e+03
1.389000000000000000e+03 7.370000000000000000e+02 1.050000000000000000e+03 7.000000000000000000e+02 1.050000000000000000e+03
1.442000000000000000e+03 7.390000000000000000e+02 1.125000000000000000e+03 7.000000000000000000e+02 1.050000000000000000e+03
1.495000000000000000e+03 7.420000000000000000e+02 1.200000000000000000e+03 7.000000000000000000e+02 1.050000000000000000e+03
1.547000000000000000e+03 7.440000000000000000e+02 1.275000000000000000e+03 7.000000000000000000e+02 1.050000000000000000e+03
1.599000000000000000e+03 7.470000000000000000e+02 1.350000000000000000e+03 7.000000000000000000e+02 1.050000000000000000e+03
1.650000000000000000e+03 7.490000000000000000e+02 1.425000000000000000e+03 7.000000000000000000e+02 1.050000000000000000e+03
1.700000000000000000e+03 7.520000000000000000e+02 1.500000000000000000e+03 7.000000000000000000e+02 1.050000000000000000e+03
1.751000000000000000e+03 7.540000000000000000e+02 1.575000000000000000e+03 7.000000000000000000e+02 1.050000000000000000e+03
1.800000000000000000e+03 7.570000000000000000e+02 1.650000000000000000e+03 7.000000000000000000e+02 1.050000000000000000e+03
1.850000000000000000e+03 7.590000000000000000e+02 1.725000000000000000e+03 7.000000000000000000e+02 1.050000000000000000e+03
1.899000000000000000e+03 7.610000000000000000e+02 1.800000000000000000e+03 7.000000000000000000e+02 1.050000000000000000e+03
5.920000000000000000e+02 6.370000000000000000e+02 0.000000000000000000e+00 7.000000000000000000e+02 1.125000000000000000e+03
6.530000000000000000e+02 6.400000000000000000e+02 7.500000000000000000e+01 7.000000000000000000e+02 1.125000000000000000e+03
7.130000000000000000e+02 6.430000000000000000e+02 1.500000000000000000e+02 7.000000000000000000e+02 1.125000000000000000e+03
7.720000000000000000e+02 6.460000000000000000e+02 2.250000000000000000e+02 7.000000000000000000e+02 1.125000000000000000e+03
8.310000000000000000e+02 6.490000000000000000e+02 3.000000000000000000e+02 7.000000000000000000e+02 1.125000000000000000e+03
8.890000000000000000e+02 6.520000000000000000e+02 3.750000000000000000e+02 7.000000000000000000e+02 1.125000000000000000e+03
9.470000000000000000e+02 6.550000000000000000e+02 4.500000000000000000e+02 7.000000000000000000e+02 1.125000000000000000e+03
1.004000000000000000e+03 6.580000000000000000e+02 5.250000000000000000e+02 7.000000000000000000e+02 1.125000000000000000e+03
1.060000000000000000e+03 6.610000000000000000e+02 6.000000000000000000e+02 7.000000000000000000e+02 1.125000000000000000e+03
1.116000000000000000e+03 6.640000000000000000e+02 6.750000000000000000e+02 7.000000000000000000e+02 1.125000000000000000e+03
1.172000000000000000e+03 6.670000000000000000e+02 7.500000000000000000e+02 7.000000000000000000e+02 1.125000000000000000e+03
1.227000000000000000e+03 6.700000000000000000e+02 8.250000000000000000e+02 7.000000000000000000e+02 1.125000000000000000e+03
1.282000000000000000e+03 6.730000000000000000e+02 9.000000000000000000e+02 7.000000000000000000e+02 1.125000000000000000e+03
1.336000000000000000e+03 6.760000000000000000e+02 9.750000000000000000e+02 7.000000000000000000e+02 1.125000000000000000e+03
1.389000000000000000e+03 6.780000000000000000e+02 1.050000000000000000e+03 7.000000000000000000e+02 1.125000000000000000e+03
1.442000000000000000e+03 6.810000000000000000e+02 1.125000000000000000e+03 7.000000000000000000e+02 1.125000000000000000e+03
1.495000000000000000e+03 6.840000000000000000e+02 1.200000000000000000e+03 7.000000000000000000e+02 1.125000000000000000e+03
1.547000000000000000e+03 6.870000000000000000e+02 1.275000000000000000e+03 7.000000000000000000e+02 1.125000000000000000e+03
1.598000000000000000e+03 6.900000000000000000e+02 1.350000000000000000e+03 7.000000000000000000e+02 1.125000000000000000e+03
1.650000000000000000e+03 6.920000000000000000e+02 1.425000000000000000e+03 7.000000000000000000e+02 1.125000000000000000e+03
1.700000000000000000e+03 6.950000000000000000e+02 1.500000000000000000e+03 7.000000000000000000e+02 1.125000000000000000e+03
1.750000000000000000e+03 6.980000000000000000e+02 1.575000000000000000e+03 7.000000000000000000e+02 1.125000000000000000e+03
1.800000000000000000e+03 7.000000000000000000e+02 1.650000000000000000e+03 7.000000000000000000e+02 1.125000000000000000e+03
1.849000000000000000e+03 7.030000000000000000e+02 1.725000000000000000e+03 7.000000000000000000e+02 1.125000000000000000e+03
1.898000000000000000e+03 7.060000000000000000e+02 1.800000000000000000e+03 7.000000000000000000e+02 1.125000000000000000e+03
5.930000000000000000e+02 5.750000000000000000e+02 0.000000000000000000e+00 7.000000000000000000e+02 1.200000000000000000e+03
6.540000000000000000e+02 5.780000000000000000e+02 7.500000000000000000e+01 7.000000000000000000e+02 1.200000000000000000e+03
7.130000000000000000e+02 5.810000000000000000e+02 1.500000000000000000e+02 7.000000000000000000e+02 1.200000000000000000e+03
7.720000000000000000e+02 5.850000000000000000e+02 2.250000000000000000e+02 7.000000000000000000e+02 1.200000000000000000e+03
8.310000000000000000e+02 5.880000000000000000e+02 3.000000000000000000e+02 7.000000000000000000e+02 1.200000000000000000e+03
8.890000000000000000e+02 5.910000000000000000e+02 3.750000000000000000e+02 7.000000000000000000e+02 1.200000000000000000e+03
9.470000000000000000e+02 5.950000000000000000e+02 4.500000000000000000e+02 7.000000000000000000e+02 1.200000000000000000e+03
1.004000000000000000e+03 5.980000000000000000e+02 5.250000000000000000e+02 7.000000000000000000e+02 1.200000000000000000e+03
1.061000000000000000e+03 6.010000000000000000e+02 6.000000000000000000e+02 7.000000000000000000e+02 1.200000000000000000e+03
1.117000000000000000e+03 6.040000000000000000e+02 6.750000000000000000e+02 7.000000000000000000e+02 1.200000000000000000e+03
1.172000000000000000e+03 6.080000000000000000e+02 7.500000000000000000e+02 7.000000000000000000e+02 1.200000000000000000e+03
1.227000000000000000e+03 6.110000000000000000e+02 8.250000000000000000e+02 7.000000000000000000e+02 1.200000000000000000e+03
1.282000000000000000e+03 6.140000000000000000e+02 9.000000000000000000e+02 7.000000000000000000e+02 1.200000000000000000e+03
1.336000000000000000e+03 6.170000000000000000e+02 9.750000000000000000e+02 7.000000000000000000e+02 1.200000000000000000e+03
1.389000000000000000e+03 6.200000000000000000e+02 1.050000000000000000e+03 7.000000000000000000e+02 1.200000000000000000e+03
1.442000000000000000e+03 6.230000000000000000e+02 1.125000000000000000e+03 7.000000000000000000e+02 1.200000000000000000e+03
1.495000000000000000e+03 6.270000000000000000e+02 1.200000000000000000e+03 7.000000000000000000e+02 1.200000000000000000e+03
1.547000000000000000e+03 6.300000000000000000e+02 1.275000000000000000e+03 7.000000000000000000e+02 1.200000000000000000e+03
1.598000000000000000e+03 6.330000000000000000e+02 1.350000000000000000e+03 7.000000000000000000e+02 1.200000000000000000e+03
1.649000000000000000e+03 6.360000000000000000e+02 1.425000000000000000e+03 7.000000000000000000e+02 1.200000000000000000e+03
1.700000000000000000e+03 6.380000000000000000e+02 1.500000000000000000e+03 7.000000000000000000e+02 1.200000000000000000e+03
1.750000000000000000e+03 6.410000000000000000e+02 1.575000000000000000e+03 7.000000000000000000e+02 1.200000000000000000e+03
1.799000000000000000e+03 6.440000000000000000e+02 1.650000000000000000e+03 7.000000000000000000e+02 1.200000000000000000e+03
1.849000000000000000e+03 6.470000000000000000e+02 1.725000000000000000e+03 7.000000000000000000e+02 1.200000000000000000e+03
1.897000000000000000e+03 6.500000000000000000e+02 1.800000000000000000e+03 7.000000000000000000e+02 1.200000000000000000e+03
5.940000000000000000e+02 5.130000000000000000e+02 0.000000000000000000e+00 7.000000000000000000e+02 1.275000000000000000e+03
6.540000000000000000e+02 5.160000000000000000e+02 7.500000000000000000e+01 7.000000000000000000e+02 1.275000000000000000e+03
7.140000000000000000e+02 5.200000000000000000e+02 1.500000000000000000e+02 7.000000000000000000e+02 1.275000000000000000e+03
7.730000000000000000e+02 5.240000000000000000e+02 2.250000000000000000e+02 7.000000000000000000e+02 1.275000000000000000e+03
8.310000000000000000e+02 5.270000000000000000e+02 3.000000000000000000e+02 7.000000000000000000e+02 1.275000000000000000e+03
8.900000000000000000e+02 5.310000000000000000e+02 3.750000000000000000e+02 7.000000000000000000e+02 1.275000000000000000e+03
9.470000000000000000e+02 5.340000000000000000e+02 4.500000000000000000e+02 7.000000000000000000e+02 1.275000000000000000e+03
1.004000000000000000e+03 5.380000000000000000e+02 5.250000000000000000e+02 7.000000000000000000e+02 1.275000000000000000e+03
1.061000000000000000e+03 5.420000000000000000e+02 6.000000000000000000e+02 7.000000000000000000e+02 1.275000000000000000e+03
1.117000000000000000e+03 5.450000000000000000e+02 6.750000000000000000e+02 7.000000000000000000e+02 1.275000000000000000e+03
1.172000000000000000e+03 5.490000000000000000e+02 7.500000000000000000e+02 7.000000000000000000e+02 1.275000000000000000e+03
1.227000000000000000e+03 5.520000000000000000e+02 8.250000000000000000e+02 7.000000000000000000e+02 1.275000000000000000e+03
1.282000000000000000e+03 5.550000000000000000e+02 9.000000000000000000e+02 7.000000000000000000e+02 1.275000000000000000e+03
1.336000000000000000e+03 5.590000000000000000e+02 9.750000000000000000e+02 7.000000000000000000e+02 1.275000000000000000e+03
1.389000000000000000e+03 5.620000000000000000e+02 1.050000000000000000e+03 7.000000000000000000e+02 1.275000000000000000e+03
1.442000000000000000e+03 5.660000000000000000e+02 1.125000000000000000e+03 7.000000000000000000e+02 1.275000000000000000e+03
1.495000000000000000e+03 5.690000000000000000e+02 1.200000000000000000e+03 7.000000000000000000e+02 1.275000000000000000e+03
1.546000000000000000e+03 5.720000000000000000e+02 1.275000000000000000e+03 7.000000000000000000e+02 1.275000000000000000e+03
1.598000000000000000e+03 5.750000000000000000e+02 1.350000000000000000e+03 7.000000000000000000e+02 1.275000000000000000e+03
1.649000000000000000e+03 5.790000000000000000e+02 1.425000000000000000e+03 7.000000000000000000e+02 1.275000000000000000e+03
1.699000000000000000e+03 5.820000000000000000e+02 1.500000000000000000e+03 7.000000000000000000e+02 1.275000000000000000e+03
1.749000000000000000e+03 5.850000000000000000e+02 1.575000000000000000e+03 7.000000000000000000e+02 1.275000000000000000e+03
1.799000000000000000e+03 5.880000000000000000e+02 1.650000000000000000e+03 7.000000000000000000e+02 1.275000000000000000e+03
1.848000000000000000e+03 5.910000000000000000e+02 1.725000000000000000e+03 7.000000000000000000e+02 1.275000000000000000e+03
1.897000000000000000e+03 5.940000000000000000e+02 1.800000000000000000e+03 7.000000000000000000e+02 1.275000000000000000e+03
