# x,y,X,Y,Z
9.450000000000000000e+02 1.474000000000000000e+03 0.000000000000000000e+00 0.000000000000000000e+00 1.500000000000000000e+02
1.019000000000000000e+03 1.474000000000000000e+03 7.500000000000000000e+01 0.000000000000000000e+00 1.500000000000000000e+02
1.093000000000000000e+03 1.473000000000000000e+03 1.500000000000000000e+02 0.000000000000000000e+00 1.500000000000000000e+02
1.166000000000000000e+03 1.472000000000000000e+03 2.250000000000000000e+02 0.000000000000000000e+00 1.500000000000000000e+02
1.238000000000000000e+03 1.471000000000000000e+03 3.000000000000000000e+02 0.000000000000000000e+00 1.500000000000000000e+02
1.309000000000000000e+03 1.470000000000000000e+03 3.750000000000000000e+02 0.000000000000000000e+00 1.500000000000000000e+02
1.379000000000000000e+03 1.469000000000000000e+03 4.500000000000000000e+02 0.000000000000000000e+00 1.500000000000000000e+02
1.448000000000000000e+03 1.468000000000000000e+03 5.250000000000000000e+02 0.000000000000000000e+00 1.500000000000000000e+02
1.517000000000000000e+03 1.467000000000000000e+03 6.000000000000000000e+02 0.000000000000000000e+00 1.500000000000000000e+02
1.584000000000000000e+03 1.466000000000000000e+03 6.750000000000000000e+02 0.000000000000000000e+00 1.500000000000000000e+02
1.651000000000000000e+03 1.465000000000000000e+03 7.500000000000000000e+02 0.000000000000000000e+00 1.500000000000000000e+02
1.717000000000000000e+03 1.464000000000000000e+03 8.250000000000000000e+02 0.000000000000000000e+00 1.500000000000000000e+02
1.782000000000000000e+03 1.463000000000000000e+03 9.000000000000000000e+02 0.000000000000000000e+00 1.500000000000000000e+02
1.847000000000000000e+03 1.462000000000000000e+03 9.750000000000000000e+02 0.000000000000000000e+00 1.500000000000000000e+02
1.910000000000000000e+03 1.461000000000000000e+03 1.050000000000000000e+03 0.000000000000000000e+00 1.500000000000000000e+02
1.973000000000000000e+03 1.460000000000000000e+03 1.125000000000000000e+03 0.000000000000000000e+00 1.500000000000000000e+02
2.035000000000000000e+03 1.459000000000000000e+03 1.200000000000000000e+03 0.000000000000000000e+00 1.500000000000000000e+02
2.097000000000000000e+03 1.457000000000000000e+03 1.275000000000000000e+03 0.000000000000000000e+00 1.500000000000000000e+02
2.157000000000000000e+03 1.456000000000000000e+03 1.350000000000000000e+03 0.000000000000000000e+00 1.500000000000000000e+02
2.217000000000000000e+03 1.455000000000000000e+03 1.425000000000000000e+03 0.000000000000000000e+00 1.500000000000000000e+02
2.276000000000000000e+03 1.454000000000000000e+03 1.500000000000000000e+03 0.000000000000000000e+00 1.500000000000000000e+02
2.335000000000000000e+03 1.453000000000000000e+03 1.575000000000000000e+03 0.000000000000000000e+00 1.500000000000000000e+02
2.392000000000000000e+03 1.452000000000000000e+03 1.650000000000000000e+03 0.000000000000000000e+00 1.500000000000000000e+02
2.449000000000000000e+03 1.451000000000000000e+03 1.725000000000000000e+03 0.000000000000000000e+00 1.500000000000000000e+02
2.506000000000000000e+03 1.449000000000000000e+03 1.800000000000000000e+03 0.000000000000000000e+00 1.500000000000000000e+02
9.450000000000000000e+02 1.395000000000000000e+03 0.000000000000000000e+00 0.000000000000000000e+00 2.250000000000000000e+02
1.019000000000000000e+03 1.395000000000000000e+03 7.500000000000000000e+01 0.000000000000000000e+00 2.250000000000000000e+02
1.093000000000000000e+03 1.394000000000000000e+03 1.500000000000000000e+02 0.000000000000000000e+00 2.250000000000000000e+02
1.166000000000000000e+03 1.394000000000000000e+03 2.250000000000000000e+02 0.000000000000000000e+00 2.250000000000000000e+02
1.237000000000000000e+03 1.394000000000000000e+03 3.000000000000000000e+02 0.000000000000000000e+00 2.250000000000000000e+02
1.308000000000000000e+03 1.393000000000000000e+03 3.750000000000000000e+02 0.000000000000000000e+00 2.250000000000000000e+02
1.379000000000000000e+03 1.393000000000000000e+03 4.500000000000000000e+02 0.000000000000000000e+00 2.250000000000000000e+02
1.448000000000000000e+03 1.392000000000000000e+03 5.250000000000000000e+02 0.000000000000000000e+00 2.250000000000000000e+02
1.516000000000000000e+03 1.391000000000000000e+03 6.000000000000000000e+02 0.000000000000000000e+00 2.250000000000000000e+02
1.584000000000000000e+03 1.391000000000000000e+03 6.750000000000000000e+02 0.000000000000000000e+00 2.250000000000000000e+02
1.651000000000000000e+03 1.390000000000000000e+03 7.500000000000000000e+02 0.000000000000000000e+00 2.250000000000000000e+02
1.717000000000000000e+03 1.390000000000000000e+03 8.250000000000000000e+02 0.000000000000000000e+00 2.250000000000000000e+02
1.782000000000000000e+03 1.389000000000000000e+03 9.000000000000000000e+02 0.000000000000000000e+00 2.250000000000000000e+02
1.846000000000000000e+03 1.388000000000000000e+03 9.750000000000000000e+02 0.000000000000000000e+00 2.250000000000000000e+02
1.910000000000000000e+03 1.388000000000000000e+03 1.050000000000000000e+03 0.000000000000000000e+00 2.250000000000000000e+02
1.973000000000000000e+03 1.387000000000000000e+03 1.125000000000000000e+03 0.000000000000000000e+00 2.250000000000000000e+02
2.035000000000000000e+03 1.386000000000000000e+03 1.200000000000000000e+03 0.000000000000000000e+00 2.250000000000000000e+02
2.096000000000000000e+03 1.386000000000000000e+03 1.275000000000000000e+03 0.000000000000000000e+00 2.250000000000000000e+02
2.156000000000000000e+03 1.385000000000000000e+03 1.350000000000000000e+03 0.000000000000000000e+00 2.250000000000000000e+02
2.216000000000000000e+03 1.384000000000000000e+03 1.425000000000000000e+03 0.000000000000000000e+00 2.250000000000000000e+02
2.275000000000000000e+03 1.384000000000000000e+03 1.500000000000000000e+03 0.000000000000000000e+00 2.250000000000000000e+02
2.334000000000000000e+03 1.383000000000000000e+03 1.575000000000000000e+03 0.000000000000000000e+00 2.250000000000000000e+02
2.391000000000000000e+03 1.382000000000000000e+03 1.650000000000000000e+03 0.000000000000000000e+00 2.250000000000000000e+02
2.448000000000000000e+03 1.381000000000000000e+03 1.725000000000000000e+03 0.000000000000000000e+00 2.250000000000000000e+02
2.505000000000000000e+03 1.381000000000000000e+03 1.800000000000000000e+03 0.000000000000000000e+00 2.250000000000000000e+02
9.450000000000000000e+02 1.316000000000000000e+03 0.000000000000000000e+00 0.000000000000000000e+00 3.000000000000000000e+02
1.019000000000000000e+03 1.316000000000000000e+03 7.500000000000000000e+01 0.000000000000000000e+00 3.000000000000000000e+02
1.093000000000000000e+03 1.316000000000000000e+03 1.500000000000000000e+02 0.000000000000000000e+00 3.000000000000000000e+02
1.165000000000000000e+03 1.316000000000000000e+03 2.250000000000000000e+02 0.000000000000000000e+00 3.000000000000000000e+02
1.237000000000000000e+03 1.316000000000000000e+03 3.000000000000000000e+02 0.000000000000000000e+00 3.000000000000000000e+02
1.308000000000000000e+03 1.316000000000000000e+03 3.750000000000000000e+02 0.000000000000000000e+00 3.000000000000000000e+02
1.378000000000000000e+03 1.316000000000000000e+03 4.500000000000000000e+02 0.000000000000000000e+00 3.000000000000000000e+02
1.447000000000000000e+03 1.316000000000000000e+03 5.250000000000000000e+02 0.000000000000000000e+00 3.000000000000000000e+02
1.516000000000000000e+03 1.316000000000000000e+03 6.000000000000000000e+02 0.000000000000000000e+00 3.000000000000000000e+02
1.583000000000000000e+03 1.316000000000000000e+03 6.750000000000000000e+02 0.000000000000000000e+00 3.000000000000000000e+02
1.650000000000000000e+03 1.316000000000000000e+03 7.500000000000000000e+02 0.000000000000000000e+00 3.000000000000000000e+02
1.716000000000000000e+03 1.315000000000000000e+03 8.250000000000000000e+02 0.000000000000000000e+00 3.000000000000000000e+02
1.781000000000000000e+03 1.315000000000000000e+03 9.000000000000000000e+02 0.000000000000000000e+00 3.000000000000000000e+02
1.845000000000000000e+03 1.315000000000000000e+03 9.750000000000000000e+02 0.000000000000000000e+00 3.000000000000000000e+02
1.909000000000000000e+03 1.315000000000000000e+03 1.050000000000000000e+03 0.000000000000000000e+00 3.000000000000000000e+02
1.972000000000000000e+03 1.315000000000000000e+03 1.125000000000000000e+03 0.000000000000000000e+00 3.000000000000000000e+02
2.034000000000000000e+03 1.314000000000000000e+03 1.200000000000000000e+03 0.000000000000000000e+00 3.000000000000000000e+02
2.095000000000000000e+03 1.314000000000000000e+03 1.275000000000000000e+03 0.000000000000000000e+00 3.000000000000000000e+02
2.155000000000000000e+03 1.314000000000000000e+03 1.350000000000000000e+03 0.000000000000000000e+00 3.000000000000000000e+02
2.215000000000000000e+03 1.314000000000000000e+03 1.425000000000000000e+03 0.000000000000000000e+00 3.000000000000000000e+02
2.274000000000000000e+03 1.313000000000000000e+03 1.500000000000000000e+03 0.000000000000000000e+00 3.000000000000000000e+02
2.333000000000000000e+03 1.313000000000000000e+03 1.575000000000000000e+03 0.000000000000000000e+00 3.000000000000000000e+02
2.390000000000000000e+03 1.313000000000000000e+03 1.650000000000000000e+03 0.000000000000000000e+00 3.000000000000000000e+02
2.447000000000000000e+03 1.312000000000000000e+03 1.725000000000000000e+03 0.000000000000000000e+00 3.000000000000000000e+02
2.503000000000000000e+03 1.312000000000000000e+03 1.800000000000000000e+03 0.000000000000000000e+00 3.000000000000000000e+02
9.450000000000000000e+02 1.237000000000000000e+03 0.000000000000000000e+00 0.000000000000000000e+00 3.750000000000000000e+02
1.019000000000000000e+03 1.238000000000000000e+03 7.500000000000000000e+01 0.000000000000000000e+00 3.750000000000000000e+02
1.093000000000000000e+03 1.238000000000000000e+03 1.500000000000000000e+02 0.000000000000000000e+00 3.750000000000000000e+02
1.165000000000000000e+03 1.239000000000000000e+03 2.250000000000000000e+02 0.000000000000000000e+00 3.750000000000000000e+02
1.237000000000000000e+03 1.239000000000000000e+03 3.000000000000000000e+02 0.000000000000000000e+00 3.750000000000000000e+02
1.308000000000000000e+03 1.240000000000000000e+03 3.750000000000000000e+02 0.000000000000000000e+00 3.750000000000000000e+02
1.378000000000000000e+03 1.240000000000000000e+03 4.500000000000000000e+02 0.000000000000000000e+00 3.750000000000000000e+02
1.447000000000000000e+03 1.240000000000000000e+03 5.250000000000000000e+02 0.000000000000000000e+00 3.750000000000000000e+02
1.515000000000000000e+03 1.241000000000000000e+03 6.000000000000000000e+02 0.000000000000000000e+00 3.750000000000000000e+02
1.583000000000000000e+03 1.241000000000000000e+03 6.750000000000000000e+02 0.000000000000000000e+00 3.750000000000000000e+02
1.650000000000000000e+03 1.241000000000000000e+03 7.500000000000000000e+02 0.000000000000000000e+00 3.750000000000000000e+02
1.716000000000000000e+03 1.241000000000000000e+03 8.250000000000000000e+02 0.000000000000000000e+00 3.750000000000000000e+02
1.781000000000000000e+03 1.242000000000000000e+03 9.000000000000000000e+02 0.000000000000000000e+00 3.750000000000000000e+02
1.845000000000000000e+03 1.242000000000000000e+03 9.750000000000000000e+02 0.000000000000000000e+00 3.750000000000000000e+02
1.908000000000000000e+03 1.242000000000000000e+03 1.050000000000000000e+03 0.000000000000000000e+00 3.750000000000000000e+02
1.971000000000000000e+03 1.242000000000000000e+03 1.125000000000000000e+03 0.000000000000000000e+00 3.750000000000000000e+02
2.033000000000000000e+03 1.242000000000000000e+03 1.200000000000000000e+03 0.000000000000000000e+00 3.750000000000000000e+02
2.094000000000000000e+03 1.243000000000000000e+03 1.275000000000000000e+03 0.000000000000000000e+00 3.750000000000000000e+02
2.154000000000000000e+03 1.243000000000000000e+03 1.350000000000000000e+03 0.000000000000000000e+00 3.750000000000000000e+02
2.214000000000000000e+03 1.243000000000000000e+03 1.425000000000000000e+03 0.000000000000000000e+00 3.750000000000000000e+02
2.273000000000000000e+03 1.243000000000000000e+03 1.500000000000000000e+03 0.000000000000000000e+00 3.750000000000000000e+02
2.331000000000000000e+03 1.243000000000000000e+03 1.575000000000000000e+03 0.000000000000000000e+00 3.750000000000000000e+02
2.389000000000000000e+03 1.243000000000000000e+03 1.650000000000000000e+03 0.000000000000000000e+00 3.750000000000000000e+02
2.446000000000000000e+03 1.243000000000000000e+03 1.725000000000000000e+03 0.000000000000000000e+00 3.750000000000000000e+02
2.502000000000000000e+03 1.243000000000000000e+03 1.800000000000000000e+03 0.000000000000000000e+00 3.750000000000000000e+02
9.450000000000000000e+02 1.159000000000000000e+03 0.000000000000000000e+00 0.000000000000000000e+00 4.500000000000000000e+02
1.019000000000000000e+03 1.160000000000000000e+03 7.500000000000000000e+01 0.000000000000000000e+00 4.500000000000000000e+02
1.093000000000000000e+03 1.160000000000000000e+03 1.500000000000000000e+02 0.000000000000000000e+00 4.500000000000000000e+02
1.165000000000000000e+03 1.161000000000000000e+03 2.250000000000000000e+02 0.000000000000000000e+00 4.500000000000000000e+02
1.237000000000000000e+03 1.162000000000000000e+03 3.000000000000000000e+02 0.000000000000000000e+00 4.500000000000000000e+02
1.308000000000000000e+03 1.163000000000000000e+03 3.750000000000000000e+02 0.000000000000000000e+00 4.500000000000000000e+02
1.378000000000000000e+03 1.164000000000000000e+03 4.500000000000000000e+02 0.000000000000000000e+00 4.500000000000000000e+02
1.447000000000000000e+03 1.164000000000000000e+03 5.250000000000000000e+02 0.000000000000000000e+00 4.500000000000000000e+02
1.515000000000000000e+03 1.165000000000000000e+03 6.000000000000000000e+02 0.000000000000000000e+00 4.500000000000000000e+02
1.583000000000000000e+03 1.166000000000000000e+03 6.750000000000000000e+02 0.000000000000000000e+00 4.500000000000000000e+02
1.649000000000000000e+03 1.167000000000000000e+03 7.500000000000000000e+02 0.000000000000000000e+00 4.500000000000000000e+02
1.715000000000000000e+03 1.167000000000000000e+03 8.250000000000000000e+02 0.000000000000000000e+00 4.500000000000000000e+02
1.780000000000000000e+03 1.168000000000000000e+03 9.000000000000000000e+02 0.000000000000000000e+00 4.500000000000000000e+02
1.844000000000000000e+03 1.169000000000000000e+03 9.750000000000000000e+02 0.000000000000000000e+00 4.500000000000000000e+02
1.908000000000000000e+03 1.170000000000000000e+03 1.050000000000000000e+03 0.000000000000000000e+00 4.500000000000000000e+02
1.970000000000000000e+03 1.170000000000000000e+03 1.125000000000000000e+03 0.000000000000000000e+00 4.500000000000000000e+02
2.032000000000000000e+03 1.171000000000000000e+03 1.200000000000000000e+03 0.000000000000000000e+00 4.500000000000000000e+02
2.093000000000000000e+03 1.171000000000000000e+03 1.275000000000000000e+03 0.000000000000000000e+00 4.500000000000000000e+02
2.154000000000000000e+03 1.172000000000000000e+03 1.350000000000000000e+03 0.000000000000000000e+00 4.500000000000000000e+02
2.213000000000000000e+03 1.172000000000000000e+03 1.425000000000000000e+03 0.000000000000000000e+00 4.500000000000000000e+02
2.272000000000000000e+03 1.173000000000000000e+03 1.500000000000000000e+03 0.000000000000000000e+00 4.500000000000000000e+02
2.330000000000000000e+03 1.173000000000000000e+03 1.575000000000000000e+03 0.000000000000000000e+00 4.500000000000000000e+02
2.388000000000000000e+03 1.174000000000000000e+03 1.650000000000000000e+03 0.000000000000000000e+00 4.500000000000000000e+02
2.445000000000000000e+03 1.174000000000000000e+03 1.725000000000000000e+03 0.000000000000000000e+00 4.500000000000000000e+02
2.501000000000000000e+03 1.175000000000000000e+03 1.800000000000000000e+03 0.000000000000000000e+00 4.500000000000000000e+02
9.450000000000000000e+02 1.080000000000000000e+03 0.000000000000000000e+00 0.000000000000000000e+00 5.250000000000000000e+02
1.020000000000000000e+03 1.081000000000000000e+03 7.500000000000000000e+01 0.000000000000000000e+00 5.250000000000000000e+02
1.093000000000000000e+03 1.083000000000000000e+03 1.500000000000000000e+02 0.000000000000000000e+00 5.250000000000000000e+02
1.165000000000000000e+03 1.084000000000000000e+03 2.250000000000000000e+02 0.000000000000000000e+00 5.250000000000000000e+02
1.237000000000000000e+03 1.085000000000000000e+03 3.000000000000000000e+02 0.000000000000000000e+00 5.250000000000000000e+02
1.308000000000000000e+03 1.086000000000000000e+03 3.750000000000000000e+02 0.000000000000000000e+00 5.250000000000000000e+02
1.377000000000000000e+03 1.088000000000000000e+03 4.500000000000000000e+02 0.000000000000000000e+00 5.250000000000000000e+02
1.446000000000000000e+03 1.089000000000000000e+03 5.250000000000000000e+02 0.000000000000000000e+00 5.250000000000000000e+02
1.515000000000000000e+03 1.090000000000000000e+03 6.000000000000000000e+02 0.000000000000000000e+00 5.250000000000000000e+02
1.582000000000000000e+03 1.091000000000000000e+03 6.750000000000000000e+02 0.000000000000000000e+00 5.250000000000000000e+02
1.649000000000000000e+03 1.092000000000000000e+03 7.500000000000000000e+02 0.000000000000000000e+00 5.250000000000000000e+02
1.714000000000000000e+03 1.094000000000000000e+03 8.250000000000000000e+02 0.000000000000000000e+00 5.250000000000000000e+02
1.779000000000000000e+03 1.095000000000000000e+03 9.000000000000000000e+02 0.000000000000000000e+00 5.250000000000000000e+02
1.843000000000000000e+03 1.096000000000000000e+03 9.750000000000000000e+02 0.000000000000000000e+00 5.250000000000000000e+02
1.907000000000000000e+03 1.097000000000000000e+03 1.050000000000000000e+03 0.000000000000000000e+00 5.250000000000000000e+02
1.969000000000000000e+03 1.098000000000000000e+03 1.125000000000000000e+03 0.000000000000000000e+00 5.250000000000000000e+02
2.031000000000000000e+03 1.099000000000000000e+03 1.200000000000000000e+03 0.000000000000000000e+00 5.250000000000000000e+02
2.092000000000000000e+03 1.100000000000000000e+03 1.275000000000000000e+03 0.000000000000000000e+00 5.250000000000000000e+02
2.153000000000000000e+03 1.101000000000000000e+03 1.350000000000000000e+03 0.000000000000000000e+00 5.250000000000000000e+02
2.212000000000000000e+03 1.102000000000000000e+03 1.425000000000000000e+03 0.000000000000000000e+00 5.250000000000000000e+02
2.271000000000000000e+03 1.103000000000000000e+03 1.500000000000000000e+03 0.000000000000000000e+00 5.250000000000000000e+02
2.329000000000000000e+03 1.104000000000000000e+03 1.575000000000000000e+03 0.000000000000000000e+00 5.250000000000000000e+02
2.387000000000000000e+03 1.105000000000000000e+03 1.650000000000000000e+03 0.000000000000000000e+00 5.250000000000000000e+02
2.443000000000000000e+03 1.105000000000000000e+03 1.725000000000000000e+03 0.000000000000000000e+00 5.250000000000000000e+02
2.500000000000000000e+03 1.106000000000000000e+03 1.800000000000000000e+03 0.000000000000000000e+00 5.250000000000000000e+02
9.460000000000000000e+02 1.001000000000000000e+03 0.000000000000000000e+00 0.000000000000000000e+00 6.000000000000000000e+02
1.020000000000000000e+03 1.003000000000000000e+03 7.500000000000000000e+01 0.000000000000000000e+00 6.000000000000000000e+02
1.093000000000000000e+03 1.005000000000000000e+03 1.500000000000000000e+02 0.000000000000000000e+00 6.000000000000000000e+02
1.165000000000000000e+03 1.007000000000000000e+03 2.250000000000000000e+02 0.000000000000000000e+00 6.000000000000000000e+02
1.237000000000000000e+03 1.008000000000000000e+03 3.000000000000000000e+02 0.000000000000000000e+00 6.000000000000000000e+02
1.307000000000000000e+03 1.010000000000000000e+03 3.750000000000000000e+02 0.000000000000000000e+00 6.000000000000000000e+02
1.377000000000000000e+03 1.012000000000000000e+03 4.500000000000000000e+02 0.000000000000000000e+00 6.000000000000000000e+02
1.446000000000000000e+03 1.013000000000000000e+03 5.250000000000000000e+02 0.000000000000000000e+00 6.000000000000000000e+02
1.514000000000000000e+03 1.015000000000000000e+03 6.000000000000000000e+02 0.000000000000000000e+00 6.000000000000000000e+02
1.582000000000000000e+03 1.017000000000000000e+03 6.750000000000000000e+02 0.000000000000000000e+00 6.000000000000000000e+02
1.648000000000000000e+03 1.018000000000000000e+03 7.500000000000000000e+02 0.000000000000000000e+00 6.000000000000000000e+02
1.714000000000000000e+03 1.020000000000000000e+03 8.250000000000000000e+02 0.000000000000000000e+00 6.000000000000000000e+02
1.779000000000000000e+03 1.022000000000000000e+03 9.000000000000000000e+02 0.000000000000000000e+00 6.000000000000000000e+02
1.843000000000000000e+03 1.023000000000000000e+03 9.750000000000000000e+02 0.000000000000000000e+00 6.000000000000000000e+02
1.906000000000000000e+03 1.025000000000000000e+03 1.050000000000000000e+03 0.000000000000000000e+00 6.000000000000000000e+02
1.968000000000000000e+03 1.026000000000000000e+03 1.125000000000000000e+03 0.000000000000000000e+00 6.000000000000000000e+02
2.030000000000000000e+03 1.028000000000000000e+03 1.200000000000000000e+03 0.000000000000000000e+00 6.000000000000000000e+02
2.091000000000000000e+03 1.029000000000000000e+03 1.275000000000000000e+03 0.000000000000000000e+00 6.000000000000000000e+02
2.152000000000000000e+03 1.030000000000000000e+03 1.350000000000000000e+03 0.000000000000000000e+00 6.000000000000000000e+02
2.211000000000000000e+03 1.032000000000000000e+03 1.425000000000000000e+03 0.000000000000000000e+00 6.000000000000000000e+02
2.270000000000000000e+03 1.033000000000000000e+03 1.500000000000000000e+03 0.000000000000000000e+00 6.000000000000000000e+02
2.328000000000000000e+03 1.034000000000000000e+03 1.575000000000000000e+03 0.000000000000000000e+00 6.000000000000000000e+02
2.386000000000000000e+03 1.036000000000000000e+03 1.650000000000000000e+03 0.000000000000000000e+00 6.000000000000000000e+02
2.442000000000000000e+03 1.037000000000000000e+03 1.725000000000000000e+03 0.000000000000000000e+00 6.000000000000000000e+02
2.498000000000000000e+03 1.038000000000000000e+03 1.800000000000000000e+03 0.000000000000000000e+00 6.000000000000000000e+02
9.460000000000000000e+02 9.230000000000000000e+02 0.000000000000000000e+00 0.000000000000000000e+00 6.750000000000000000e+02
1.020000000000000000e+03 9.250000000000000000e+02 7.500000000000000000e+01 0.000000000000000000e+00 6.750000000000000000e+02
1.093000000000000000e+03 9.270000000000000000e+02 1.500000000000000000e+02 0.000000000000000000e+00 6.750000000000000000e+02
1.165000000000000000e+03 9.300000000000000000e+02 2.250000000000000000e+02 0.000000000000000000e+00 6.750000000000000000e+02
1.236000000000000000e+03 9.320000000000000000e+02 3.000000000000000000e+02 0.000000000000000000e+00 6.750000000000000000e+02
1.307000000000000000e+03 9.340000000000000000e+02 3.750000000000000000e+02 0.000000000000000000e+00 6.750000000000000000e+02
1.377000000000000000e+03 9.360000000000000000e+02 4.500000000000000000e+02 0.000000000000000000e+00 6.750000000000000000e+02
1.446000000000000000e+03 9.380000000000000000e+02 5.250000000000000000e+02 0.000000000000000000e+00 6.750000000000000000e+02
1.514000000000000000e+03 9.400000000000000000e+02 6.000000000000000000e+02 0.000000000000000000e+00 6.750000000000000000e+02
1.581000000000000000e+03 9.420000000000000000e+02 6.750000000000000000e+02 0.000000000000000000e+00 6.750000000000000000e+02
1.648000000000000000e+03 9.440000000000000000e+02 7.500000000000000000e+02 0.000000000000000000e+00 6.750000000000000000e+02
1.713000000000000000e+03 9.460000000000000000e+02 8.250000000000000000e+02 0.000000000000000000e+00 6.750000000000000000e+02
1.778000000000000000e+03 9.480000000000000000e+02 9.000000000000000000e+02 0.000000000000000000e+00 6.750000000000000000e+02
1.842000000000000000e+03 9.500000000000000000e+02 9.750000000000000000e+02 0.000000000000000000e+00 6.750000000000000000e+02
1.905000000000000000e+03 9.520000000000000000e+02 1.050000000000000000e+03 0.000000000000000000e+00 6.750000000000000000e+02
1.968000000000000000e+03 9.540000000000000000e+02 1.125000000000000000e+03 0.000000000000000000e+00 6.750000000000000000e+02
2.029000000000000000e+03 9.560000000000000000e+02 1.200000000000000000e+03 0.000000000000000000e+00 6.750000000000000000e+02
2.090000000000000000e+03 9.580000000000000000e+02 1.275000000000000000e+03 0.000000000000000000e+00 6.750000000000000000e+02
2.150000000000000000e+03 9.600000000000000000e+02 1.350000000000000000e+03 0.000000000000000000e+00 6.750000000000000000e+02
2.210000000000000000e+03 9.610000000000000000e+02 1.425000000000000000e+03 0.000000000000000000e+00 6.750000000000000000e+02
2.269000000000000000e+03 9.630000000000000000e+02 1.500000000000000000e+03 0.000000000000000000e+00 6.750000000000000000e+02
2.327000000000000000e+03 9.650000000000000000e+02 1.575000000000000000e+03 0.000000000000000000e+00 6.750000000000000000e+02
2.384000000000000000e+03 9.670000000000000000e+02 1.650000000000000000e+03 0.000000000000000000e+00 6.750000000000000000e+02
2.441000000000000000e+03 9.680000000000000000e+02 1.725000000000000000e+03 0.000000000000000000e+00 6.750000000000000000e+02
2.497000000000000000e+03 9.700000000000000000e+02 1.800000000000000000e+03 0.000000000000000000e+00 6.750000000000000000e+02
9.460000000000000000e+02 8.450000000000000000e+02 0.000000000000000000e+00 0.000000000000000000e+00 7.500000000000000000e+02
1.020000000000000000e+03 8.470000000000000000e+02 7.500000000000000000e+01 0.000000000000000000e+00 7.500000000000000000e+02
1.093000000000000000e+03 8.500000000000000000e+02 1.500000000000000000e+02 0.000000000000000000e+00 7.500000000000000000e+02
1.165000000000000000e+03 8.530000000000000000e+02 2.250000000000000000e+02 0.000000000000000000e+00 7.500000000000000000e+02
1.236000000000000000e+03 8.550000000000000000e+02 3.000000000000000000e+02 0.000000000000000000e+00 7.500000000000000000e+02
1.307000000000000000e+03 8.580000000000000000e+02 3.750000000000000000e+02 0.000000000000000000e+00 7.500000000000000000e+02
1.377000000000000000e+03 8.610000000000000000e+02 4.500000000000000000e+02 0.000000000000000000e+00 7.500000000000000000e+02
1.445000000000000000e+03 8.630000000000000000e+02 5.250000000000000000e+02 0.000000000000000000e+00 7.500000000000000000e+02
1.514000000000000000e+03 8.660000000000000000e+02 6.000000000000000000e+02 0.000000000000000000e+00 7.500000000000000000e+02
1.581000000000000000e+03 8.680000000000000000e+02 6.750000000000000000e+02 0.000000000000000000e+00 7.500000000000000000e+02
1.647000000000000000e+03 8.710000000000000000e+02 7.500000000000000000e+02 0.000000000000000000e+00 7.500000000000000000e+02
1.713000000000000000e+03 8.730000000000000000e+02 8.250000000000000000e+02 0.000000000000000000e+00 7.500000000000000000e+02
1.777000000000000000e+03 8.750000000000000000e+02 9.000000000000000000e+02 0.000000000000000000e+00 7.500000000000000000e+02
1.841000000000000000e+03 8.780000000000000000e+02 9.750000000000000000e+02 0.000000000000000000e+00 7.500000000000000000e+02
1.904000000000000000e+03 8.800000000000000000e+02 1.050000000000000000e+03 0.000000000000000000e+00 7.500000000000000000e+02
1.967000000000000000e+03 8.830000000000000000e+02 1.125000000000000000e+03 0.000000000000000000e+00 7.500000000000000000e+02
2.028000000000000000e+03 8.850000000000000000e+02 1.200000000000000000e+03 0.000000000000000000e+00 7.500000000000000000e+02
2.089000000000000000e+03 8.870000000000000000e+02 1.275000000000000000e+03 0.000000000000000000e+00 7.500000000000000000e+02
2.150000000000000000e+03 8.890000000000000000e+02 1.350000000000000000e+03 0.000000000000000000e+00 7.500000000000000000e+02
2.209000000000000000e+03 8.910000000000000000e+02 1.425000000000000000e+03 0.000000000000000000e+00 7.500000000000000000e+02
2.268000000000000000e+03 8.940000000000000000e+02 1.500000000000000000e+03 0.000000000000000000e+00 7.500000000000000000e+02
2.326000000000000000e+03 8.960000000000000000e+02 1.575000000000000000e+03 0.000000000000000000e+00 7.500000000000000000e+02
2.383000000000000000e+03 8.980000000000000000e+02 1.650000000000000000e+03 0.000000000000000000e+00 7.500000000000000000e+02
2.440000000000000000e+03 9.000000000000000000e+02 1.725000000000000000e+03 0.000000000000000000e+00 7.500000000000000000e+02
2.496000000000000000e+03 9.020000000000000000e+02 1.800000000000000000e+03 0.000000000000000000e+00 7.500000000000000000e+02
9.460000000000000000e+02 7.670000000000000000e+02 0.000000000000000000e+00 0.000000000000000000e+00 8.250000000000000000e+02
1.020000000000000000e+03 7.700000000000000000e+02 7.500000000000000000e+01 0.000000000000000000e+00 8.250000000000000000e+02
1.093000000000000000e+03 7.730000000000000000e+02 1.500000000000000000e+02 0.000000000000000000e+00 8.250000000000000000e+02
1.165000000000000000e+03 7.760000000000000000e+02 2.250000000000000000e+02 0.000000000000000000e+00 8.250000000000000000e+02
1.236000000000000000e+03 7.790000000000000000e+02 3.000000000000000000e+02 0.000000000000000000e+00 8.250000000000000000e+02
1.307000000000000000e+03 7.820000000000000000e+02 3.750000000000000000e+02 0.000000000000000000e+00 8.250000000000000000e+02
1.376000000000000000e+03 7.850000000000000000e+02 4.500000000000000000e+02 0.000000000000000000e+00 8.250000000000000000e+02
1.445000000000000000e+03 7.880000000000000000e+02 5.250000000000000000e+02 0.000000000000000000e+00 8.250000000000000000e+02
1.513000000000000000e+03 7.910000000000000000e+02 6.000000000000000000e+02 0.000000000000000000e+00 8.250000000000000000e+02
1.580000000000000000e+03 7.940000000000000000e+02 6.750000000000000000e+02 0.000000000000000000e+00 8.250000000000000000e+02
1.647000000000000000e+03 7.970000000000000000e+02 7.500000000000000000e+02 0.000000000000000000e+00 8.250000000000000000e+02
1.712000000000000000e+03 8.000000000000000000e+02 8.250000000000000000e+02 0.000000000000000000e+00 8.250000000000000000e+02
1.777000000000000000e+03 8.030000000000000000e+02 9.000000000000000000e+02 0.000000000000000000e+00 8.250000000000000000e+02
1.840000000000000000e+03 8.050000000000000000e+02 9.750000000000000000e+02 0.000000000000000000e+00 8.250000000000000000e+02
1.904000000000000000e+03 8.080000000000000000e+02 1.050000000000000000e+03 0.000000000000000000e+00 8.250000000000000000e+02
1.966000000000000000e+03 8.110000000000000000e+02 1.125000000000000000e+03 0.000000000000000000e+00 8.250000000000000000e+02
2.028000000000000000e+03 8.140000000000000000e+02 1.200000000000000000e+03 0.000000000000000000e+00 8.250000000000000000e+02
2.088000000000000000e+03 8.160000000000000000e+02 1.275000000000000000e+03 0.000000000000000000e+00 8.250000000000000000e+02
2.148000000000000000e+03 8.190000000000000000e+02 1.350000000000000000e+03 0.000000000000000000e+00 8.250000000000000000e+02
2.208000000000000000e+03 8.220000000000000000e+02 1.425000000000000000e+03 0.000000000000000000e+00 8.250000000000000000e+02
2.267000000000000000e+03 8.240000000000000000e+02 1.500000000000000000e+03 0.000000000000000000e+00 8.250000000000000000e+02
2.324000000000000000e+03 8.270000000000000000e+02 1.575000000000000000e+03 0.000000000000000000e+00 8.250000000000000000e+02
2.382000000000000000e+03 8.290000000000000000e+02 1.650000000000000000e+03 0.000000000000000000e+00 8.250000000000000000e+02
2.438000000000000000e+03 8.310000000000000000e+02 1.725000000000000000e+03 0.000000000000000000e+00 8.250000000000000000e+02
2.494000000000000000e+03 8.340000000000000000e+02 1.800000000000000000e+03 0.000000000000000000e+00 8.250000000000000000e+02
9.470000000000000000e+02 6.890000000000000000e+02 0.000000000000000000e+00 0.000000000000000000e+00 9.000000000000000000e+02
1.020000000000000000e+03 6.920000000000000000e+02 7.500000000000000000e+01 0.000000000000000000e+00 9.000000000000000000e+02
1.093000000000000000e+03 6.960000000000000000e+02 1.500000000000000000e+02 0.000000000000000000e+00 9.000000000000000000e+02
1.165000000000000000e+03 6.990000000000000000e+02 2.250000000000000000e+02 0.000000000000000000e+00 9.000000000000000000e+02
1.236000000000000000e+03 7.030000000000000000e+02 3.000000000000000000e+02 0.000000000000000000e+00 9.000000000000000000e+02
1.307000000000000000e+03 7.060000000000000000e+02 3.750000000000000000e+02 0.000000000000000000e+00 9.000000000000000000e+02
1.376000000000000000e+03 7.100000000000000000e+02 4.500000000000000000e+02 0.000000000000000000e+00 9.000000000000000000e+02
1.445000000000000000e+03 7.130000000000000000e+02 5.250000000000000000e+02 0.000000000000000000e+00 9.000000000000000000e+02
1.513000000000000000e+03 7.170000000000000000e+02 6.000000000000000000e+02 0.000000000000000000e+00 9.000000000000000000e+02
1.580000000000000000e+03 7.200000000000000000e+02 6.750000000000000000e+02 0.000000000000000000e+00 9.000000000000000000e+02
1.646000000000000000e+03 7.230000000000000000e+02 7.500000000000000000e+02 0.000000000000000000e+00 9.000000000000000000e+02
1.711000000000000000e+03 7.270000000000000000e+02 8.250000000000000000e+02 0.000000000000000000e+00 9.000000000000000000e+02
1.776000000000000000e+03 7.300000000000000000e+02 9.000000000000000000e+02 0.000000000000000000e+00 9.000000000000000000e+02
1.840000000000000000e+03 7.330000000000000000e+02 9.750000000000000000e+02 0.000000000000000000e+00 9.000000000000000000e+02
1.903000000000000000e+03 7.360000000000000000e+02 1.050000000000000000e+03 0.000000000000000000e+00 9.000000000000000000e+02
1.965000000000000000e+03 7.400000000000000000e+02 1.125000000000000000e+03 0.000000000000000000e+00 9.000000000000000000e+02
2.027000000000000000e+03 7.430000000000000000e+02 1.200000000000000000e+03 0.000000000000000000e+00 9.000000000000000000e+02
2.087000000000000000e+03 7.460000000000000000e+02 1.275000000000000000e+03 0.000000000000000000e+00 9.000000000000000000e+02
2.147000000000000000e+03 7.490000000000000000e+02 1.350000000000000000e+03 0.000000000000000000e+00 9.000000000000000000e+02
2.207000000000000000e+03 7.520000000000000000e+02 1.425000000000000000e+03 0.000000000000000000e+00 9.000000000000000000e+02
2.265000000000000000e+03 7.550000000000000000e+02 1.500000000000000000e+03 0.000000000000000000e+00 9.000000000000000000e+02
2.323000000000000000e+03 7.580000000000000000e+02 1.575000000000000000e+03 0.000000000000000000e+00 9.000000000000000000e+02
2.380000000000000000e+03 7.600000000000000000e+02 1.650000000000000000e+03 0.000000000000000000e+00 9.000000000000000000e+02
2.437000000000000000e+03 7.630000000000000000e+02 1.725000000000000000e+03 0.000000000000000000e+00 9.000000000000000000e+02
2.493000000000000000e+03 7.660000000000000000e+02 1.800000000000000000e+03 0.000000000000000000e+00 9.000000000000000000e+02
9.470000000000000000e+02 6.110000000000000000e+02 0.000000000000000000e+00 0.000000000000000000e+00 9.750000000000000000e+02
1.021000000000000000e+03 6.150000000000000000e+02 7.500000000000000000e+01 0.000000000000000000e+00 9.750000000000000000e+02
1.093000000000000000e+03 6.190000000000000000e+02 1.500000000000000000e+02 0.000000000000000000e+00 9.750000000000000000e+02
1.165000000000000000e+03 6.230000000000000000e+02 2.250000000000000000e+02 0.000000000000000000e+00 9.750000000000000000e+02
1.236000000000000000e+03 6.270000000000000000e+02 3.000000000000000000e+02 0.000000000000000000e+00 9.750000000000000000e+02
1.307000000000000000e+03 6.310000000000000000e+02 3.750000000000000000e+02 0.000000000000000000e+00 9.750000000000000000e+02
1.376000000000000000e+03 6.350000000000000000e+02 4.500000000000000000e+02 0.000000000000000000e+00 9.750000000000000000e+02
1.445000000000000000e+03 6.390000000000000000e+02 5.250000000000000000e+02 0.000000000000000000e+00 9.750000000000000000e+02
1.512000000000000000e+03 6.430000000000000000e+02 6.000000000000000000e+02 0.000000000000000000e+00 9.750000000000000000e+02
1.579000000000000000e+03 6.460000000000000000e+02 6.750000000000000000e+02 0.000000000000000000e+00 9.750000000000000000e+02
1.646000000000000000e+03 6.500000000000000000e+02 7.500000000000000000e+02 0.000000000000000000e+00 9.750000000000000000e+02
1.711000000000000000e+03 6.540000000000000000e+02 8.250000000000000000e+02 0.000000000000000000e+00 9.750000000000000000e+02
1.775000000000000000e+03 6.570000000000000000e+02 9.000000000000000000e+02 0.000000000000000000e+00 9.750000000000000000e+02
1.839000000000000000e+03 6.610000000000000000e+02 9.750000000000000000e+02 0.000000000000000000e+00 9.750000000000000000e+02
1.902000000000000000e+03 6.650000000000000000e+02 1.050000000000000000e+03 0.000000000000000000e+00 9.750000000000000000e+02
1.964000000000000000e+03 6.680000000000000000e+02 1.125000000000000000e+03 0.000000000000000000e+00 9.750000000000000000e+02
2.026000000000000000e+03 6.720000000000000000e+02 1.200000000000000000e+03 0.000000000000000000e+00 9.750000000000000000e+02
2.086000000000000000e+03 6.750000000000000000e+02 1.275000000000000000e+03 0.000000000000000000e+00 9.750000000000000000e+02
2.146000000000000000e+03 6.790000000000000000e+02 1.350000000000000000e+03 0.000000000000000000e+00 9.750000000000000000e+02
2.206000000000000000e+03 6.820000000000000000e+02 1.425000000000000000e+03 0.000000000000000000e+00 9.750000000000000000e+02
2.264000000000000000e+03 6.850000000000000000e+02 1.500000000000000000e+03 0.000000000000000000e+00 9.750000000000000000e+02
2.322000000000000000e+03 6.890000000000000000e+02 1.575000000000000000e+03 0.000000000000000000e+00 9.750000000000000000e+02
2.379000000000000000e+03 6.920000000000000000e+02 1.650000000000000000e+03 0.000000000000000000e+00 9.750000000000000000e+02
2.436000000000000000e+03 6.950000000000000000e+02 1.725000000000000000e+03 0.000000000000000000e+00 9.750000000000000000e+02
2.492000000000000000e+03 6.980000000000000000e+02 1.800000000000000000e+03 0.000000000000000000e+00 9.750000000000000000e+02
9.470000000000000000e+02 5.340000000000000000e+02 0.000000000000000000e+00 0.000000000000000000e+00 1.050000000000000000e+03
1.021000000000000000e+03 5.380000000000000000e+02 7.500000000000000000e+01 0.000000000000000000e+00 1.050000000000000000e+03
1.093000000000000000e+03 5.430000000000000000e+02 1.500000000000000000e+02 0.000000000000000000e+00 1.050000000000000000e+03
1.165000000000000000e+03 5.470000000000000000e+02 2.250000000000000000e+02 0.000000000000000000e+00 1.050000000000000000e+03
1.236000000000000000e+03 5.510000000000000000e+02 3.000000000000000000e+02 0.000000000000000000e+00 1.050000000000000000e+03
1.306000000000000000e+03 5.560000000000000000e+02 3.750000000000000000e+02 0.000000000000000000e+00 1.050000000000000000e+03
1.376000000000000000e+03 5.600000000000000000e+02 4.500000000000000000e+02 0.000000000000000000e+00 1.050000000000000000e+03
1.444000000000000000e+03 5.640000000000000000e+02 5.250000000000000000e+02 0.000000000000000000e+00 1.050000000000000000e+03
1.512000000000000000e+03 5.680000000000000000e+02 6.000000000000000000e+02 0.000000000000000000e+00 1.050000000000000000e+03
1.579000000000000000e+03 5.730000000000000000e+02 6.750000000000000000e+02 0.000000000000000000e+00 1.050000000000000000e+03
1.645000000000000000e+03 5.770000000000000000e+02 7.500000000000000000e+02 0.000000000000000000e+00 1.050000000000000000e+03
1.710000000000000000e+03 5.810000000000000000e+02 8.250000000000000000e+02 0.000000000000000000e+00 1.050000000000000000e+03
1.775000000000000000e+03 5.850000000000000000e+02 9.000000000000000000e+02 0.000000000000000000e+00 1.050000000000000000e+03
1.838000000000000000e+03 5.890000000000000000e+02 9.750000000000000000e+02 0.000000000000000000e+00 1.050000000000000000e+03
1.901000000000000000e+03 5.930000000000000000e+02 1.050000000000000000e+03 0.000000000000000000e+00 1.050000000000000000e+03
1.963000000000000000e+03 5.970000000000000000e+02 1.125000000000000000e+03 0.000000000000000000e+00 1.050000000000000000e+03
2.025000000000000000e+03 6.010000000000000000e+02 1.200000000000000000e+03 0.000000000000000000e+00 1.050000000000000000e+03
2.085000000000000000e+03 6.050000000000000000e+02 1.275000000000000000e+03 0.000000000000000000e+00 1.050000000000000000e+03
2.145000000000000000e+03 6.090000000000000000e+02 1.350000000000000000e+03 0.000000000000000000e+00 1.050000000000000000e+03
2.205000000000000000e+03 6.130000000000000000e+02 1.425000000000000000e+03 0.000000000000000000e+00 1.050000000000000000e+03
2.263000000000000000e+03 6.160000000000000000e+02 1.500000000000000000e+03 0.000000000000000000e+00 1.050000000000000000e+03
2.321000000000000000e+03 6.200000000000000000e+02 1.575000000000000000e+03 0.000000000000000000e+00 1.050000000000000000e+03
2.378000000000000000e+03 6.240000000000000000e+02 1.650000000000000000e+03 0.000000000000000000e+00 1.050000000000000000e+03
2.434000000000000000e+03 6.270000000000000000e+02 1.725000000000000000e+03 0.000000000000000000e+00 1.050000000000000000e+03
2.490000000000000000e+03 6.310000000000000000e+02 1.800000000000000000e+03 0.000000000000000000e+00 1.050000000000000000e+03
9.480000000000000000e+02 4.560000000000000000e+02 0.000000000000000000e+00 0.000000000000000000e+00 1.125000000000000000e+03
1.021000000000000000e+03 4.610000000000000000e+02 7.500000000000000000e+01 0.000000000000000000e+00 1.125000000000000000e+03
1.094000000000000000e+03 4.660000000000000000e+02 1.500000000000000000e+02 0.000000000000000000e+00 1.125000000000000000e+03
1.165000000000000000e+03 4.710000000000000000e+02 2.250000000000000000e+02 0.000000000000000000e+00 1.125000000000000000e+03
1.236000000000000000e+03 4.760000000000000000e+02 3.000000000000000000e+02 0.000000000000000000e+00 1.125000000000000000e+03
1.306000000000000000e+03 4.810000000000000000e+02 3.750000000000000000e+02 0.000000000000000000e+00 1.125000000000000000e+03
1.376000000000000000e+03 4.850000000000000000e+02 4.500000000000000000e+02 0.000000000000000000e+00 1.125000000000000000e+03
1.444000000000000000e+03 4.900000000000000000e+02 5.250000000000000000e+02 0.000000000000000000e+00 1.125000000000000000e+03
1.512000000000000000e+03 4.950000000000000000e+02 6.000000000000000000e+02 0.000000000000000000e+00 1.125000000000000000e+03
1.578000000000000000e+03 4.990000000000000000e+02 6.750000000000000000e+02 0.000000000000000000e+00 1.125000000000000000e+03
1.645000000000000000e+03 5.040000000000000000e+02 7.500000000000000000e+02 0.000000000000000000e+00 1.125000000000000000e+03
1.710000000000000000e+03 5.080000000000000000e+02 8.250000000000000000e+02 0.000000000000000000e+00 1.125000000000000000e+03
1.774000000000000000e+03 5.130000000000000000e+02 9.000000000000000000e+02 0.000000000000000000e+00 1.125000000000000000e+03
1.838000000000000000e+03 5.170000000000000000e+02 9.750000000000000000e+02 0.000000000000000000e+00 1.125000000000000000e+03
1.900000000000000000e+03 5.220000000000000000e+02 1.050000000000000000e+03 0.000000000000000000e+00 1.125000000000000000e+03
1.963000000000000000e+03 5.260000000000000000e+02 1.125000000000000000e+03 0.000000000000000000e+00 1.125000000000000000e+03
2.024000000000000000e+03 5.310000000000000000e+02 1.200000000000000000e+03 0.000000000000000000e+00 1.125000000000000000e+03
2.084000000000000000e+03 5.350000000000000000e+02 1.275000000000000000e+03 0.000000000000000000e+00 1.125000000000000000e+03
2.144000000000000000e+03 5.390000000000000000e+02 1.350000000000000000e+03 0.000000000000000000e+00 1.125000000000000000e+03
2.203000000000000000e+03 5.430000000000000000e+02 1.425000000000000000e+03 0.000000000000000000e+00 1.125000000000000000e+03
2.262000000000000000e+03 5.470000000000000000e+02 1.500000000000000000e+03 0.000000000000000000e+00 1.125000000000000000e+03
2.319000000000000000e+03 5.520000000000000000e+02 1.575000000000000000e+03 0.000000000000000000e+00 1.125000000000000000e+03
2.377000000000000000e+03 5.550000000000000000e+02 1.650000000000000000e+03 0.000000000000000000e+00 1.125000000000000000e+03
2.433000000000000000e+03 5.600000000000000000e+02 1.725000000000000000e+03 0.000000000000000000e+00 1.125000000000000000e+03
2.489000000000000000e+03 5.640000000000000000e+02 1.800000000000000000e+03 0.000000000000000000e+00 1.125000000000000000e+03
9.480000000000000000e+02 3.790000000000000000e+02 0.000000000000000000e+00 0.000000000000000000e+00 1.200000000000000000e+03
1.021000000000000000e+03 3.850000000000000000e+02 7.500000000000000000e+01 0.000000000000000000e+00 1.200000000000000000e+03
1.094000000000000000e+03 3.900000000000000000e+02 1.500000000000000000e+02 0.000000000000000000e+00 1.200000000000000000e+03
1.165000000000000000e+03 3.950000000000000000e+02 2.250000000000000000e+02 0.000000000000000000e+00 1.200000000000000000e+03
1.236000000000000000e+03 4.000000000000000000e+02 3.000000000000000000e+02 0.000000000000000000e+00 1.200000000000000000e+03
1.306000000000000000e+03 4.060000000000000000e+02 3.750000000000000000e+02 0.000000000000000000e+00 1.200000000000000000e+03
1.375000000000000000e+03 4.110000000000000000e+02 4.500000000000000000e+02 0.000000000000000000e+00 1.200000000000000000e+03
1.444000000000000000e+03 4.160000000000000000e+02 5.250000000000000000e+02 0.000000000000000000e+00 1.200000000000000000e+03
1.511000000000000000e+03 4.210000000000000000e+02 6.000000000000000000e+02 0.000000000000000000e+00 1.200000000000000000e+03
1.578000000000000000e+03 4.260000000000000000e+02 6.750000000000000000e+02 0.000000000000000000e+00 1.200000000000000000e+03
1.644000000000000000e+03 4.310000000000000000e+02 7.500000000000000000e+02 0.000000000000000000e+00 1.200000000000000000e+03
1.709000000000000000e+03 4.360000000000000000e+02 8.250000000000000000e+02 0.000000000000000000e+00 1.200000000000000000e+03
1.773000000000000000e+03 4.410000000000000000e+02 9.000000000000000000e+02 0.000000000000000000e+00 1.200000000000000000e+03
1.837000000000000000e+03 4.460000000000000000e+02 9.750000000000000000e+02 0.000000000000000000e+00 1.200000000000000000e+03
1.900000000000000000e+03 4.510000000000000000e+02 1.050000000000000000e+03 0.000000000000000000e+00 1.200000000000000000e+03
1.962000000000000000e+03 4.560000000000000000e+02 1.125000000000000000e+03 0.000000000000000000e+00 1.200000000000000000e+03
2.023000000000000000e+03 4.600000000000000000e+02 1.200000000000000000e+03 0.000000000000000000e+00 1.200000000000000000e+03
2.083000000000000000e+03 4.650000000000000000e+02 1.275000000000000000e+03 0.000000000000000000e+00 1.200000000000000000e+03
2.143000000000000000e+03 4.700000000000000000e+02 1.350000000000000000e+03 0.000000000000000000e+00 1.200000000000000000e+03
2.202000000000000000e+03 4.740000000000000000e+02 1.425000000000000000e+03 0.000000000000000000e+00 1.200000000000000000e+03
2.261000000000000000e+03 4.790000000000000000e+02 1.500000000000000000e+03 0.000000000000000000e+00 1.200000000000000000e+03
2.318000000000000000e+03 4.830000000000000000e+02 1.575000000000000000e+03 0.000000000000000000e+00 1.200000000000000000e+03
2.375000000000000000e+03 4.880000000000000000e+02 1.650000000000000000e+03 0.000000000000000000e+00 1.200000000000000000e+03
2.432000000000000000e+03 4.920000000000000000e+02 1.725000000000000000e+03 0.000000000000000000e+00 1.200000000000000000e+03
2.487000000000000000e+03 4.960000000000000000e+02 1.800000000000000000e+03 0.000000000000000000e+00 1.200000000000000000e+03
9.480000000000000000e+02 3.030000000000000000e+02 0.000000000000000000e+00 0.000000000000000000e+00 1.275000000000000000e+03
1.022000000000000000e+03 3.080000000000000000e+02 7.500000000000000000e+01 0.000000000000000000e+00 1.275000000000000000e+03
1.094000000000000000e+03 3.140000000000000000e+02 1.500000000000000000e+02 0.000000000000000000e+00 1.275000000000000000e+03
1.165000000000000000e+03 3.200000000000000000e+02 2.250000000000000000e+02 0.000000000000000000e+00 1.275000000000000000e+03
1.236000000000000000e+03 3.250000000000000000e+02 3.000000000000000000e+02 0.000000000000000000e+00 1.275000000000000000e+03
1.306000000000000000e+03 3.310000000000000000e+02 3.750000000000000000e+02 0.000000000000000000e+00 1.275000000000000000e+03
1.375000000000000000e+03 3.370000000000000000e+02 4.500000000000000000e+02 0.000000000000000000e+00 1.275000000000000000e+03
1.443000000000000000e+03 3.420000000000000000e+02 5.250000000000000000e+02 0.000000000000000000e+00 1.275000000000000000e+03
1.511000000000000000e+03 3.480000000000000000e+02 6.000000000000000000e+02 0.000000000000000000e+00 1.275000000000000000e+03
1.578000000000000000e+03 3.530000000000000000e+02 6.750000000000000000e+02 0.000000000000000000e+00 1.275000000000000000e+03
1.643000000000000000e+03 3.580000000000000000e+02 7.500000000000000000e+02 0.000000000000000000e+00 1.275000000000000000e+03
1.708000000000000000e+03 3.640000000000000000e+02 8.250000000000000000e+02 0.000000000000000000e+00 1.275000000000000000e+03
1.773000000000000000e+03 3.690000000000000000e+02 9.000000000000000000e+02 0.000000000000000000e+00 1.275000000000000000e+03
1.836000000000000000e+03 3.740000000000000000e+02 9.750000000000000000e+02 0.000000000000000000e+00 1.275000000000000000e+03
1.899000000000000000e+03 3.800000000000000000e+02 1.050000000000000000e+03 0.000000000000000000e+00 1.275000000000000000e+03
1.961000000000000000e+03 3.850000000000000000e+02 1.125000000000000000e+03 0.000000000000000000e+00 1.275000000000000000e+03
2.022000000000000000e+03 3.900000000000000000e+02 1.200000000000000000e+03 0.000000000000000000e+00 1.275000000000000000e+03
2.082000000000000000e+03 3.950000000000000000e+02 1.275000000000000000e+03 0.000000000000000000e+00 1.275000000000000000e+03
2.142000000000000000e+03 4.000000000000000000e+02 1.350000000000000000e+03 0.000000000000000000e+00 1.275000000000000000e+03
2.201000000000000000e+03 4.050000000000000000e+02 1.425000000000000000e+03 0.000000000000000000e+00 1.275000000000000000e+03
2.259000000000000000e+03 4.100000000000000000e+02 1.500000000000000000e+03 0.000000000000000000e+00 1.275000000000000000e+03
2.317000000000000000e+03 4.150000000000000000e+02 1.575000000000000000e+03 0.000000000000000000e+00 1.275000000000000000e+03
2.374000000000000000e+03 4.200000000000000000e+02 1.650000000000000000e+03 0.000000000000000000e+00 1.275000000000000000e+03
2.430000000000000000e+03 4.240000000000000000e+02 1.725000000000000000e+03 0.000000000000000000e+00 1.275000000000000000e+03
2.486000000000000000e+03 4.290000000000000000e+02 1.800000000000000000e+03 0.000000000000000000e+00 1.275000000000000000e+03
