495
   0 1469.9554  473.7178    51    18     4  2651    -1
   1 1466.8096  485.0649    37    24     3  2089   479
   2 1463.6470  498.9587   276    24    24 16126    -1
   3 1449.0252  501.8067    51     2    26  2788    -1
   4 1439.9333  502.5333    21     3    10  1080    -1
   5 1433.3889  629.7222     6     4     3   309    -1
   6 1466.8704  633.2407    17     5     8   877   478
   7 1433.6053  637.3421     8     4     4   419    -1
   8 1466.4091  641.8636     8     3     5   411    -1
   9 1819.1875  771.0875    66     4    27  3380    -1
  10 1801.9110  772.4452    56     3    27  2873    -1
  11 1809.4231  807.2821    10     8     2   578    -1
  12 1818.6923  808.2692    13     4     7   676    -1
  13 1781.3425  835.0781    24     5     6  3485   471
  14 1871.7577  856.5733    41     7     7  4821   459
  15 1853.2167  858.0666    48     8     8  7529   427
  16 1834.4151  859.6012    46     7     7  7634    -1
  17 1815.5215  861.0899    48     7     8  8403   394
  18 1796.6092  862.5641    50     8     8  8772   380
  19 1777.5912  864.1024    51     8     8  9281   395
  20 1758.5168  865.6010    50     8     8  9173   367
  21 1739.3288  867.1638    51     8     8  9499   365
  22 1720.0167  868.6640    52     8     8  9586   378
  23 1700.6187  870.2524    52     8     8  9785   352
  24 1681.1726  871.7451    53     8     8  9928   387
  25 1661.5819  873.3208    51     8     8  9876   371
  26 1641.9065  874.8511    52     8     8 10113   376
  27 1622.1900  876.3949    53     8     9 10099   405
  28 1870.8873  876.5703    42     8     7  5245   448
  29 1602.3565  877.9782    53     8     8 10397   385
  30 1852.3868  878.1971    48     8     8  8043   361
  31 1582.3825  879.5301    52     8     9 10152   388
  32 1833.6347  879.6685    47     8     8  8112    -1
  33 1562.3486  881.0853    52     8     8 10415   409
  34 1814.7866  881.3511    50     8     8  8411   351
  35 1542.2140  882.6507    54     8     9 10477   423
  36 1795.9363  882.8277    50     8     8  8619   359
  37 1521.9721  884.2246    54     8     8 10627   432
  38 1776.9662  884.4654    49     8     8  8606   377
  39 1501.6496  885.8141    54     8     8 10635   437
  40 1757.9307  885.9977    50     8     8  8894   364
  41 1481.2600  887.3594    52     8     8 10336   451
  42 1738.7747  887.5536    48     8     8  8757   363
  43 1460.7321  889.0101    53     8     8 10329   455
  44 1719.5182  889.1815    50     8     8  9080   345
  45 1440.2855  890.6826    51     8     8  9712   460
  46 1700.2484  890.6948    52     8     8  9218   348
  47 1680.7565  892.3524    51     8     8  9243   357
  48 1419.5294  892.3685    48     7     8  9227   463
  49 1661.3232  893.8562    53     8     8  9460   370
  50 1398.8227  894.0072    46     7     8  6545   469
  51 1641.6454  895.5062    51     8     9  9329   346
  52 1870.0108  896.6095    40     7     7  5150   433
  53 1621.9808  897.0917    53     8     8  9684   381
  54 1851.5402  898.2850    46     7     8  7943   332
  55 1602.2231  898.6730    53     8     8  9603   389
  56 1832.8394  899.7693    49     8     8  8269   258
  57 1582.3137  900.2831    49     8     8  9499   379
  58 1814.0882  901.4750    47     8     7  8241   304
  59 1562.3563  901.8920    53     8     8  9854   406
  60 1795.2780  903.0668    50     8     8  8668   301
  61 1542.2654  903.4796    52     8     9  9613   412
  62 1776.3707  904.6245    50     8     8  8739    -1
  63 1522.1055  905.1172    52     8     8  9886   420
  64 1757.3731  906.3176    47     8     8  8711   333
  65 1501.7752  906.7360    51     8     8  9799   431
  66 1738.2768  907.8518    52     8     8  9066   324
  67 1481.4680  908.3475    51     9     8  9728   439
  68 1719.0794  909.5006    49     8     8  8883   330
  69 1461.0479  909.9927    52     8     8 10167   446
  70 1699.7642  911.1507    53     8     8  9335   303
  71 1440.5363  911.6090    50     8     8  9718   454
  72 1680.4561  912.7042    49     8     8  9169   325
  73 1419.9084  913.3325    53     8     8 10136   457
  74 1660.9552  914.4084    51     8     8  9265   337
  75 1399.4253  914.9510    49     8     8  7175   468
  76 1641.4467  916.0115    49     8     8  9463   314
  77 1869.1095  916.5686    39     7     7  5141   414
  78 1621.7399  917.6265    50     8     8  9395   319
  79 1850.7077  918.2314    50     8     8  8129   251
  80 1602.0666  919.3005    51     8     8  9551   350
  81 1832.0941  919.7719    51     8     8  8342   236
  82 1582.2523  920.9164    53     8     8  9795   344
  83 1813.3723  921.4805    47     8     7  8245   253
  84 1562.3302  922.5526    50     8     8  9456   360
  85 1794.5720  923.1688    48     7     8  8542   227
  86 1542.2864  924.2108    50     8     8  9664   382
  87 1775.7097  924.7160    48     8     8  8623    -1
  88 1522.1683  925.8562    54     8     8  9927   407
  89 1756.7551  926.4624    48     8     8  8684   267
  90 1501.9521  927.5284    51     8     9  9617   417
  91 1737.6986  928.1007    52     8     8  9056   285
  92 1481.6389  929.1923    52     8     8  9845   426
  93 1718.5873  929.6838    47     8     8  8853   294
  94 1461.3534  930.8563    52     8     8  9908   440
  95 1699.3898  931.4072    49     8     8  9020   230
  96 1440.8291  932.5548    54     8     9  9920   447
  97 1680.0612  933.0657    50     8     8  9291   276
  98 1420.2930  934.2363    52     8     8 10059   450
  99 1660.6333  934.6766    48     8     8  9145   327
 100 1399.7478  935.8547    47     8     8  7035   467
 101 1868.2610  936.4103    42     7     7  5276   339
 102 1641.1852  936.4160    48     8     8  9185   275
 103 1849.9146  938.0270    48     8     8  7971   243
 104 1621.5372  938.0685    50     8     8  9481   286
 105 1831.3419  939.6500    50     8     8  8232   203
 106 1601.8717  939.7115    51     8     8  9496   312
 107 1582.1503  941.4263    48     8     8  9305   308
 108 1812.6251  941.4429    48     8     7  8281   195
 109 1793.9055  943.1131    48     8     8  8425   199
 110 1562.2834  943.1266    51     8     8  9692   336
 111 1775.1124  944.7123    51     8     8  8729   188
 112 1542.3365  944.7527    52     8     8  9648   349
 113 1522.2749  946.4566    50     8     8  9436   383
 114 1756.2150  946.4862    46     8     7  8543   201
 115 1502.1446  948.1817    50     8     8  9729   401
 116 1737.2190  948.2008    49     8     8  8848   224
 117 1718.1321  949.8122    52     8     8  9031   225
 118 1481.8339  949.8437    50     8     8  9754   415
 119 1698.9324  951.5249    49     8     8  8926   219
 120 1461.5596  951.5760    49     8     8  9412   425
 121 1441.2014  953.2995    51     8     8  9746   436
 122 1679.6485  953.3008    50     8     8  9138   217
 123 1660.3851  954.9347    51     8     8  9323   256
 124 1420.6561  955.0093    53     8     8 10023   444
 125 1867.4228  956.0368    40     7     8  5033   326
 126 1640.8757  956.6219    49     8     8  9179   249
 127 1400.2974  956.7004    48     8     8  6857   465
 128 1849.1126  957.6731    50     8     8  7982   162
 129 1621.3938  958.3938    49     8     8  9227   255
 130 1830.5507  959.4946    45     7     7  7970   177
 131 1601.7141  960.1020    53     8     8  9585   268
 132 1811.9169  961.2660    50     8     8  8312   117
 133 1582.0267  961.7745    53     8     8  9569   288
 134 1793.2604  962.9015    51     8     8  8527   149
 135 1562.2708  963.5001    50     8     8  9299   316
 136 1774.4954  964.6005    46     7     8  8421   181
 137 1542.3326  965.2646    49     8     8  9422   313
 138 1755.5927  966.4340    48     8     7  8623   147
 139 1522.3671  966.9829    52     8     8  9657   355
 140 1736.6488  968.1534    51     8     8  8852   142
 141 1502.2972  968.6723    50     8     8  9449   386
 142 1717.6341  969.7828    48     8     8  8826   185
 143 1482.0896  970.4444    51     8     8  9487   398
 144 1698.5235  971.5481    46     7     8  8772   191
 145 1461.7927  972.2167    54     8     8  9749   403
 146 1679.3560  973.3568    47     8     8  8934   156
 147 1441.4915  973.9462    50     8     8  9540   419
 148 1660.0217  975.0574    50     8     8  9195   175
 149 1866.5780  975.5797    41     7     7  5138   307
 150 1421.0298  975.6834    53     8     8  9822   429
 151 1640.6162  976.7530    48     8     8  9136   198
 152 1848.2942  977.4187    45     8     7  7672   140
 153 1400.6500  977.4963    45     7     7  6569   464
 154 1621.1960  978.5216    48     8     7  9067   207
 155 1829.7806  979.1878    49     8     8  8024   132
 156 1601.5627  980.3736    50     8     8  9281   221
 157 1811.2303  980.8643    49     8     8  8174   148
 158 1581.9440  982.0850    52     8     8  9506   228
 159 1792.5864  982.6054    43     7     7  8061   127
 160 1562.2266  983.7808    52     8     8  9466   269
 161 1773.8422  984.4647    47     8     7  8388    85
 162 1542.3799  985.5445    50     8     8  9270   291
 163 1755.0522  986.2582    50     8     8  8626   131
 164 1522.4267  987.3742    48     8     8  9198   311
 165 1736.1702  987.9342    49     8     8  8657   113
 166 1502.4040  989.1441    49     8     8  9368   341
 167 1717.2060  989.6511    49     8     8  8723    81
 168 1482.3140  990.8795    53     8     8  9632   373
 169 1698.1304  991.4918    47     8     7  8721    75
 170 1462.0865  992.6405    52     8     8  9488   400
 171 1678.9429  993.3298    50     8     8  8980    72
 172 1441.7671  994.4997    52     8     9  9396   410
 173 1659.6798  995.0604    50     8     8  9084   155
 174 1865.6921  995.1571    41     7     8  5001   234
 175 1421.4015  996.2786    52     8     8  9410   422
 176 1640.4355  996.7747    48     8     8  9037   180
 177 1847.4937  996.8420    46     7     8  7660   101
 178 1401.1149  998.0609    49     8     8  6852   462
 179 1620.9458  998.5893    48     8     8  9028   170
 180 1829.0313  998.6155    48     8     8  7939   123
 181 1601.4677 1000.4481    46     7     8  8965   166
 182 1810.4953 1000.4908    45     7     7  7998   120
 183 1581.8252 1002.2674    53     8     8  9375   173
 184 1791.9059 1002.3562    48     8     8  8194    66
 185 1562.1885 1004.0221    50     8     8  9348   209
 186 1773.2576 1004.1114    49     8     8  8402    57
 187 1542.4154 1005.7521    51     8     8  9301   262
 188 1754.4946 1005.8268    47     7     8  8458    79
 189 1522.4997 1007.5614    47     7     8  9024   300
 190 1735.6228 1007.6344    45     8     8  8432    99
 191 1502.5083 1009.4470    48     8     8  9062   309
 192 1716.6892 1009.5011    47     8     7  8644    74
 193 1482.4676 1011.2504    50     8     8  9230   342
 194 1697.6621 1011.3610    50     8     8  8874    48
 195 1462.3678 1013.0772    50     8     8  9309   375
 196 1678.5535 1013.1484    47     7     8  8831    30
 197 1864.8376 1014.4779    39     7     7  4930   237
 198 1442.1245 1014.8605    54     8     8  9554   393
 199 1659.4339 1014.8768    49     8     8  8974    73
 200 1846.6637 1016.3598    45     7     7  7535    88
 201 1640.1450 1016.6724    50     8     8  9024   119
 202 1421.7657 1016.6782    50     8     8  9189   392
 203 1828.2786 1018.1791    47     8     8  7766    68
 204 1401.5925 1018.4624    45     7     7  6346   456
 205 1620.7206 1018.5391    46     8     7  8828   121
 206 1809.7848 1019.9474    48     8     8  7983    67
 207 1601.3472 1020.4403    47     8     8  8952   109
 208 1791.2760 1021.7367    49     8     8  8208    95
 209 1581.7077 1022.3023    50     8     8  9150   163
 210 1772.6264 1023.5917    44     8     7  8119    46
 211 1562.1425 1024.0952    50     8     8  9308   182
 212 1753.9088 1025.4852    47     8     7  8346    50
 213 1542.4416 1025.8763    51     8     8  9268   229
 214 1735.1326 1027.3816    47     8     8  8430    23
 215 1522.5628 1027.7017    49     8     8  9092   250
 216 1716.2713 1029.1894    49     8     8  8642    20
 217 1502.6287 1029.5666    48     8     8  9041   252
 218 1697.3202 1030.9738    49     8     8  8683    40
 219 1482.6084 1031.4753    50     8     8  9067   260
 220 1678.2660 1032.7860    49     8     8  8779    53
 221 1462.5608 1033.3327    50     8     8  9091   297
 222 1863.9707 1033.6718    38     7     7  4798   245
 223 1659.1176 1034.6218    49     8     8  8502    76
 224 1442.4235 1035.1776    48     8     8  8973   328
 225 1845.8789 1035.5621    47     8     7  7618    93
 226 1639.8400 1036.5106    47     8     7  8382    98
 227 1422.1836 1037.0313    51     8     8  9286   366
 228 1827.5178 1037.4655    45     7     7  7701    69
 229 1620.5336 1038.4629    45     7     7  8531   122
 230 1401.9149 1038.7822    49     8     8  6564   452
 231 1809.0946 1039.3861    46     8     7  7830    34
 232 1601.2024 1040.3511    49     8     8  8998   105
 233 1790.5887 1041.2501    46     7     8  7958    17
 234 1581.6278 1042.2107    50     8     8  9063   143
 235 1772.0145 1043.0941    48     8     8  8177     3
 236 1562.1117 1044.0346    50     8     8  9167   157
 237 1753.3861 1044.9096    45     7     8  8132    16
 238 1542.4586 1045.8493    49     8     8  9043   192
 239 1639.7013 1046.4383    57     8     8 10762    19
 240 1734.6150 1046.7390    46     8     8  8263    38
 241 1522.6163 1047.7171    48     8     8  8986   213
 242 1715.7825 1048.6110    47     8     8  8321    32
 243 1502.7530 1049.6146    47     8     8  8938   240
 244 1696.8597 1050.5446    47     8     7  8421    33
 245 1482.8189 1051.5415    47     8     7  8863   261
 246 1677.8579 1052.4815    47     8     7  8553    41
 247 1863.1105 1052.8790    37     7     7  4623   246
 248 1462.8062 1053.4660    51     8     8  9019   282
 249 1658.7820 1054.4201    47     8     7  8271    54
 250 1845.1027 1054.7013    46     8     8  7372   112
 251 1442.6815 1055.3623    50     8     8  8918   305
 252 1648.1762 1055.3948    35     7     7  5638   239
 253 1639.5480 1056.3675    44     7     7  8100    71
 254 1826.7795 1056.6240    45     8     7  7563    89
 255 1422.5003 1057.2556    52     9     8  8946   334
 256 1620.3940 1058.2031    47     8     8  8574    84
 257 1808.4187 1058.5579    45     7     7  7726    44
 258 1402.5159 1059.1640    47     8     8  6371   442
 259 1601.0349 1060.0633    50     8     8  8989   108
 260 1789.9594 1060.4995    47     8     7  7960    15
 261 1581.5631 1061.9327    48     8     8  8901   152
 262 1771.4140 1062.4208    43     7     7  7932    13
 263 1562.0696 1063.8196    51     8     8  9039   161
 264 1752.8076 1064.3675    47     8     7  8101     1
 265 1542.4832 1065.7059    48     7     8  8845   184
 266 1734.1437 1066.2769    48     8     8  8106     0
 267 1522.6814 1067.6263    47     8     8  8844   196
 268 1715.3677 1068.1492    48     8     8  8166     2
 269 1502.9079 1069.5656    48     8     8  8879   214
 270 1696.4445 1070.0681    47     7     8  8273     8
 271 1483.0655 1071.4916    48     8     7  8828   247
 272 1862.2965 1071.9233    38     7     7  4607   232
 273 1677.5311 1071.9468    47     7     8  8496    26
 274 1463.1351 1073.4354    48     8     8  8812   281
 275 1844.3142 1073.8167    46     8     8  7295   126
 276 1658.5103 1073.8576    47     7     8  8444    63
 277 1443.0830 1075.3948    49     8     8  8826   298
 278 1826.0643 1075.7191    46     8     8  7443    55
 279 1639.4401 1075.7623    47     7     8  8515    65
 280 1422.8931 1077.3311    52     8     8  8940   317
 281 1807.7090 1077.6665    44     8     7  7564    78
 282 1620.2122 1077.6954    50     8     8  8758    86
 283 1402.7808 1079.2682    48     8     8  6153   428
 284 1789.3411 1079.6200    46     8     7  7776    22
 285 1600.8737 1079.6348    47     8     8  8692    87
 286 1770.8284 1081.5722    46     8     7  7952    29
 287 1581.5263 1081.5930    46     7     8  8653   115
 288 1752.2780 1083.5321    45     8     7  7979     5
 289 1562.0463 1083.5517    48     8     7  8723   118
 290 1542.4885 1085.5130    45     7     7  8658   141
 291 1733.6245 1085.5167    44     7     7  7950     4
 292 1714.8720 1087.4817    47     8     7  8100    14
 293 1522.7693 1087.5000    48     8     7  8734   138
 294 1503.1128 1089.4327    48     8     8  8746   171
 295 1696.0848 1089.4444    46     8     7  8111    28
 296 1861.4706 1090.8670    37     7     7  4534   293
 297 1483.2943 1091.3947    47     8     8  8683   200
 298 1677.2051 1091.4134    46     8     7  8364    12
 299 1843.5183 1092.7785    44     7     8  7127   106
 300 1463.3915 1093.3627    48     8     8  8658   226
 301 1658.2340 1093.3828    47     8     8  8501     9
 302 1825.3275 1094.7580    46     8     8  7354    91
 303 1443.3942 1095.3329    48     8     8  8600   263
 304 1639.1617 1095.3614    47     8     8  8561    11
 305 1807.0439 1096.6909    45     8     7  7453    39
 306 1423.3083 1097.2903    49     8     8  8673   296
 307 1619.9963 1097.3335    48     8     8  8574    18
 308 1788.6802 1098.6898    45     8     8  7655    35
 309 1403.3828 1099.2902    47     8     8  6173   421
 310 1600.7112 1099.3026    50     8     8  8635    62
 311 1770.2601 1100.6602    47     8     7  7844     7
 312 1581.4429 1101.2834    45     7     8  8463    92
 313 1751.7252 1102.6394    45     8     7  7912     6
 314 1562.0143 1103.2459    50     8     8  8796   107
 315 1733.1454 1104.6241    46     8     7  7931    24
 316 1542.4914 1105.2169    48     7     8  8670   145
 317 1714.4718 1106.6267    44     7     7  8023    43
 318 1522.8753 1107.1882    50     8     8  8757   167
 319 1695.6737 1108.6066    44     8     7  8118    49
 320 1503.2643 1109.1636    50     8     8  8856   186
 321 1860.6974 1109.6677    38     7     7  4559   274
 322 1676.8321 1110.5907    46     8     7  8320    37
 323 1483.4671 1111.1386    48     8     8  8604   223
 324 1842.7244 1111.6462    44     8     7  7124   125
 325 1657.8946 1112.5885    46     8     7  8337    47
 326 1463.5689 1113.1261    50     8     8  8609   248
 327 1824.6002 1113.6590    43     7     7  7220    60
 328 1638.9000 1114.5809    46     8     7  8372    83
 329 1443.6363 1115.1123    51     8     8  8653   292
 330 1806.3787 1115.6585    43     7     7  7303    77
 331 1619.7828 1116.5940    46     8     7  8372   124
 332 1423.6120 1117.1040    51     8     8  8601   306
 333 1788.0530 1117.6533    45     8     7  7494    25
 334 1600.5986 1118.6257    45     8     8  8336   134
 335 1403.6885 1119.1227    45     7     8  5900   430
 336 1769.6518 1119.6733    44     8     7  7641    10
 337 1581.4080 1120.6080    49     8     8  8504   160
 338 1751.2026 1121.6816    46     8     8  7778    31
 339 1561.9835 1122.6184    47     8     8  8466   168
 340 1732.6251 1123.6976    45     8     8  7933    51
 341 1542.5419 1124.6331    45     7     8  8387   179
 342 1714.0242 1125.6974    48     8     8  8054    42
 343 1522.9801 1126.6417    49     8     8  8588   202
 344 1695.3358 1127.7418    49     8     8  8194    27
 345 1859.8561 1128.4218    37     7     7  4473   287
 346 1503.4273 1128.6426    50     8     8  8566   235
 347 1676.5142 1129.7651    45     7     8  8149    58
 348 1841.9632 1130.4510    44     8     7  6997   114
 349 1483.6145 1130.6748    46     8     8  8371   265
 350 1657.5930 1131.8071    46     7     8  8213    94
 351 1823.8792 1132.4854    45     8     7  7187   116
 352 1463.8175 1132.6940    50     8     8  8582   299
 353 1638.6296 1133.8594    47     8     8  8305   103
 354 1805.6751 1134.5259    43     7     7  7256    36
 355 1443.9712 1134.7284    50     8     8  8519   322
 356 1619.6011 1135.9227    47     8     8  8257   104
 357 1787.4277 1136.5666    44     7     7  7411    56
 358 1423.9999 1136.7540    50     8     8  8491   343
 359 1600.5064 1137.9836    46     7     8  8220   139
 360 1769.0836 1138.5920    44     8     7  7472    45
 361 1404.1382 1138.7368    46     8     8  5885   443
 362 1581.3220 1140.0247    48     8     8  8344   144
 363 1750.6408 1140.6311    44     8     7  7663    82
 364 1561.9480 1142.0888    49     8     8  8464   172
 365 1732.1551 1142.6590    45     8     7  7704    21
 366 1542.5392 1144.1323    47     7     8  8327   189
 367 1713.5616 1144.7299    44     7     8  7797    59
 368 1523.0875 1146.1987    50     8     8  8548   210
 369 1694.9023 1146.7707    48     8     8  7986    70
 370 1858.9767 1147.0357    34     6     6  4108   390
 371 1503.4909 1148.2641    47     7     8  8275   241
 372 1676.2087 1148.8564    47     8     8  8021    64
 373 1841.2085 1149.1238    44     8     8  6745   165
 374 1483.7997 1150.3039    50     8     8  8390   266
 375 1657.3752 1150.9381    46     8     8  7999    61
 376 1823.1642 1151.2196    46     8     8  7014   135
 377 1464.1550 1152.3456    48     8     8  8305   295
 378 1638.4557 1153.0308    46     7     8  8097   102
 379 1805.0049 1153.3029    45     8     7  7120   129
 380 1444.3518 1154.3881    46     8     8  7995   320
 381 1619.4670 1155.1484    46     7     8  8122   128
 382 1786.8050 1155.3631    44     8     7  7227   130
 383 1424.4172 1156.4348    47     8     7  7976   356
 384 1600.4121 1157.2459    45     7     8  8110   133
 385 1768.4975 1157.4355    43     7     7  7392    96
 386 1404.6027 1158.4701    43     7     7  5596   441
 387 1581.2360 1159.3355    47     8     8  8218   151
 388 1750.1291 1159.5169    45     8     7  7567    97
 389 1561.9234 1161.4073    46     8     7  8117   174
 390 1731.6567 1161.5666    43     7     7  7614    80
 391 1542.5780 1163.4442    45     7     7  8144   205
 392 1713.1456 1163.6222    44     8     7  7624   111
 393 1523.2141 1165.4871    46     8     7  8124   244
 394 1858.1427 1165.5720    38     7     7  4357   384
 395 1694.5297 1165.7187    44     7     8  7752    52
 396 1503.6171 1167.5469    44     8     7  8025   277
 397 1840.4226 1167.6493    43     7     7  6711   193
 398 1675.8152 1167.8152    48     8     8  7917   110
 399 1484.0578 1169.5843    48     8     8  8153   315
 400 1822.4330 1169.7553    42     7     7  6757   153
 401 1657.0833 1169.9378    48     8     8  7999    90
 402 1464.4407 1171.6672    50     8     8  8133   335
 403 1804.3635 1171.8556    45     7     8  6983   204
 404 1638.2512 1172.0766    48     8     8  8043   100
 405 1444.5894 1173.7664    47     8     8  7845   368
 406 1786.2058 1173.9891    45     8     8  7049   158
 407 1619.3248 1174.2324    45     8     8  7945   146
 408 1424.7004 1175.8927    50     8     8  7959   374
 409 1767.9185 1176.1344    47     8     8  7282   159
 410 1600.2854 1176.3528    46     8     8  8040   164
 411 1404.8881 1178.0118    45     8     8  5427   453
 412 1749.5994 1178.2534    42     7     7  7229   169
 413 1581.1531 1178.4406    46     8     7  8025   190
 414 1731.2044 1180.3814    45     8     7  7510   137
 415 1561.9178 1180.5060    47     8     7  8059   238
 416 1712.6989 1182.4680    44     8     7  7575   176
 417 1542.6068 1182.5848    44     8     7  7957   273
 418 1857.3756 1184.0103    34     7     6  3983   362
 419 1694.1531 1184.5640    45     8     7  7624   136
 420 1523.3232 1184.6637    50     8     8  8150   271
 421 1839.6755 1186.1419    42     7     8  6361   211
 422 1675.5089 1186.6869    43     7     7  7641   154
 423 1503.7503 1186.7744    49     8     8  8156   323
 424 1821.7302 1188.2583    40     7     7  6435   254
 425 1656.7387 1188.8148    47     8     8  7759   150
 426 1484.3039 1188.9118    48     8     8  7998   338
 427 1803.6961 1190.3904    42     7     7  6771   222
 428 1637.9823 1190.9861    48     8     8  7876   178
 429 1464.5953 1191.0877    48     8     8  7865   358
 430 1785.5692 1192.5327    43     7     7  7018   212
 431 1619.1111 1193.1851    48     8     8  7893   183
 432 1444.8929 1193.2438    49     8     8  7810   399
 433 1767.3593 1194.6879    43     7     7  7026   208
 434 1600.1415 1195.3458    47     8     8  7895   197
 435 1425.1453 1195.3673    47     8     8  7755   402
 436 1749.0951 1196.7969    46     8     8  7200   218
 437 1405.4957 1197.4503    43     7     7  5389   466
 438 1581.0647 1197.4580    46     8     7  7845   242
 439 1730.6827 1199.0009    45     8     8  7241   187
 440 1561.9117 1199.5459    46     8     7  7852   278
 441 1712.3050 1201.1712    45     8     8  7363   215
 442 1542.6363 1201.6473    45     8     8  7839   321
 443 1856.6967 1202.0614    35     7     7  3524   418
 444 1693.7593 1203.3423    43     8     7  7326   231
 445 1523.4209 1203.7970    46     7     8  7752   340
 446 1838.9109 1204.3248    38     7     7  5319   347
 447 1675.1813 1205.4908    45     8     7  7569   194
 448 1503.9342 1205.9800    49     8     8  7931   354
 449 1821.0011 1206.5288    42     8     7  5748   284
 450 1656.5039 1207.6186    43     7     7  7553   216
 451 1484.4725 1208.1631    46     7     8  7717   397
 452 1803.0064 1208.7252    43     8     7  6111   302
 453 1637.7167 1209.7767    45     8     8  7598   206
 454 1464.8593 1210.3275    48     8     8  7786   408
 455 1784.8969 1210.9549    45     8     8  6649   272
 456 1618.9002 1212.0008    48     8     8  7718   233
 457 1445.2943 1212.4439    45     8     7  7597   411
 458 1766.7679 1213.1998    44     8     7  7023   264
 459 1599.9836 1214.2267    47     8     8  7656   259
 460 1425.4902 1214.5573    45     7     7  7575   434
 461 1748.5106 1215.3269    43     7     7  7154   283
 462 1580.9733 1216.4044    45     8     7  7608   310
 463 1405.7684 1216.6550    43     7     7  5351   474
 464 1730.2203 1217.5386    45     8     7  7487   257
 465 1561.8878 1218.5098    46     8     7  7707   329
 466 1711.8245 1219.6942    46     8     7  7536   220
 467 1542.6735 1220.6475    45     8     8  7675   372
 468 1693.3951 1221.9181    44     7     8  7464   279
 469 1523.4762 1222.8336    46     7     8  7596   369
 470 1674.8090 1224.1570    46     8     8  7562   270
 471 1504.1337 1225.0277    50     8     8  7783   396
 472 1656.2187 1226.3600    45     8     7  7671   289
 473 1484.6006 1227.2587    47     7     8  7589   416
 474 1637.5157 1228.5248    45     7     7  7805   290
 475 1465.1960 1229.4203    46     8     7  7573   424
 476 1618.6921 1230.7052    45     8     8  7746   280
 477 1445.5393 1231.5565    45     7     7  7471   438
 478 1599.8088 1232.9430    48     8     8  7824   318
 479 1425.8029 1233.6761    47     8     8  7540   449
 480 1580.8671 1235.2211    47     8     8  7814   331
 481 1406.3602 1235.8349    44     8     8  5132   475
 482 1561.8408 1237.4105    46     8     7  7755   353
 483 1774.3661 1237.4496    21     5     5  2379   473
 484 1542.6929 1239.5494    45     8     7  7802   391
 485 1523.5218 1241.7323    45     7     8  7705   404
 486 1504.2849 1243.9469    49     8     8  7800   413
 487 1484.7866 1246.1907    48     8     8  7638   435
 488 1465.4305 1248.3608    43     7     7  7185   445
 489 1445.7831 1250.4768    45     8     7  6863   458
 490 1426.2543 1252.6001    44     8     7  6375   461
 491 1406.6759 1254.8310    40     7     7  4257   470
 492 1505.9195 1269.6407    25     6     5  2821   476
 493 1473.4388 1271.2839    24     4    12  1968   472
 494 1461.0000 1290.3182     7     2     4   394   481
