492
   0 1618.4484  450.3065   100    42     4  5155    -1
   1 1621.7921  462.8146    62    29     3  3189    -1
   2 1595.9843  463.8767    58    25     4  3123    -1
   3 1595.3494  477.4708   301    60    22 16557    -1
   4 1574.7955  478.8636    24     3    10  1244    -1
   5 2023.8333  681.0000     8     2     4   412    -1
   6 2012.0098  866.5784     8     4     3   502   474
   7 1971.9866  893.8481    35     6     7  5396   461
   8 2079.1059  918.7448    57     8     9  8818    -1
   9 2056.9002  920.7288    61     8     9 12129    -1
  10 2034.4082  922.7567    63     9     9 12234    -1
  11 2011.8516  924.7567    61     8     9 12313   442
  12 1989.1801  926.7781    60     8     9 12363   399
  13 1966.3908  928.8196    59     9     9 12234   437
  14 1943.4859  930.8672    62     9     9 12414   420
  15 1920.4311  932.9127    62     9     9 12397   435
  16 1589.6919  934.6866     8     4     4   968    -1
  17 1897.2499  934.9855    60     9    10 12388   465
  18 1873.9862  937.0560    59     8     9 12560   438
  19 1850.5284  939.1390    61     9     9 12640   441
  20 1826.9626  941.2162    60     8     9 12859   409
  21 2077.3675  943.0088    51     8     8  8189   450
  22 1803.2066  943.3306    63     9     9 13189   424
  23 2055.2016  945.0561    57     8     9 11401   383
  24 1779.3599  945.4324    62     9     9 13258   419
  25 2032.8166  947.1384    59     8     9 11554    -1
  26 1755.3840  947.5083    63     9     9 13397   425
  27 2010.2996  949.2465    60     9     9 11647   384
  28 1731.2207  949.6035    63     9     9 13370   429
  29 1987.7145  951.3475    59     8     9 11639    -1
  30 1706.9926  951.7071    61     8     9 13560   423
  31 1964.9974  953.4884    57     8     9 11629   401
  32 1682.5649  953.8168    67     9    10 13812   428
  33 1942.1696  955.6023    58     8     9 11723   403
  34 1657.9979  955.9696    65     8    10 13677   422
  35 1919.2033  957.7380    59     8     9 11773   406
  36 1633.2945  958.1416    65     9    10 13909   426
  37 1896.1066  959.8624    58     8     9 11805   393
  38 1608.4120  960.2221    65     9     9 12956   434
  39 1872.8888  961.9730    57     8     9 11714   397
  40 1583.5645  962.3822    65     9     9 13045   444
  41 1849.5031  964.0803    62     9     9 11937   394
  42 1558.6054  964.6198    65     9     9 13465   448
  43 1826.0300  966.1622    59     8     9 12004   404
  44 1533.4268  966.7440    60     9     9 10947   452
  45 2075.5908  967.1128    53     8     8  8143   421
  46 1802.3654  968.4007    62     9     9 12422   414
  47 2053.5348  969.2744    59     9     9 11464   304
  48 1508.3270  969.3521    55     8     8  7888   458
  49 1778.6204  970.5324    61     9     9 12528   405
  50 2031.2105  971.4499    58     8     9 11467   340
  51 1754.7467  972.7036    62     9     9 12608   408
  52 2008.7645  973.6467    58     8     9 11449   324
  53 1730.6834  974.8627    62     9     9 12570   418
  54 1986.2504  975.8321    56     8     9 11258   314
  55 1706.4566  977.0558    65     9    10 12879   415
  56 1963.5972  977.9670    56     9     8 11115   336
  57 1682.0987  979.2042    61     8     9 12952   413
  58 1940.8350  980.0715    57     8     9 11294   351
  59 1657.7129  981.3931    63     9     9 13235   398
  60 1917.9457  982.2401    59     8     9 11570   371
  61 1633.0664  983.5951    63     8     9 13344   411
  62 1894.9267  984.4457    58     8     9 11697   464
  63 1608.3501  985.7685    65     9     9 13454   432
  64 1871.7668  986.6619    59     8     9 11810    -1
  65 1583.5256  987.9764    66     9    10 13375   439
  66 1848.4637  988.8678    58     9     9 11597    -1
  67 1558.5596  990.2077    64     9     9 13301   436
  68 1825.0927  991.0173    56     8     8 11715   373
  69 2073.8793  991.1284    53     8     8  8062   402
  70 1533.4135  992.4942    64     9     9 13559   443
  71 1801.5232  993.2111    59     9     9 11951   382
  72 2051.8677  993.3400    59     8     9 11305   287
  73 1508.2244  994.7707    61     9     9 10206   456
  74 1777.8580  995.4348    60     8     9 12289   370
  75 2029.6021  995.6117    58     9     9 11225   293
  76 1754.0362  997.6855    60     8     9 12433   376
  77 2007.2418  997.8603    56     8     9 11096   294
  78 1730.0761  999.9156    58     8     9 12321   380
  79 1984.7760 1000.0170    55     8     8 11004   286
  80 1705.9851 1002.0878    58     8     9 12470   368
  81 1962.2348 1002.1596    55     8     9 11081    -1
  82 1681.7457 1004.3303    60     9     9 12759   358
  83 1939.5168 1004.4082    58     9     9 11297   320
  84 1657.2862 1006.5915    62     9     9 13044   363
  85 1916.6650 1006.7369    58     8     9 11313    -1
  86 1632.8841 1008.8154    63     9     9 13154   391
  87 1893.7208 1008.9576    54     8     8 11136   316
  88 1870.6892 1011.0863    55     8     9 11252   330
  89 1608.1379 1011.0873    63     9    10 13123   392
  90 1847.4735 1013.3467    58     9     9 11567   323
  91 1583.4366 1013.3761    65     9     9 13598   416
  92 2072.2196 1014.9857    51     8     8  7917   354
  93 1558.5388 1015.6214    65     9     9 13696   417
  94 1824.1485 1015.6614    57     8     9 11695   322
  95 2050.2371 1017.2046    58     8     9 11112   251
  96 1533.5084 1017.9275    68     9    10 13866   430
  97 1800.6729 1017.9599    58     9     9 11609   328
  98 2028.0395 1019.5436    55     8     9 10955   254
  99 1777.0890 1020.1314    57     8     9 11883   321
 100 1508.5055 1020.1752    63     9     9 10418   455
 101 2005.6953 1021.8807    55     8     9 10820   250
 102 1753.3120 1022.4362    60     9     9 12156   338
 103 1983.3692 1024.0471    53     8     8 10785   282
 104 1729.4299 1024.7667    58     9     9 12076   319
 105 1960.8442 1026.2798    55     8     9 10915    -1
 106 1705.4120 1027.0050    59     9     8 12113   305
 107 1938.2202 1028.6529    54     8     9 10923   240
 108 1681.2323 1029.2729    63     9     9 12710   325
 109 1915.4656 1030.9506    52     8     8 10778   265
 110 1656.9919 1031.6015    61     8     9 12871   347
 111 1892.5888 1033.1075    57     9     9 11103   301
 112 1632.5590 1033.8883    63     9     9 12903   350
 113 1869.5928 1035.4582    58     9     9 11336   281
 114 1608.0113 1036.1653    61     8     9 13015   362
 115 1846.4446 1037.8530    57     9     9 11274   273
 116 1583.3173 1038.5326    63     9     9 13387   389
 117 2070.4095 1038.8014    50     7     9  7729   292
 118 1823.2325 1040.0421    55     8     8 11374   263
 119 1558.5460 1040.8467    65     9     9 13503   388
 120 2048.5740 1041.0028    56     9     8 10823   174
 121 1799.8367 1042.3748    58     8     9 11717   248
 122 1533.5763 1043.2228    66     9     9 13923   395
 123 2026.4677 1043.2558    56     9     9 10829   229
 124 1776.2777 1044.7947    56     8     9 11647   244
 125 1508.6778 1045.5408    64     9     9 10600   453
 126 2004.2182 1045.6822    54     8     9 10741   199
 127 1752.6703 1047.0422    55     9     8 11533   279
 128 1981.8857 1047.9937    55     8     8 10808   187
 129 1728.8857 1049.3604    58     8     9 12092   275
 130 1959.4701 1050.1956    55     8     9 10776   222
 131 1704.9471 1051.7581    60     8     9 12410   261
 132 1936.9112 1052.6483    55     8     9 10863   208
 133 1680.8885 1054.0423    58     9     9 12225   291
 134 1914.2519 1054.9554    54     8     8 10922   241
 135 1656.6759 1056.3846    62     9     9 12742   318
 136 1891.4341 1057.1990    55     8     9 10955   236
 137 1632.2588 1058.7908    62     9     9 12703   310
 138 1868.4940 1059.6919    57     9     9 11125   219
 139 1607.8921 1061.0976    60     9     9 12724   343
 140 1845.4671 1061.9977    52     9     8 10894   200
 141 2068.7438 1062.1614    51     8     8  7742   288
 142 1583.2219 1063.5221    63     9     9 13276   348
 143 1822.2852 1064.2807    56     8     9 11268   193
 144 2046.9351 1064.5957    55     8     9 10679   150
 145 1558.5288 1065.8819    65     9     9 13430   361
 146 1798.9687 1066.7652    57     8     9 11489   180
 147 2024.8664 1066.9736    55     8     8 10715   162
 148 1533.6501 1068.2936    68     9     9 13960   360
 149 1775.5332 1069.0665    56     9     8 11372   203
 150 2002.7303 1069.2475    56     8     9 10700   163
 151 1508.8046 1070.6736    65     9     9 10680   451
 152 1751.9817 1071.4670    56     8     9 11748   207
 153 1980.4590 1071.7670    54     8     9 10558   154
 154 1728.2449 1073.9130    56     8     9 11730   197
 155 1958.1128 1074.0552    55     8     8 10774   169
 156 1704.3311 1076.2373    60     9     9 12249   224
 157 1935.6072 1076.4165    54     8     9 10627   164
 158 1680.3556 1078.7065    60     9     9 12289   201
 159 1912.9946 1078.8742    54     8     8 10751   152
 160 1656.2316 1081.0188    59     9     8 12238   243
 161 1890.3202 1081.1402    53     8     8 10768   143
 162 1632.0293 1083.4580    61     8     9 12673   276
 163 1867.4168 1083.6561    55     8     9 10907   141
 164 2067.0580 1085.6197    52     8     9  7663   221
 165 1607.6642 1085.8891    63     9     9 12888   274
 166 1844.4689 1086.0179    50     8     8 10727   131
 167 2045.3215 1087.9984    54     8     8 10681   129
 168 1583.1154 1088.2785    63     9     9 13126   278
 169 1821.3562 1088.4198    57     8     9 11140   122
 170 2023.3403 1090.3646    57     8     9 10691   137
 171 1558.5194 1090.7389    65     9     9 13509   302
 172 1798.1384 1090.8993    56     8     8 11353   106
 173 2001.2313 1092.8661    53     8     8 10557   110
 174 1533.7430 1093.1631    65     9     9 13602   337
 175 1774.7836 1093.2311    56     8     9 11345   138
 176 1979.0469 1095.1994    54     8     8 10488   117
 177 1508.9864 1095.6196    64     9     9 10601   427
 178 1751.2687 1095.8118    56     8     9 11500   139
 179 1956.7066 1097.7569    52     8     9 10397   105
 180 1727.6870 1098.1026    57     9     9 11586   177
 181 1934.3712 1100.0737    51     8     8 10516   123
 182 1703.9149 1100.6339    59     8     9 12051   165
 183 1911.7695 1102.5604    55     8     9 10595   118
 184 1679.9889 1103.0385    56     8     8 12043   188
 185 1889.1417 1104.9818    55     8     8 10886   104
 186 1655.9455 1105.5091    58     8     9 12277   195
 187 1866.3647 1107.3990    57     8     9 10891   100
 188 1631.8473 1107.9952    59     9     8 12304   216
 189 2065.3578 1108.8312    48     7     8  7469   223
 190 1843.4539 1109.9547    51     8     8 10678    69
 191 1607.4730 1110.4240    63     9     9 12953   234
 192 2043.7050 1111.1780    54     8     8 10547    99
 193 1820.4322 1112.2990    55     8     9 10941    86
 194 1583.0416 1112.9525    57     8     9 12523   237
 195 2021.7593 1113.7902    54     8     9 10478    83
 196 1797.2771 1114.8923    53     8     8 11112    39
 197 1558.5194 1115.4069    64     9     9 13509   252
 198 1999.7465 1116.1331    53     8     8 10489    82
 199 1774.0170 1117.2862    54     8     9 11267    59
 200 1533.8423 1117.8925    64     9     9 13451   262
 201 1977.6076 1118.7252    54     8     9 10374    63
 202 1750.5826 1119.9107    56     9     8 11300    50
 203 1509.1161 1120.3431    61     8     9 10226   381
 204 1955.4248 1121.0863    51     8     8 10433    75
 205 1727.0653 1122.2593    56     8     9 11596   103
 206 1933.0524 1123.6555    53     8     9 10491    52
 207 1703.3162 1124.8935    59     9     9 11788    80
 208 1910.5707 1126.0618    50     8     8 10405    58
 209 1679.5529 1127.2383    59     9     9 12020   156
 210 1887.9929 1128.6216    53     8     9 10597    32
 211 1655.5586 1129.8526    60     9     9 12216   142
 212 1865.3377 1131.0563    52     8     8 10728    27
 213 2063.6094 1131.9003    51     8     8  7521   212
 214 1631.5199 1132.2630    60     9     9 12444   179
 215 1842.4474 1133.6453    54     8     9 10684    28
 216 2042.0949 1134.2855    54     8     9 10458    98
 217 1607.2301 1134.8732    62     9     9 12573   172
 218 1819.5509 1136.0434    51     9     8 10389    43
 219 2020.2441 1136.8716    53     8     8 10519    88
 220 1582.9814 1137.3175    62     8     9 12848   206
 221 1796.4265 1138.6820    56     8     9 10482    25
 222 1998.2938 1139.3098    53     8     9 10321    70
 223 1558.5025 1139.8986    64     9     9 13127   190
 224 1773.2614 1141.1384    54     8     8 10897    45
 225 1976.2625 1141.9108    53     8     8 10485    48
 226 1533.9015 1142.4055    64     9     9 13438   189
 227 1749.9202 1143.8016    55     8     9 11396    31
 228 1954.0742 1144.3855    53     8     9 10350    42
 229 1509.2286 1144.9737    61     9     8 10020   290
 230 1726.4622 1146.2047    58     9     9 11478    61
 231 1931.7511 1146.9788    53     8     8 10516    21
 232 1702.8750 1148.8838    56     8     9 11712    68
 233 1909.3977 1149.4659    53     8     9 10365    18
 234 1796.0632 1150.4823    68     8     9 14024     0
 235 1679.0788 1151.3470    60     8     9 12024    89
 236 1886.8376 1152.0385    54     8     8 10731     2
 237 1655.1878 1153.9568    57     9     8 11965    96
 238 1864.2443 1154.6091    53     8     9 10616    10
 239 2062.0215 1154.7305    50     8     8  7397   210
 240 1631.1927 1156.4999    61     9     9 12424   111
 241 1841.4964 1157.0867    52     9     8 10626    12
 242 2040.5005 1157.1887    56     9     8 10545    91
 243 1607.0766 1159.0253    56     8     8 12253   120
 244 1818.6144 1159.8029    52     8     9 10194     4
 245 2018.6886 1159.8932    52     8     8 10352   101
 246 1805.7341 1161.0130    33     7     7  6391   168
 247 1582.9091 1161.6460    63     9     9 12904   127
 248 1795.6216 1162.2465    53     8     8 10215    24
 249 1996.8452 1162.3454    53     8     9 10284    90
 250 1558.5131 1164.1935    63     9     9 13085   144
 251 1772.4689 1164.9633    54     9     8 10745     1
 252 1974.8136 1164.9871    54     8     8 10489    64
 253 1533.9801 1166.8284    64    10     9 13202   132
 254 1749.2309 1167.4891    57     8     9 11318    20
 255 1952.7265 1167.5652    53     8     9 10212    35
 256 1509.4955 1169.3626    64     9     9 10466   258
 257 1725.8728 1170.0661    56     8     8 11510    19
 258 1930.5368 1170.0848    50     9     8 10263    30
 259 1908.2091 1172.7547    51     8     8 10358    15
 260 1702.2915 1172.7576    59     9     9 11711    29
 261 1678.7361 1175.1890    59     9     9 11821    65
 262 1885.7548 1175.2437    52     8     8 10442    11
 263 2060.3767 1177.4022    48     7     9  7194   218
 264 1863.2398 1177.9082    53     8     8 10712     6
 265 1654.9383 1177.9228    56     8     8 11948    60
 266 2038.8948 1180.0408    56     8     8 10640    97
 267 1630.9918 1180.4650    60     8     9 12254    79
 268 1840.5217 1180.5168    55     9     9 10546     8
 269 2017.1913 1182.7003    53     8     9 10309   121
 270 1606.9804 1183.0533    56     8     8 12219   115
 271 1817.7081 1183.1215    53     8     8 10632    13
 272 1995.3905 1185.2084    51     8     8 10184    67
 273 1582.8319 1185.7415    63     9     9 12817   128
 274 1794.7856 1185.8546    53     8     8 10780     9
 275 1973.4643 1187.9205    51     9     8 10248    51
 276 1558.5203 1188.3214    64     9     9 13174   147
 277 1771.7980 1188.3552    56     8     9 11048    23
 278 1951.4353 1190.4999    53     8     9 10227    49
 279 1534.0551 1190.9907    59     9     9 12704   149
 280 1748.5946 1191.0417    54     9     8 11096    38
 281 1929.3265 1193.1042    52     8     8 10404    34
 282 1509.6407 1193.5984    64     9     9 10388   255
 283 1725.2433 1193.7863    56     8     9 11274    26
 284 1907.0302 1195.7978    53     8     8 10458     7
 285 1701.9075 1196.2815    55     8     9 11460    74
 286 1884.6373 1198.3902    54     8     9 10377     5
 287 1678.2586 1198.9909    57     9     8 11689    77
 288 2058.6742 1200.0380    49     8     8  7324   192
 289 1862.2051 1201.0495    54     8     8 10753    14
 290 1654.5702 1201.7006    60     9     9 12025    78
 291 2037.3244 1202.7058    56     8     9 10458   124
 292 1839.5504 1203.8096    53     9     8 10467     3
 293 1630.8109 1204.2338    59     9     9 12091   135
 294 2015.7212 1205.2700    53     8     8 10289    93
 295 1816.8431 1206.3513    54     8     9 10695    16
 296 1606.8511 1206.9885    60     9     8 12319   130
 297 1993.9412 1207.9971    55     8     8 10485    85
 298 1793.9951 1209.0744    56     8     8 11098    33
 299 1582.7482 1209.6532    62     9     9 12688   140
 300 1972.1013 1210.6724    53     8     9 10264    57
 301 1771.0498 1211.8010    53     8     8 11013    41
 302 1558.5397 1212.2697    62     9     9 12927   167
 303 1950.1298 1213.2912    52     8     8 10231    37
 304 1747.9449 1214.4543    55     8     9 11134    47
 305 1534.1474 1215.0017    62     9     9 12865   161
 306 1928.0618 1216.0032    55     8     8 10554    46
 307 1724.7372 1217.1129    54     9     8 11184    92
 308 1509.8761 1217.6858    62     9     9  9989   298
 309 1905.8524 1218.7081    53     8     9 10280    22
 310 1701.3136 1219.9158    55     9     8 11381    72
 311 1883.5540 1221.3326    54     9     9 10280    17
 312 2057.1204 1222.4087    49     8     8  7171   227
 313 1677.9088 1222.5363    58     8     9 11698   102
 314 1861.1739 1224.0504    54     8     8 10700    44
 315 2035.7752 1225.1160    53     8     8 10426    95
 316 1654.1981 1225.1909    58     9     9 11832   119
 317 1838.5878 1226.8449    51     8     8 10373    40
 318 2014.2370 1227.8618    53     8     8 10391   113
 319 1630.4819 1227.9711    59     9     8 11978   126
 320 1815.9626 1229.4911    54     8     9 10640    36
 321 1992.5274 1230.5494    55     9     9 10259    84
 322 1606.6497 1230.7048    62     9     9 12466   157
 323 1793.2080 1232.1880    53     8     8 10797    53
 324 1970.7438 1233.2282    52     8     8 10238    73
 325 1582.6854 1233.3231    62     9     9 12604   171
 326 1770.3067 1234.9758    54     8     8 11015    56
 327 1948.7964 1236.0100    53     8     8 10386    55
 328 1558.5296 1236.0729    62     9     8 12685   184
 329 1747.2313 1237.8049    55     8     9 11135    54
 330 1926.8152 1238.7316    52     8     8 10207    87
 331 1534.2395 1238.8642    63     9     9 12930   185
 332 1724.1095 1240.4468    56     8     9 11204   108
 333 1904.6904 1241.4216    55     8     9 10303    66
 334 1510.0445 1241.5626    60     9     9  9680   364
 335 1700.8879 1243.1560    55     8     8 11409   114
 336 1882.4704 1244.1280    52     9     8 10304    62
 337 2055.4405 1244.7232    47     7     8  7005   215
 338 1677.4195 1245.9688    56     9     8 11466   146
 339 1860.1499 1246.9143    55     8     8 10677    81
 340 2034.2344 1247.4411    56     8     9 10369   112
 341 1653.9458 1248.7242    59     8     9 11777   153
 342 1837.6460 1249.7243    51     8     8 10242    71
 343 2012.7434 1250.1776    53     8     8 10326   145
 344 1630.1896 1251.4253    61     9     9 12043   170
 345 1815.0827 1252.4288    52     8     9 10481    76
 346 1991.1384 1252.9647    55     8     8 10466   116
 347 1606.4606 1254.1207    60     9     9 12167   183
 348 1792.3914 1255.1645    53     9     8 10653    94
 349 1969.3860 1255.7563    53     8     8 10168   133
 350 1582.5462 1256.9668    59     9     8 12240   214
 351 1769.5714 1258.0170    54     9     8 10878   109
 352 1947.5525 1258.4867    55     9     9 10200   107
 353 1558.5032 1259.7590    62     9     9 12750   213
 354 1746.6377 1260.8830    55     9     8 10988   125
 355 1925.6109 1261.2265    53     8     8 10216   134
 356 1534.3499 1262.4820    64     9     9 13111   238
 357 1723.5578 1263.6055    58     9     9 11138   159
 358 1903.5396 1264.0258    52     9     8 10335   136
 359 1510.1562 1265.1583    60     9     9  9547   335
 360 1700.3324 1266.3485    59     9     9 11375   160
 361 2053.8722 1266.8313    50     8     8  7212   454
 362 1881.3791 1266.8377    53     8     8 10343   155
 363 1677.0369 1269.1289    56     8     8 11603   186
 364 1859.1221 1269.6219    53     8     9 10379   151
 365 2032.7184 1269.6467    58     9     9 10528   158
 366 1653.5656 1271.9832    59     9     8 11736   196
 367 1836.7358 1272.3778    55     8     9 10467   148
 368 2011.2590 1272.4065    56     8     9 10326   176
 369 1630.0124 1274.8092    57     8     9 11813   226
 370 1989.7266 1275.1893    53     8     8 10317   175
 371 1814.2168 1275.2190    53     8     8 10571   173
 372 1606.2375 1277.5800    60     9     9 12086   230
 373 1968.0693 1278.0254    55     8     8 10473   181
 374 1791.5899 1278.0403    54     9     8 10744   166
 375 1582.4740 1280.2997    62     9     9 12464   257
 376 1946.2983 1280.8430    53     8     8 10305   198
 377 1768.8568 1280.9153    54     8     8 10935   178
 378 1558.5338 1283.1193    63     9     9 12613   260
 379 1924.3871 1283.6867    54     9     8 10200   191
 380 1746.0182 1283.7444    53     8     8 10926   182
 381 1534.4114 1285.9876    62     9     8 12779   272
 382 1902.3989 1286.4674    54     8     9 10178   204
 383 1723.0242 1286.5773    55     8     9 11041   194
 384 2052.3208 1288.7930    49     8     8  7132   445
 385 1510.3196 1288.8576    60     9     9  9474   447
 386 1880.3115 1289.2892    52     8     8 10187   202
 387 1699.9268 1289.3445    55     8     9 11183   211
 388 2031.1571 1291.6722    55     8     9 10367   209
 389 1858.1247 1292.1510    54     8     8 10539   217
 390 1676.6902 1292.1640    57     9     8 11359   232
 391 2009.8397 1294.4784    57     8     9 10339   225
 392 1835.7639 1295.0273    53     8     8 10567   205
 393 1653.2183 1295.0382    57     9     8 11630   249
 394 1988.3264 1297.2982    56     9     8 10288   228
 395 1813.3484 1297.8838    53     8     8 10604   220
 396 1629.8021 1297.9349    60     9     8 11936   268
 397 1966.7326 1300.1628    53     8     8 10316   231
 398 1790.8178 1300.7518    53     8     8 10589   235
 399 1606.0855 1300.8067    58     9     9 11841   271
 400 1945.0292 1303.0399    56     8     8 10513   233
 401 1582.3477 1303.6401    62     9     9 12301   295
 402 1768.1414 1303.6460    55     8     9 10784   239
 403 1923.2402 1305.8911    53     8     8 10360   259
 404 1558.5373 1306.4324    63     9     9 12635   299
 405 1745.3363 1306.5147    57     9     9 10869   246
 406 1901.2872 1308.7745    52     8     8 10250   247
 407 1534.5362 1309.2572    62     9     9 12786   344
 408 1722.4541 1309.3504    59     9     9 11069   242
 409 2050.6624 1310.6376    49     8     8  6970   378
 410 1879.2421 1311.6708    53     8     9 10285   256
 411 1510.5422 1312.0996    59     9     8  9413   459
 412 1699.4182 1312.2013    58     9     8 11286   245
 413 2029.6703 1313.5410    58     9     9 10468   267
 414 1857.1117 1314.5274    53     8     9 10306   253
 415 1676.2142 1315.1060    55     9     8 11356   264
 416 2008.3545 1316.4096    58     9     9 10433   266
 417 1834.8889 1317.4118    54     8     9 10411   270
 418 1652.9657 1318.0099    56     8     8 11645   277
 419 1986.9541 1319.2925    53     8     8 10207   280
 420 1812.5060 1320.2965    55     9     8 10471   269
 421 1629.5156 1320.9390    58     9     8 11792   297
 422 1965.4147 1322.1649    56     9     8 10349   284
 423 1790.0354 1323.2480    53     8     8 10682   285
 424 1606.0105 1323.8415    57     8     9 11842   315
 425 1943.7515 1325.0970    53     8     8 10344   289
 426 1767.4604 1326.1364    55     9     8 10745   296
 427 1582.2790 1326.7312    60     9     9 12118   332
 428 1922.0123 1328.0248    56     8     8 10534   283
 429 1744.7483 1329.1024    54     9     8 10932   306
 430 1558.5516 1329.5925    64     9     9 12694   367
 431 1900.1998 1330.9161    54     8     8 10398   308
 432 1721.9170 1332.0391    56     8     8 11212   312
 433 2049.1387 1332.2407    48     8     8  6480   433
 434 1534.6332 1332.4459    64     9     9 12835   446
 435 1878.2176 1333.8338    53     8     8 10367   309
 436 1698.9610 1334.9681    56     8     8 11370   313
 437 2028.1201 1335.1426    53     8     8  9465   307
 438 1510.7528 1335.2875    60     9     9  9504   467
 439 1856.1503 1336.7673    53     8     8 10431   311
 440 1675.8951 1337.9088    56     8     8 11412   346
 441 2006.8697 1338.0825    55     8     8  9854   326
 442 1833.9651 1339.7128    53     8     8 10465   339
 443 1652.6421 1340.8694    59     9     8 11682   345
 444 1985.5396 1341.0412    55     9     8 10173   317
 445 1811.6703 1342.6894    56     9     9 10467   327
 446 1629.2361 1343.7856    59     9     9 11702   352
 447 1964.0682 1344.0509    56     8     8 10771   300
 448 1789.2292 1345.6726    55     8     9 10616   333
 449 2033.3165 1346.0413     5     3     3   359   475
 450 1605.8836 1346.6650    62     9     9 12067   359
 451 1942.5065 1347.0213    55     9     8 11020   303
 452 1766.7895 1348.6141    56     9     9 10689   349
 453 1582.2128 1349.6182    60     9     9 12038   366
 454 1920.7591 1349.9336    54     8     8 10798   331
 455 1744.0971 1351.5999    55     8     9 10867   357
 456 1558.5688 1352.5229    64     9     9 12608   412
 457 1899.0277 1352.9434    56     8     8 11176   329
 458 1721.3077 1354.5719    58     9     9 11074   356
 459 1534.7348 1355.4368    65     9     9 12727   466
 460 1877.1414 1355.9026    55     8     8 11156   341
 461 1698.4477 1357.5181    59     9     9 11179   353
 462 1510.9387 1358.3283    58     9     9  9143   468
 463 1855.1434 1358.8714    55     8     8 11243   342
 464 1675.4472 1360.4736    61     9     9 11437   365
 465 1833.0371 1361.8696    56     8     8 11367   334
 466 1652.2736 1363.4511    60     9     9 11576   375
 467 1810.7982 1364.8888    55     9     8 11254   355
 468 1629.0390 1366.4033    59     8     9 11629   387
 469 1788.4357 1367.9122    56     9     8 11364   374
 470 1605.7415 1369.3344    61     9     9 11961   385
 471 1766.0422 1370.9064    56     8     8 11624   372
 472 1582.1623 1372.3297    62     9     9 12159   390
 473 1743.4384 1373.9306    56     9     8 11552   377
 474 1558.5905 1375.2835    63     9     9 12439   407
 475 1968.3438 1375.7344     6     3     3   428    -1
 476 1950.8676 1375.7694    32     7     6  5000   470
 477 1720.8226 1376.9570    57     9     8 11848   369
 478 1534.8215 1378.2620    65     9     9 12572   457
 479 1697.9945 1379.9603    56     8     8 11962   379
 480 1511.0997 1381.1926    57     8     9  8965   469
 481 1675.0430 1382.9640    56     8     8 12081   386
 482 1652.0066 1385.9718    56     8     8 12167   396
 483 1628.8521 1388.9897    60     9     8 12497   400
 484 1605.5071 1391.9749    62     9     8 12696   410
 485 1582.0881 1394.9265    57     9     8 12157   431
 486 1558.5792 1397.8966    62     9     8 12268   440
 487 1534.8877 1400.8826    62     9     9 12041   449
 488 1511.2152 1403.8491    57     9     8  8647   460
 489 1630.4201 1419.6292    38     7     7  5653   471
 490 1600.4910 1426.9144     6     3     3   411    -1
 491 1579.5721 1435.5234    19     6     5  1463   462
