487
   0 2268.5455  986.5139    66     9    10  6971   444
   1 2063.4681 1012.4362     8     2     7   494    -1
   2 2397.9729 1016.2040    90    10    12  8196   427
   3 2370.6356 1019.0639   103    11    12 11743   396
   4 2342.8324 1021.9825   106    12    12 12748   390
   5 1828.8451 1024.8994    16     8     8  1481    -1
   6 2314.8578 1024.9334   109    12    12 13742   382
   7 2286.7456 1027.8764   110    12    12 14648   378
   8 1833.4818 1028.3718    12     4     4  1536   448
   9 2258.4429 1030.8203   108    11    12 15260   374
  10 2229.9256 1033.7816   114    12    12 16339   370
  11 2201.1900 1036.7529   113    12    12 17138   367
  12 2172.2123 1039.7596   113    12    12 17851   358
  13 2143.0536 1042.7622   116    12    12 18640   351
  14 2113.6624 1045.7734   119    12    12 19425   349
  15 2394.3394 1046.9995    90    11    12  8392   407
  16 2084.0770 1048.7963   118    12    12 19842   353
  17 2367.1055 1049.9470   103    11    12 12166   375
  18 2054.2465 1051.8422   119    12    12 20101   354
  19 2339.4228 1052.9760   105    11    12 13233   365
  20 2024.2064 1054.8973   119    12    12 20330   361
  21 2311.5458 1056.0177   107    11    12 14249   355
  22 1993.9535 1057.9539   122    12    12 20681   363
  23 2283.5320 1059.0723   108    11    12 15162   350
  24 1963.4478 1061.0092   121    13    12 20703   366
  25 2255.3340 1062.1184   110    12    12 16040   346
  26 1932.7462 1064.0657   121    12    12 20671   368
  27 2226.9032 1065.1965   113    12    12 17109   338
  28 1901.7920 1067.1295   120    12    12 20490   371
  29 2198.2988 1068.2430   114    12    12 18040   331
  30 1870.5991 1070.2318   127    13    13 20606   380
  31 2169.4644 1071.3137   112    12    12 18677   327
  32 1839.1939 1073.3736   124    12    13 20578   384
  33 2140.4180 1074.3882   115    13    12 19439   322
  34 1807.5106 1076.4771   128    13    13 19689   392
  35 2111.1494 1077.4759   116    12    13 20099   320
  36 2390.7277 1077.5165    88    10    11  8761   391
  37 1775.7209 1079.6323   125    13    13 20236   395
  38 2081.6762 1080.5448   116    12    13 20406   321
  39 2363.5740 1080.5612   100    11    11 12631   339
  40 1743.7827 1082.8311   124    13    12 21850   398
  41 2336.0071 1083.6183   104    12    11 13779   333
  42 2051.9992 1083.7287   118    12    12 20982   319
  43 1711.4504 1086.0149   124    13    12 21979   402
  44 2308.2677 1086.7359   106    12    12 14790   323
  45 2022.0748 1086.8653   120    12    12 21340   326
  46 1679.3778 1089.2889   118    12    13 18081   434
  47 2280.3695 1089.8716   106    11    12 15661   314
  48 1991.9500 1090.0190   122    12    12 21704   328
  49 2252.2538 1093.0421   110    12    12 16748   305
  50 1961.6107 1093.1552   120    13    12 21630   335
  51 2223.9114 1096.2298   113    12    12 17885   298
  52 1931.0051 1096.3259   121    12    13 21573   336
  53 2195.4259 1099.3595   110    12    12 18600   289
  54 1900.1626 1099.5086   122    12    13 21360   341
  55 2166.7014 1102.4869   110    12    12 19413   283
  56 1869.1368 1102.7389   123    12    13 21134   345
  57 2137.7837 1105.6359   116    12    12 20395   274
  58 1837.9055 1105.9399   124    12    12 21141   357
  59 2387.1232 1107.7410    88    10    11  9073   364
  60 2108.6428 1108.8495   114    12    12 20984   275
  61 1806.4333 1109.1298   123    13    12 21105   360
  62 2360.1035 1110.8392   102    12    12 13145   301
  63 2079.2885 1112.0650   117    12    12 21674   281
  64 1774.7845 1112.3789   127    13    13 21185   376
  65 2332.6036 1114.0612   104    11    12 14247   291
  66 2049.7325 1115.2969   117    12    12 21857   280
  67 1742.8534 1115.6751   125    13    13 21028   381
  68 2304.9613 1117.3074   106    12    12 15271   268
  69 2019.9508 1118.5256   116    12    13 21951   279
  70 1710.6796 1118.9566   125    13    12 21115   393
  71 2277.1857 1120.4856   106    12    11 16269   260
  72 1989.9604 1121.7707   118    12    12 22394   286
  73 1678.6438 1122.1838   121    13    12 16692   419
  74 2249.1846 1123.6450   108    12    12 17268   254
  75 1959.7491 1125.0173   119    12    12 22567   288
  76 2220.9872 1126.9122   111    12    12 18443   247
  77 1929.2772 1128.2733   119    13    12 22345   295
  78 2192.5699 1130.1975   110    12    12 19392   240
  79 1898.6108 1131.5449   125    13    13 22294   307
  80 2163.9721 1133.4369   113    12    12 20389   230
  81 1867.6959 1134.8497   122    13    12 21945   309
  82 2135.1899 1136.6448   112    12    12 20988   225
  83 2383.5836 1137.7045    88    10    11  9378   324
  84 1836.5967 1138.1270   122    13    12 21688   313
  85 2106.1616 1139.9422   115    12    12 21875   229
  86 2356.6347 1140.9046   100    11    12 13500   245
  87 1805.2418 1141.4549   124    13    13 21488   318
  88 2076.9197 1143.2748   116    12    12 22370   221
  89 2329.2689 1144.2241   101    11    12 14514   226
  90 1773.7271 1144.8218   123    13    12 21124   330
  91 2047.5002 1146.5592   117    13    13 22508   233
  92 2301.6947 1147.5012   104    12    11 15713   218
  93 1741.9576 1148.1500   122    12    12 20536   347
  94 2017.8463 1149.8855   117    12    12 22992   232
  95 2274.0355 1150.7426   108    12    12 16792   207
  96 1709.9405 1151.5407   123    12    13 20031   362
  97 1987.9659 1153.2299   118    12    12 23197   228
  98 2246.1436 1154.0850   111    12    12 17924   198
  99 1678.0353 1154.8830   119    12    12 16106   400
 100 1957.8878 1156.5629   119    12    13 23108   241
 101 2218.0637 1157.4352   109    12    11 18944   190
 102 1927.5816 1159.9109   120    13    12 23155   234
 103 2189.7747 1160.6714   110    12    12 19860   191
 104 1897.0073 1163.2749   119    12    12 22755   244
 105 2161.3097 1164.0660   115    12    12 20488   178
 106 1866.2222 1166.6616   122    13    13 22390   246
 107 2380.0484 1167.3806    89    10    11  9636   296
 108 2132.5667 1167.4277   108    12    12 20653   176
 109 1835.2688 1170.0562   122    13    12 22401   256
 110 2353.2051 1170.6780   101    11    11 13947   200
 111 2103.6948 1170.7509   115    12    12 22294   180
 112 1804.0725 1173.4483   121    12    13 21800   264
 113 2325.9342 1174.0587   107    12    12 15153   177
 114 2074.5811 1174.1856   114    12    12 22739   165
 115 1772.6860 1176.8940   122    13    12 21391   282
 116 2298.4837 1177.4406   101    11    11 15951   160
 117 2045.2736 1177.5573   112    12    12 22854   172
 118 1741.0700 1180.3169   122    12    13 20559   300
 119 2270.9014 1180.7736   106    12    12 17063   157
 120 2015.7492 1180.9542   115    12    12 23435   163
 121 1709.1779 1183.8049   123    13    12 19960   312
 122 2243.1254 1184.2148   107    12    12 18170   142
 123 1985.9983 1184.4035   115    12    12 23535   166
 124 1677.4458 1187.1983   118    12    12 15729   387
 125 2215.1246 1187.5703   107    12    11 19257   137
 126 1956.0469 1187.8006   118    12    12 23718   164
 127 2186.9739 1190.9945   110    12    12 20169   132
 128 1925.8515 1191.2825   117    12    12 23473   173
 129 2158.5815 1194.4353   110    12    12 20669   126
 130 1895.4212 1194.7025   118    13    12 23157   186
 131 2376.5424 1196.8901    87    11    11  9584   266
 132 2130.0109 1197.8351   109    12    12 21292   120
 133 1864.8034 1198.1801   119    12    12 22964   187
 134 2349.7883 1200.2217    99    11    11 13872   185
 135 2101.2355 1201.3426   112    12    12 22350   107
 136 1833.9721 1201.6502   119    12    13 22551   196
 137 2322.6285 1203.6503    99    11    11 14994   153
 138 2072.2546 1204.7286   111    12    12 22780   119
 139 1802.9128 1205.1461   120    12    12 22384   201
 140 2295.2877 1207.1140   100    11    12 15941   130
 141 2043.0457 1208.2827   113    12    12 23171   112
 142 1771.6702 1208.6797   122    13    13 21716   219
 143 2267.7944 1210.5731   103    12    11 17209   103
 144 2013.6692 1211.7294   117    12    12 23612   109
 145 1740.1761 1212.1946   121    12    12 20924   235
 146 2240.1358 1214.0339   108    12    12 18389    96
 147 1984.0391 1215.2911   115    12    12 23748   105
 148 1708.4473 1215.7493   124    13    12 20153   248
 149 2212.2686 1217.5028   105    12    11 19421    86
 150 1954.2068 1218.7629   115    12    12 23822   104
 151 1676.8277 1219.2320   116    13    12 15706   340
 152 2184.1997 1220.9940   111    12    12 20490    83
 153 1924.1335 1222.3286   118    12    12 23883   106
 154 2155.9085 1224.5157   109    12    11 21324    73
 155 1893.8694 1225.8213   116    12    12 23622   123
 156 2373.0467 1226.0393    84    10    10  9435   252
 157 2127.4673 1228.0212   108    11    12 21697    74
 158 1863.3479 1229.3843   119    13    12 23298   116
 159 2346.3952 1229.4479    98    11    11 13823   156
 160 2098.7971 1231.5459   108    12    11 22158    67
 161 1832.6753 1232.9434   120    13    12 23114   129
 162 2319.3465 1233.0125    99    11    12 14768   133
 163 2069.9273 1235.1279   109    12    12 22416    63
 164 2292.0974 1236.5154   102    12    11 16127   111
 165 1801.7552 1236.5205   121    13    13 22614   144
 166 2040.8635 1238.6338   111    12    12 22772    69
 167 2264.7169 1240.0664   105    12    12 17188    91
 168 1770.6244 1240.1298   119    13    12 22053   143
 169 2011.5798 1242.2936   110    12    12 22899    56
 170 2237.1511 1243.6013   106    12    11 18400    77
 171 1739.2901 1243.7388   122    13    12 21239   161
 172 1982.1038 1245.8305   112    12    12 23367    60
 173 2209.3758 1247.1900   106    12    12 19263    58
 174 1707.7172 1247.3438   123    13    13 20318   189
 175 1952.3886 1249.4833   111    12    12 23372    53
 176 2181.4203 1250.7220   106    11    12 20213    49
 177 1676.2313 1250.9357   117    12    12 16033   271
 178 1922.4519 1253.0747   115    13    12 23737    54
 179 2153.2726 1254.3469   106    12    11 21011    41
 180 2369.5819 1254.9835    82    11    10  9227   237
 181 1892.3003 1256.6547   112    12    12 23381    62
 182 2124.9195 1257.9114   110    12    12 21694    38
 183 2343.0592 1258.4767    99    12    11 13568   134
 184 1861.9256 1260.3201   116    12    12 23305    64
 185 2096.3886 1261.5308   105    12    11 21753    32
 186 2316.0684 1262.0877   101    12    12 14650   115
 187 1831.3673 1263.9457   119    13    12 23103    59
 188 2067.6191 1265.1939   109    12    12 22094    29
 189 2288.9496 1265.6891   102    12    11 15836    94
 190 1800.5892 1267.6073   121    13    12 22645    70
 191 2038.6600 1268.7974   114    12    12 22736    27
 192 2261.6645 1269.3131   102    11    11 16842    79
 193 1769.6145 1271.3010   118    13    12 21969    82
 194 2009.5167 1272.5015   104    11    11 22402    23
 195 2234.1977 1272.9336   105    12    12 17931    52
 196 1738.4204 1275.0003   121    13    12 21391    97
 197 1980.1433 1276.1987   113    12    12 23143    12
 198 2206.5258 1276.5769   101    11    11 18848    50
 199 1706.9817 1278.6690   118    12    12 20192   122
 200 1950.5736 1279.8259   113    12    12 23299    22
 201 2178.6680 1280.2390   107    12    12 19990    34
 202 1675.6634 1282.3604   112    13    12 15630   243
 203 1920.7747 1283.5303   113    12    12 23396    24
 204 2366.1328 1283.6280    83    10    11  9033   213
 205 2150.6316 1283.8757   106    12    12 20578    28
 206 2339.7219 1287.2079    96    11    11 13184   136
 207 1890.7416 1287.2623   112    12    12 23258    15
 208 2122.4200 1287.5462   105    12    11 21142    21
 209 2312.8395 1290.8924    97    12    11 14229    98
 210 1860.5146 1290.9258   117    13    12 23205    20
 211 2093.9784 1291.2912   108    12    12 21643     9
 212 2285.8211 1294.5857   100    12    11 15338    88
 213 1830.0778 1294.6538   115    12    12 22718    30
 214 2065.4050 1294.9517   105    11    12 21410     6
 215 2258.6364 1298.2874   100    11    11 16282    66
 216 1799.4284 1298.4124   118    13    12 22348    46
 217 2036.5348 1298.6209   101    11    11 20282     4
 218 2231.2887 1301.9998   103    12    12 17252    45
 219 1768.5877 1302.1798   117    13    12 21887    76
 220 2007.4279 1302.4762   104    12    11 21783     2
 221 2203.6875 1305.7137   101    12    11 18173    42
 222 1737.5359 1305.9276   120    13    12 21174   102
 223 1978.2354 1306.2464   111    12    12 22689     1
 224 2175.9611 1309.4266   102    12    11 19223    31
 225 1706.2527 1309.6941   118    12    12 20058   150
 226 1948.7885 1309.9706   114    12    12 23004     0
 227 2362.7156 1312.0513    80    10    10  8587   227
 228 2148.0524 1313.1795   107    12    12 20134    25
 229 1675.0393 1313.4657   111    12    11 15494   255
 230 2035.4509 1313.5264   127    13    13 23668     5
 231 1919.1139 1313.7298   113    12    12 23012     3
 232 2336.3860 1315.7489    95    11    11 12760   138
 233 2119.9131 1316.9267   107    12    12 20707    16
 234 1889.2117 1317.5115   111    12    11 22731     8
 235 2309.6532 1319.4633    96    11    11 13747   118
 236 2091.5962 1320.6910   103    12    12 20900    17
 237 1859.0924 1321.3105   114    12    12 22547    26
 238 2282.7232 1323.2206    98    11    11 14686    95
 239 2063.1559 1324.4833   105    12    11 20369    18
 240 1828.8092 1325.1174   115    12    12 22187    40
 241 2047.1139 1326.4752    70    11    10 12136    13
 242 2255.6367 1326.9958    97    11    12 15476    84
 243 2034.3255 1328.3495   101    11    11 19333    14
 244 1798.2842 1328.9061   116    12    12 21859    57
 245 2228.3789 1330.7886   100    11    11 16476    78
 246 2005.4208 1332.1615   109    12    12 21722    10
 247 1767.6049 1332.7224   117    13    12 21430    92
 248 2200.8945 1334.5841   102    12    11 17535    65
 249 1976.3390 1335.9708   112    12    12 22313     7
 250 1736.6725 1336.5902   117    13    12 20454   125
 251 2173.2910 1338.3653   102    12    11 18533    51
 252 1946.9986 1339.8066   110    12    12 22223    11
 253 2359.3613 1340.1878    78    10    10  8212   265
 254 1705.5250 1340.4535   117    13    13 19467   167
 255 2145.4421 1342.2074   102    11    12 19193    44
 256 1917.4661 1343.6301   109    12    12 22070    19
 257 2333.1075 1343.9799    90    11    10 11948   182
 258 1674.5196 1344.2871   112    12    12 15229   287
 259 2117.4486 1346.0331   103    11    12 19771    37
 260 1887.6778 1347.5148   109    12    11 21957    33
 261 2306.4584 1347.8334    95    11    11 13113   159
 262 2089.2551 1349.8896   108    12    12 20466    35
 263 1857.7029 1351.3982   111    12    12 21717    47
 264 2279.6372 1351.6576    97    11    11 14026   139
 265 2060.8249 1353.7895   106    12    12 20518    39
 266 1827.5427 1355.2758   115    13    12 21485    61
 267 2252.6494 1355.4840    97    11    11 14907   124
 268 2032.2650 1357.6376   108    12    11 20912    36
 269 1797.1563 1359.1474   113    12    12 21043    89
 270 2225.4816 1359.3181    99    11    11 15874   100
 271 2003.4468 1361.5345   103    11    11 20784    43
 272 1766.6055 1363.0489   117    13    12 20749   108
 273 2198.1542 1363.1983    99    12    11 16681    93
 274 1974.4545 1365.4631   104    12    11 21232    48
 275 1735.8177 1366.9627   116    12    12 19850   145
 276 2170.5862 1367.0845   103    11    12 17732    80
 277 2355.9865 1368.1704    76    10    10  7714   306
 278 1945.2427 1369.3912   107    12    11 21291    55
 279 1704.8124 1370.8713   116    12    12 18982   195
 280 2142.8582 1370.9798   104    12    12 18498    71
 281 2329.8714 1371.9962    88    11    10 11300   224
 282 1915.8142 1373.3137   109    12    12 21277    75
 283 1673.9049 1374.7163   109    12    12 14612   310
 284 2114.9867 1374.8752   106    12    12 19166    68
 285 2303.3039 1375.9087    94    11    11 12412   197
 286 1886.1779 1377.2435   110    12    12 21199    87
 287 2086.8852 1378.8112   107    12    12 19659    72
 288 2276.5760 1379.8190    95    11    11 13332   179
 289 1856.3240 1381.1851   113    12    12 20932   101
 290 2058.5946 1382.7548   103    11    12 19777    81
 291 2249.6945 1383.7264    96    11    11 14157   154
 292 1826.2838 1385.1234   113    12    12 20548   127
 293 2030.1605 1386.7136   107    12    12 20115    85
 294 2222.6092 1387.6522    98    11    11 15086   141
 295 1796.0432 1389.0840   114    12    12 20349   147
 296 2001.4590 1390.6923   103    11    12 19885    90
 297 2195.3949 1391.5767    98    11    11 15942   131
 298 1765.6157 1393.0723   113    12    12 19769   174
 299 1972.5579 1394.6744   104    12    12 20077    99
 300 2167.9527 1395.5136   100    12    11 16783   121
 301 2352.6610 1395.8839    76    10    10  7322    -1
 302 1734.9731 1397.0594   114    12    12 19077   210
 303 1943.4916 1398.6585   105    12    12 20184   114
 304 2140.3423 1399.4878   101    11    11 17562   113
 305 2326.6263 1399.7945    94    11    11 11067    -1
 306 1704.1086 1401.0535   115    12    12 18282   250
 307 1914.1848 1402.6641   108    12    12 20385   135
 308 2112.5499 1403.4622   101    11    11 18101   110
 309 2300.1793 1403.7699    89    11    11 11557    -1
 310 1673.3506 1404.9874   109    12    12 14122   348
 311 1884.6755 1406.6541   108    12    12 20232   152
 312 2084.5721 1407.4752   101    11    11 18454   117
 313 2273.5541 1407.7257    94    11    11 12600   294
 314 1854.9501 1410.6770   112    12    12 20094   171
 315 2056.3929 1411.4931   101    11    11 18846   128
 316 2246.7698 1411.7086    96    11    11 13439   202
 317 1825.0369 1414.7095   113    12    12 19728   194
 318 2028.0430 1415.5232   103    12    11 19168   140
 319 2219.7834 1415.7025    95    11    11 14182   193
 320 1794.9241 1418.7403   112    12    12 19435   215
 321 1999.4928 1419.5842   103    11    11 19104   149
 322 2192.6381 1419.7237    98    11    11 15126   175
 323 1764.6305 1422.7744   113    12    12 18972   242
 324 2349.3704 1423.3665    71     9    10  6659    -1
 325 1970.7014 1423.6532   104    12    11 18950   162
 326 2165.3169 1423.7297    97    11    11 15776   158
 327 1734.1227 1426.8595   111    12    12 18183   277
 328 2323.4420 1427.3017    89    11    11 10175    -1
 329 1941.7342 1427.7056   104    12    11 19155   183
 330 2137.7810 1427.7776    98    12    11 16482   148
 331 1703.3911 1430.9106   115    13    12 17537   299
 332 2297.0752 1431.3302    89    11    11 10891    -1
 333 1912.5840 1431.7688   106    12    12 19275   204
 334 2110.1459 1431.8113   102    12    11 17161   146
 335 1672.7709 1434.9269   105    11    12 13282   386
 336 2270.5670 1435.3803    93    11    11 11841   273
 337 1883.1846 1435.8426   108    12    12 19254   216
 338 2082.2795 1435.8877   102    12    12 17480   151
 339 2243.8671 1439.4378    93    11    11 12545   223
 340 1853.5840 1439.9143   111    12    12 19022   238
 341 2054.2110 1439.9747   105    12    12 17992   155
 342 2216.9934 1443.5043    94    12    11 13298   209
 343 1823.8052 1444.0184   109    12    12 18587   259
 344 2025.9568 1444.0891   106    12    12 18359   168
 345 2189.9307 1447.5865    97    12    11 14164   199
 346 1793.8173 1448.1250   110    12    12 18339   278
 347 1997.5271 1448.2192   100    11    11 17948   192
 348 2346.1153 1450.5651    70    10    10  6172    -1
 349 2162.6936 1451.6852    96    11    11 14780   184
 350 1763.5864 1452.2804   111    13    12 18090   304
 351 1968.8765 1452.3705   103    12    11 18049   208
 352 2320.2384 1454.6390    84    11    11  9300    -1
 353 2135.3086 1455.7925    97    11    11 15448   181
 354 1733.3030 1456.3860   109    12    11 17287   317
 355 1940.0276 1456.4997   105    12    11 18293   222
 356 2294.0132 1458.7243    85    10    11 10006    -1
 357 2107.7087 1459.9077    96    11    11 15874   170
 358 1702.6541 1460.5129   108    12    11 16416   342
 359 1910.9650 1460.6222   106    12    11 18284   253
 360 2267.5770 1462.8296    90    11    11 10968   292
 361 2079.9724 1464.0565   103    12    12 16570   169
 362 1672.1766 1464.6122   105    12    11 12690   399
 363 1881.7019 1464.7498   107    12    12 18205   272
 364 2240.9905 1466.9399    86    10    10 11401   257
 365 2052.0314 1468.2081   100    12    11 16708   188
 366 1852.2369 1468.9086   107    12    12 17889   297
 367 2214.2158 1471.0638    94    11    11 12495   236
 368 2023.8957 1472.3764   103    12    11 17064   203
 369 1822.5779 1473.0712   108    12    12 17549   315
 370 2187.2606 1475.2179    95    11    11 13189   214
 371 1995.5675 1476.6006   101    11    11 17003   217
 372 1792.7210 1477.2390   108    12    12 17227   329
 373 2342.8029 1477.5941    67    10     9  5592    -1
 374 2160.1366 1479.3795    95    11    11 13765   205
 375 1967.0619 1480.7938   103    12    11 17074   239
 376 1762.6694 1481.4383   106    12    11 16767   343
 377 2317.1053 1481.6942    83    10    11  8619    -1
 378 2132.8254 1483.5717    96    12    11 14419   211
 379 1938.3378 1485.0075   102    12    12 16994   251
 380 1732.4732 1485.6148   105    12    12 16128   359
 381 2290.9779 1485.8268    82    10    10  9128    -1
 382 2105.3692 1487.7744    96    11    11 14863   212
 383 1909.4074 1489.2036   102    11    12 16898   290
 384 1701.9924 1489.8329   109    12    12 15571   377
 385 2264.6537 1490.0019    86    11    10  9988   332
 386 2077.6886 1491.9872    97    11    12 15156   206
 387 1880.2566 1493.4150   103    12    11 16828   308
 388 1671.6800 1493.9687    99    11    12 11604   415
 389 2238.1201 1494.1878    87    11    11 10618   303
 390 2049.8691 1496.2072    99    12    11 15521   220
 391 1850.9036 1497.6193   106    12    11 16730   325
 392 2211.4597 1498.3871    91    11    11 11451   284
 393 2021.8582 1500.4462    99    12    11 15747   231
 394 1821.3842 1501.8491   105    12    12 16277   344
 395 2184.6022 1502.6225    93    11    11 12174   276
 396 2339.6018 1504.4245    66     9     9  5127   433
 397 1993.6432 1504.7314    98    11    11 15749   249
 398 1791.6364 1506.0844   107    12    12 16037   369
 399 2157.5653 1506.8741    92    11    11 12687   267
 400 2313.9669 1508.5457    80    10    11  7782   412
 401 1965.2773 1508.9901   100    12    12 15779   269
 402 1761.7262 1510.3535   107    12    11 15652   379
 403 2130.3938 1511.0831    92    11    11 13223   263
 404 2287.9431 1512.7489    82    10    10  8415   410
 405 1936.6497 1513.2490   100    11    11 15792   293
 406 1731.6146 1514.6162   103    12    11 15002   388
 407 2103.0061 1515.3469    95    12    11 13723   262
 408 2261.7390 1516.9744    84    11    10  9071   408
 409 1907.8411 1517.5238   101    12    11 15736   311
 410 1701.3257 1518.8685   108    12    12 14524   385
 411 2075.4780 1519.6619    96    11    11 13995   258
 412 2235.2834 1521.2404    83    11    11  9562   406
 413 1878.8085 1521.8138   100    12    11 15520   337
 414 1671.0693 1523.0559    99    12    11 10834   445
 415 2047.7183 1523.9453    95    11    11 14169   261
 416 2208.7162 1525.5172    89    11    11 10431   404
 417 1849.5879 1526.0901   101    11    12 15270   352
 418 2019.8387 1528.2629    97    12    11 14454   270
 419 2181.9677 1529.8154    88    11    11 10902   403
 420 1820.1860 1530.3865   104    12    11 15165   372
 421 2336.3815 1530.9426    59     9    10  4283   441
 422 1991.7649 1532.5918    98    11    11 14551   285
 423 2155.0181 1534.0874    88    11    11 11399   409
 424 1790.5795 1534.6889   101    11    11 14738   383
 425 2310.8723 1535.1333    74    10    10  6754   428
 426 1963.4701 1536.9249    96    11    12 14430   302
 427 2127.9293 1538.3981    90    11    11 12030   413
 428 1760.7938 1538.9922   107    12    12 14578   394
 429 2284.9154 1539.4055    79    10    11  7631   425
 430 1934.9693 1541.2763    99    12    11 14566   316
 431 2100.6646 1542.7317    96    11    11 12676   414
 432 1730.8198 1543.3332   104    12    11 13916   401
 433 2258.8219 1543.6843    78    10    10  8106   424
 434 1906.2832 1545.6345    98    11    11 14401   334
 435 2073.2557 1547.0663    95    11    11 12841   417
 436 1700.6155 1547.6587   102    12    11 13245   411
 437 2232.4622 1548.0672    82    11    10  8936   421
 438 1877.4081 1549.9334   100    11    12 14288   356
 439 2045.6298 1551.4271    95    11    11 13012    -1
 440 1670.6104 1551.9034    94    11    10  9861   429
 441 2205.9813 1552.4503    85    10    11  9604   420
 442 1848.2943 1554.2812   101    12    11 14176   373
 443 2017.8203 1555.8457    95    11    11 13141    -1
 444 2179.2678 1556.7311    86    11    11  9985   418
 445 1819.0214 1558.6447   102    12    11 13914   389
 446 1989.8529 1560.2275    95    12    11 13204    -1
 447 2152.5113 1561.1490    89    11    11 10832   422
 448 1789.5414 1562.9947    99    11    12 13421   397
 449 1961.6910 1564.6364    98    11    11 13310   453
 450 2125.5207 1565.5301    89    11    11 11218   423
 451 1759.8840 1567.3846   102    12    11 13194   405
 452 1933.3263 1569.0111    95    11    11 13017   454
 453 2098.3665 1569.9257    92    11    11 11717   430
 454 2265.3258 1571.4779   272    77    19 15862   451
 455 1730.0373 1571.7563   103    12    11 12770   416
 456 1904.7612 1573.4258    96    11    11 12986   455
 457 2071.0306 1574.3258    92    12    11 11845   431
 458 1699.9611 1576.1604   104    12    12 12278   426
 459 1875.9749 1577.8381    99    12    11 12996   432
 460 2043.5100 1578.7543    93    11    11 12069   435
 461 1670.0518 1580.4746    94    11    11  9109   437
 462 2248.1078 1582.1078    13     3     7   701    -1
 463 1846.9942 1582.2272    98    12    11 12474   436
 464 2015.8293 1583.1947    90    11    11 12023   438
 465 1817.8517 1586.6567    97    12    11 12308   440
 466 2214.8903 1587.5398    46     8     7  3932   449
 467 1987.9649 1587.6668    94    11    11 12216   439
 468 1788.4955 1591.0808    97    11    11 12254   443
 469 1959.9052 1592.1291    93    12    11 12085   442
 470 1758.9744 1595.5211    99    12    11 11973   446
 471 1931.6829 1596.6301    97    11    11 12131   456
 472 1729.2736 1599.9764    99    12    12 11501    -1
 473 1903.2026 1601.0670    94    11    11 11866   457
 474 1699.3078 1604.4131    99    11    11 11052    -1
 475 1874.6018 1605.5379    95    11    11 11509   458
 476 1669.5388 1608.7870    89    11    10  8157    -1
 477 1845.6747 1609.9741   100    11    12 11262    -1
 478 1816.6586 1614.4992    96    11    11 11206    -1
 479 1787.4397 1618.9796    94    11    12 11239    -1
 480 1758.0268 1623.4852    97    12    11 11053   447
 481 1728.4610 1627.9377    93    11    11 10442    -1
 482 1698.6521 1632.3689    99    11    11 10228    -1
 483 1668.9895 1636.7938    89    11    10  7551    -1
 484 1817.5645 1652.4052    55     9     8  4796   450
 485 1746.4922 1656.8080   494    98    28 31794   462
 486 1779.6408 1661.9930     6     3     2   371   459
