488
   0 1378.8000  492.0000     8     4     3   410   484
   1 1372.9977  513.0969   207    23    21 11449    -1
   2 1360.4828  517.7931    16     2    15   858    -1
   3 1352.2143  519.0714     6     2     4   307    -1
   4 1366.1953  785.7109     7     4     3   478   485
   5 1638.5426  789.0775    14     4     4  1474   479
   6 1375.7067  806.6513     8     4     3   995   483
   7 1715.1749  807.5421    28     6     7  2612   464
   8 1699.4337  808.7791    34     7     7  4129   443
   9 1683.7147  809.9092    30     6     6  4313   430
  10 1667.8466  810.9618    32     6     6  4794   415
  11 1651.9668  812.0498    33     6     6  5146   393
  12 1636.0168  813.1390    34     6     7  5398   376
  13 1620.0163  814.2834    36     6     7  5604   361
  14 1603.9533  815.4671    35     6     7  5646   373
  15 1587.8119  816.6665    36     7     7  5727   338
  16 1571.6061  817.8263    36     7     7  5760   341
  17 1555.2545  818.9627    37     7     7  5874   350
  18 1538.9736  820.0296    34     6     7  5790   382
  19 1522.5581  821.1541    38     7     7  6017   396
  20 1506.0492  822.3212    37     6     7  6067   410
  21 1489.5632  823.5298    37     7     7  6151   406
  22 1714.7431  824.2213    28     6     6  3140   442
  23 1472.9532  824.7185    37     6     7  6153   413
  24 1699.0938  825.3838    35     6     7  5012   392
  25 1456.2082  825.8903    38     7     7  6273   422
  26 1683.4201  826.6500    37     7     7  5230   378
  27 1439.5538  826.9803    38     7     7  6231   436
  28 1667.6132  827.8592    36     7     7  5280   360
  29 1422.8016  828.0847    36     7     7  6310   440
  30 1651.7617  828.9713    34     7     6  5250   365
  31 1405.9265  829.2523    37     7     7  6457   445
  32 1635.8587  830.0782    34     7     6  5327   351
  33 1388.9665  830.4066    37     6     7  6379   456
  34 1619.9081  831.2297    35     6     7  5457   362
  35 1371.9988  831.7062    37     6     7  6132   458
  36 1603.8591  832.4794    37     7     7  5587   322
  37 1354.9731  832.9311    35     6     7  5870   465
  38 1587.7327  833.7014    35     7     7  5549   348
  39 1337.9380  834.0494    32     6     6  5639   467
  40 1571.5481  834.8842    37     7     7  5679   284
  41 1320.8250  835.2212    31     6     6  3867   472
  42 1555.2395  836.0154    35     7     6  5642   323
  43 1538.9966  837.0991    34     6     7  5669   327
  44 1522.6458  838.3083    39     7     7  5961   404
  45 1506.1303  839.5226    37     7     7  5926   384
  46 1489.7367  840.7587    35     7     7  5785   398
  47 1714.4189  841.0159    28     5     6  3189   448
  48 1473.0753  841.9434    35     7     7  5861   386
  49 1698.8086  842.1226    34     6     7  5044   354
  50 1456.4993  843.0441    37     7     6  5928   420
  51 1683.1155  843.3325    34     6     7  5216   342
  52 1439.8741  844.1797    36     7     7  6018   421
  53 1667.3198  844.6186    38     7     7  5423   343
  54 1423.0311  845.4038    37     6     7  6111   432
  55 1651.5398  845.8657    37     7     7  5446   313
  56 1406.1571  846.6776    38     7     7  6263   431
  57 1635.6551  846.9834    35     7     6  5424   314
  58 1389.3006  847.8823    37     7     7  6224   435
  59 1619.7339  848.1146    36     7     7  5503   208
  60 1372.3665  849.0154    37     7     6  6202   452
  61 1603.7289  849.3387    38     7     7  5701   276
  62 1355.3518  850.1748    38     7     7  6488   454
  63 1587.6416  850.6452    36     7     7  5657   259
  64 1338.3087  851.4031    37     7     7  6754   461
  65 1571.4867  851.8586    38     7     7  5799   261
  66 1321.2244  852.6925    32     6     7  4437   470
  67 1555.2295  853.0221    35     7     6  5713   270
  68 1539.0179  854.1294    35     6     7  5795   332
  69 1522.7245  855.3715    39     7     7  6052   374
  70 1506.2247  856.6392    38     7     7  6037   301
  71 1714.0935  857.7035    28     6     6  3159   438
  72 1489.8862  857.8764    36     7     7  5907   364
  73 1698.4618  858.9328    35     7     6  5100   340
  74 1473.2583  859.0256    35     7     6  5846   363
  75 1682.8678  860.0632    33     6     6  5244   302
  76 1456.8036  860.1604    37     7     7  6049   407
  77 1667.0866  861.2574    34     6     7  5336   288
  78 1440.0440  861.4090    37     6     7  6080   403
  79 1651.2832  862.5380    38     7     7  5530   293
  80 1423.2870  862.7081    39     7     7  6303   401
  81 1635.4439  863.8583    38     7     7  5592   227
  82 1406.5979  863.9172    37     7     7  6138   427
  83 1619.5441  864.9904    35     7     6  5514   220
  84 1389.7978  865.0566    36     7     7  6169   433
  85 1603.5574  866.1352    38     7     7  5713   232
  86 1372.8864  866.2658    37     7     7  6325   449
  87 1587.5251  867.4348    37     7     7  5761   252
  88 1355.8968  867.5742    39     7     7  6534   447
  89 1571.4145  868.7388    39     7     7  5915   267
  90 1338.9114  868.8377    37     7     7  6609   457
  91 1321.9533  869.9554    32     6     6  4426   469
  92 1555.2082  869.9624    35     7     6  5770   282
  93 1539.0320  871.0835    34     6     7  5796   271
  94 1522.8078  872.3194    37     7     7  5986   309
  95 1506.3632  873.6299    39     7     7  6116   257
  96 1713.6669  874.1762    29     6     6  3266   414
  97 1489.9709  874.9013    34     6     7  5881   321
  98 1698.1317  875.4430    34     6     7  5053   295
  99 1473.4744  876.0518    36     7     6  5905   344
 100 1682.5806  876.7844    36     7     7  5362   238
 101 1456.9705  877.2496    36     6     7  6042   380
 102 1666.8573  877.9807    33     6     6  5353   206
 103 1440.2645  878.5456    38     7     7  6218   379
 104 1651.0798  879.1614    34     6     7  5436   198
 105 1423.6876  879.8421    37     7     7  6156   389
 106 1635.2271  880.4399    36     7     7  5527   187
 107 1406.9509  881.0037    33     6     6  6012   419
 108 1619.3520  881.8125    38     7     7  5698   163
 109 1390.0613  882.2113    36     6     7  6195   423
 110 1603.4285  883.0098    35     7     6  5608   212
 111 1373.1749  883.5408    38     7     7  6336   428
 112 1587.4066  884.1547    36     7     7  5730   197
 113 1356.2445  884.8509    39     7     7  6478   429
 114 1571.3436  885.4436    36     7     7  5808   290
 115 1339.2811  886.0310    36     7     6  6418   451
 116 1555.1802  886.8359    35     7     7  5802   205
 117 1322.3015  887.1855    31     6     6  4129   468
 118 1539.0331  888.0103    33     6     6  5814   159
 119 1522.8794  889.1852    36     7     7  5949   242
 120 1506.4797  890.5291    37     7     7  6040   260
 121 1713.3720  890.7486    28     6     6  3174   391
 122 1490.0493  891.8709    34     6     7  5909   229
 123 1697.8289  891.9860    33     6     6  5113   203
 124 1473.7094  893.0083    35     7     6  5929   331
 125 1682.2526  893.1830    34     7     7  5334   136
 126 1457.1163  894.2546    37     7     7  6080   346
 127 1666.5946  894.5637    35     7     7  5377   169
 128 1440.5997  895.6082    37     7     7  6184   357
 129 1650.8653  895.8804    32     6     6  5367   181
 130 1423.9495  896.9007    35     6     7  6110   369
 131 1635.0611  897.0691    32     6     6  5478   118
 132 1407.1528  898.0747    36     7     6  6117   397
 133 1619.2007  898.3168    36     7     7  5676   117
 134 1390.4292  899.3513    37     7     7  6269   408
 135 1603.2735  899.7255    38     7     7  5785   135
 136 1373.7001  900.7136    35     7     7  6128   411
 137 1587.3144  900.9824    35     7     6  5720   161
 138 1356.8457  901.9595    36     7     6  6209   434
 139 1571.2877  902.1531    36     7     7  5836   126
 140 1339.9154  903.1475    36     7     7  6333   439
 141 1555.1716  903.4657    36     7     7  5886   149
 142 1323.0091  904.5146    32     6     7  4136   466
 143 1539.0260  904.8632    34     6     7  5869   146
 144 1522.9132  906.0332    33     6     6  5851   184
 145 1713.0257  907.0785    30     6     6  3448   304
 146 1506.5815  907.3224    39     7     7  6145   230
 147 1697.4930  908.3890    34     7     7  5005   140
 148 1490.1612  908.7043    37     7     7  6089   180
 149 1681.9658  909.8001    34     6     7  5382   178
 150 1473.8928  909.9465    34     7     6  5982   263
 151 1666.3102  911.0249    34     7     6  5436   131
 152 1457.3128  911.1818    36     7     7  6068   285
 153 1650.6506  912.2843    37     7     7  5541   100
 154 1440.8698  912.5434    37     7     7  6136   306
 155 1634.8846  913.7002    33     6     7  5472    67
 156 1424.1363  913.8872    35     7     7  6078   333
 157 1619.0449  914.9816    33     6     6  5616   139
 158 1407.5553  915.0612    36     7     6  6068   372
 159 1603.1698  916.2001    32     6     7  5534   164
 160 1390.8917  916.3540    37     7     7  6234   387
 161 1587.2163  917.5664    37     7     7  5798    38
 162 1374.0174  917.7821    35     6     7  6128   395
 163 1571.2165  918.9446    35     7     6  5821    88
 164 1357.1296  919.0256    35     7     6  6126   394
 165 1555.1730  920.1192    34     7     6  5831   185
 166 1340.2750  920.2572    35     7     7  6190   424
 167 1539.0625  921.4764    35     6     7  5903   103
 168 1323.3616  921.6802    33     7     7  4158   459
 169 1522.9206  922.8792    34     6     7  5925    80
 170 1712.5843  923.4374    28     6     6  3156   318
 171 1506.7099  924.0518    35     7     6  5913   191
 172 1697.1483  924.8687    33     6     6  5048   196
 173 1490.3277  925.3824    36     7     7  6008   170
 174 1681.7268  926.0736    34     7     6  5368    77
 175 1473.9828  926.8374    35     6     7  6042   125
 176 1666.0606  927.4245    33     6     7  5373    47
 177 1457.5849  928.0308    36     7     6  6018   283
 178 1650.4008  928.8753    36     7     6  5530    58
 179 1441.0517  929.3224    36     6     7  6101   266
 180 1634.7199  930.0717    34     7     6  5529   116
 181 1424.5213  930.7542    37     7     7  6169   286
 182 1618.9387  931.4301    35     6     7  5655    28
 183 1407.9438  931.9910    33     6     6  5974   349
 184 1603.0301  932.8631    34     6     7  5735    17
 185 1391.1514  933.2780    38     7     7  6215   375
 186 1587.1339  934.0815    32     6     6  5667   168
 187 1374.4777  934.7104    38     7     7  6258   366
 188 1571.1658  935.3924    35     7     7  5813    55
 189 1357.7347  935.9824    36     7     6  6112   402
 190 1555.1234  936.8661    35     7     7  5874    27
 191 1340.8932  937.2500    37     7     7  6250   412
 192 1539.0842  938.0651    32     6     6  5799   112
 193 1324.0018  938.7625    32     6     7  4069   462
 194 1522.9732  939.4281    35     6     7  5892    87
 195 1712.3065  939.7592    28     6     6  3167   325
 196 1506.8104  940.8484    37     7     7  5977    83
 197 1696.8631  941.0599    33     6     6  5117   101
 198 1490.4660  942.0846    35     7     6  5922   142
 199 1681.3881  942.4178    35     7     7  5325    95
 200 1474.1063  943.4503    36     7     7  6029   154
 201 1665.8315  943.8472    31     6     6  5300    85
 202 1457.8406  944.8941    36     7     7  6060   128
 203 1650.1719  945.1209    32     6     6  5422    72
 204 1441.2388  946.1155    37     7     7  6115   225
 205 1634.5061  946.5216    37     7     7  5641    16
 206 1424.8400  947.5344    36     7     7  6097   258
 207 1618.7819  947.9066    34     7     6  5630    20
 208 1408.1165  948.9240    35     7     7  6052   222
 209 1602.9707  949.1525    34     6     7  5732    61
 210 1391.5650  950.1293    37     7     7  6144   329
 211 1587.0429  950.6078    35     6     7  5786     7
 212 1374.9069  951.5789    37     7     7  6107   339
 213 1571.1116  951.9815    33     6     6  5785    21
 214 1358.0402  952.9631    33     6     6  5954   336
 215 1555.1418  953.2435    35     6     7  5851    81
 216 1341.2359  954.1927    37     7     7  6171   390
 217 1539.0637  954.7321    35     6     7  5791    18
 218 1324.4277  955.6512    33     7     7  4071   453
 219 1711.9826  955.9278    29     6     6  3348   297
 220 1523.0177  955.9889    32     6     6  5691    60
 221 1696.5283  957.2512    34     7     7  4988    99
 222 1506.9169  957.3665    36     6     7  5890    92
 223 1681.0982  958.7355    34     6     7  5339   129
 224 1490.6683  958.8380    34     7     7  5877    69
 225 1665.5732  960.0417    35     7     6  5494    59
 226 1474.2749  960.1067    35     7     6  5953    97
 227 1649.9874  961.4297    34     6     7  5500    71
 228 1457.9902  961.5021    36     6     7  6055   176
 229 1634.2819  962.9070    35     7     6  5583    31
 230 1441.5713  962.9164    35     7     6  5955   127
 231 1618.6141  964.1328    36     7     6  5673    29
 232 1523.0233  964.1495    39     6     7  6846    89
 233 1425.0603  964.1501    35     6     7  6060   223
 234 1602.8496  965.6429    34     6     7  5653    14
 235 1408.5474  965.6604    37     7     7  6132   237
 236 1391.9547  966.9728    32     6     6  5906   279
 237 1586.9970  966.9895    32     6     6  5731    10
 238 1375.2154  968.2869    35     7     7  6029   289
 239 1571.0925  968.3085    35     6     7  5829    43
 240 1358.5689  969.7844    37     7     7  6129   330
 241 1555.1034  969.8388    34     6     7  5812     0
 242 1341.8683  971.0394    35     7     6  6018   388
 243 1539.1359  971.0959    32     6     6  5676    49
 244 1530.0978  971.9290    23     6     6  3651    79
 245 1711.5093  972.0944    28     6     6  3237   370
 246 1325.0817  972.4776    32     6     7  3967   446
 247 1523.0085  972.6123    34     6     7  5574    24
 248 1696.2002  973.4266    33     6     7  4932   143
 249 1506.9522  973.9553    32     6     6  5773    36
 250 1680.8461  974.8801    32     6     6  5275    96
 251 1490.8236  975.2390    36     7     7  5996    45
 252 1665.3217  976.1910    33     7     6  5369    51
 253 1474.5252  976.7853    36     7     7  5971    68
 254 1649.7791  977.7221    34     7     7  5441    40
 255 1458.1215  978.0803    33     7     6  5948   152
 256 1634.1163  979.0603    32     6     6  5528    64
 257 1441.8602  979.5268    35     7     7  5962   124
 258 1618.4390  980.4693    37     7     7  5667    41
 259 1425.2954  980.9581    35     7     6  5972   102
 260 1602.7285  981.9147    33     7     6  5597    11
 261 1408.9193  982.2022    36     7     7  6071   268
 262 1586.9481  983.2292    34     6     7  5748    26
 263 1392.1862  983.7426    38     7     7  6158   202
 264 1571.0260  984.7838    34     6     7  5795     4
 265 1375.7325  985.0213    35     7     6  5995   294
 266 1555.1162  986.0874    32     6     6  5769    15
 267 1358.9931  986.4668    36     6     7  6022   316
 268 1539.1077  987.5373    34     6     7  5671    23
 269 1342.1712  987.9300    35     7     7  5978   328
 270 1711.3194  988.0216    28     6     6  3277   320
 271 1523.0759  988.9907    33     6     6  5781     3
 272 1325.4683  989.1393    33     7     6  4015   437
 273 1695.9023  989.5175    32     6     7  4923   182
 274 1507.0401  990.3223    34     6     7  5807    84
 275 1680.5767  990.9563    33     7     6  5288   130
 276 1490.9075  991.8592    33     6     7  5876     6
 277 1665.0727  992.3219    33     6     7  5355    86
 278 1474.7155  993.1223    36     7     7  5944    70
 279 1649.5486  993.8543    34     7     6  5465    66
 280 1458.3794  994.6611    37     7     7  6021    93
 281 1633.9738  995.1696    33     6     6  5557     9
 282 1442.0310  996.0277    32     6     6  5913   123
 283 1618.2705  996.7280    35     7     7  5549    50
 284 1425.6739  997.4661    37     7     7  6041   133
 285 1602.5990  998.0678    35     7     6  5688    19
 286 1409.0935  998.9426    34     7     6  5914   171
 287 1586.8519  999.5657    34     6     7  5675    13
 288 1392.6836 1000.2096    37     7     7  6055   251
 289 1571.0072 1000.9854    32     6     6  5782     1
 290 1376.0162 1001.7995    35     6     7  5971   195
 291 1555.1029 1002.3737    34     6     7  5787     5
 292 1359.3678 1003.0897    35     7     6  5927   311
 293 1539.1224 1003.9189    33     6     6  5792     8
 294 1710.8648 1004.0451    28     6     6  3319   358
 295 1342.8092 1004.5986    36     7     7  5998   317
 296 1523.1562 1005.2256    34     6     7  5851    30
 297 1695.5878 1005.4944    34     7     7  4936   148
 298 1326.0796 1005.9578    32     6     6  4088   409
 299 1507.0728 1006.8233    34     6     7  5860    35
 300 1680.2590 1006.9792    35     7     6  5435   150
 301 1491.0151 1008.1097    33     6     6  5834    98
 302 1664.8579 1008.3765    34     6     7  5327    48
 303 1474.8604 1009.6776    35     7     7  5884    39
 304 1649.3018 1009.9184    35     7     6  5529   110
 305 1458.6141 1011.0195    36     7     6  5971   137
 306 1633.7934 1011.2855    35     7     7  5503    76
 307 1442.2120 1012.4707    36     7     7  5960   106
 308 1618.1165 1012.8582    33     6     6  5556    56
 309 1425.9428 1013.9561    32     6     6  5886   141
 310 1602.4678 1014.1860    33     7     6  5526    34
 311 1409.4553 1015.3404    37     7     7  6029   214
 312 1586.7726 1015.7774    35     7     7  5734     2
 313 1392.9720 1016.9046    33     6     6  5866   165
 314 1570.9798 1017.1052    33     6     6  5766    42
 315 1376.4074 1018.2095    36     7     7  5979   234
 316 1555.0727 1018.6704    35     6     7  5799    32
 317 1359.8911 1019.8034    35     6     7  5936   262
 318 1710.4742 1020.0035    28     6     6  3261   385
 319 1539.1597 1020.0690    32     6     6  5755    73
 320 1343.1521 1021.0999    36     7     7  5959   287
 321 1695.2440 1021.4018    34     7     7  4970   231
 322 1523.1877 1021.5646    36     7     7  5809    22
 323 1326.5654 1022.6733    33     7     7  3929   416
 324 1679.9944 1022.9347    32     6     6  5336   192
 325 1507.1597 1023.0343    34     7     6  5838    75
 326 1664.6043 1024.3500    35     7     7  5316   158
 327 1491.0924 1024.4846    34     6     7  5778    78
 328 1649.0938 1025.9170    33     6     6  5473   121
 329 1474.9912 1025.9789    32     6     6  5820   104
 330 1633.5900 1027.3003    35     7     7  5440    44
 331 1458.8684 1027.4208    37     7     7  5981   115
 332 1617.9869 1028.8893    32     6     6  5543    65
 333 1442.5448 1028.9226    34     7     6  5810   134
 334 1602.3395 1030.2515    34     7     7  5576    33
 335 1426.1463 1030.2941    33     6     7  5769   218
 336 1586.6897 1031.8484    33     7     6  5614    12
 337 1409.8716 1031.8786    32     6     6  5752   188
 338 1570.9548 1033.2145    34     6     7  5724    25
 339 1393.2828 1033.2218    35     7     7  5894   217
 340 1376.8954 1034.8357    34     6     7  5835   243
 341 1555.0622 1034.8456    33     6     6  5718    53
 342 1710.2387 1035.7466    26     6     6  3064   269
 343 1360.2087 1036.1651    37     7     7  5977   275
 344 1539.1958 1036.1926    32     7     6  5644    90
 345 1694.9876 1037.2339    31     6     6  4868   186
 346 1343.7602 1037.7549    35     7     7  5850   307
 347 1523.2411 1037.8275    35     7     7  5759    37
 348 1679.7544 1038.8107    32     7     6  5150   119
 349 1327.1580 1039.1250    32     6     6  3992   425
 350 1507.2711 1039.1809    34     7     7  5746   138
 351 1664.3201 1040.2296    33     7     6  5274   111
 352 1491.2061 1040.8230    35     7     7  5775    54
 353 1648.9016 1041.8249    32     6     6  5340   109
 354 1475.1326 1042.1684    33     6     7  5776   167
 355 1633.3902 1043.2466    33     7     6  5348    74
 356 1458.9726 1043.8047    35     6     7  5876   147
 357 1617.8638 1044.8432    32     6     6  5446    57
 358 1442.8482 1045.1317    35     7     7  5866   175
 359 1602.2084 1046.2561    33     7     7  5491    46
 360 1426.4610 1046.7552    36     7     7  5872   179
 361 1586.5909 1047.8641    33     7     6  5545    91
 362 1410.0910 1048.1180    32     6     6  5788   228
 363 1570.9006 1049.2696    34     6     7  5624    52
 364 1393.7698 1049.7343    35     7     7  5835   226
 365 1555.0551 1050.8956    33     6     6  5725    82
 366 1377.1634 1051.1047    35     7     6  5879   277
 367 1709.8149 1051.4946    26     6     5  2980   450
 368 1539.2044 1052.3002    34     7     7  5678    62
 369 1360.7736 1052.7128    35     7     7  5829   281
 370 1694.6471 1053.0357    33     7     6  4900   201
 371 1523.3155 1053.9221    35     7     6  5744    63
 372 1344.1218 1054.0914    32     6     6  5714   335
 373 1679.4247 1054.5965    35     7     7  5137   215
 374 1507.3750 1055.3362    35     7     7  5687   122
 375 1327.5932 1055.7036    34     7     7  3910   417
 376 1664.1023 1056.0866    32     6     6  5301   151
 377 1491.3787 1056.9541    34     7     6  5699   108
 378 1648.7119 1057.6721    35     7     7  5336   157
 379 1475.2710 1058.3759    35     7     7  5755   173
 380 1633.1998 1059.1335    30     6     6  5257   160
 381 1459.1276 1059.9754    34     7     6  5800   156
 382 1617.7351 1060.7527    33     7     6  5381   177
 383 1443.0087 1061.4193    34     6     7  5702   213
 384 1602.1128 1062.1884    31     6     6  5411   120
 385 1426.8169 1062.9438    34     7     6  5787   216
 386 1586.5047 1063.8177    33     7     6  5459   144
 387 1410.3898 1064.4225    37     7     7  5851   298
 388 1570.8591 1065.2387    34     6     7  5562    94
 389 1394.0301 1065.9899    32     6     6  5756   291
 390 1555.0483 1066.8935    33     6     6  5681   145
 391 1709.4982 1067.2213    25     5     6  2915   475
 392 1377.6798 1067.4933    36     7     7  5809   315
 393 1539.2368 1068.3347    35     7     7  5664   107
 394 1694.3052 1068.7722    32     7     6  4690   240
 395 1361.0777 1069.0213    32     6     6  5701   334
 396 1523.3949 1069.9526    34     7     6  5648   132
 397 1679.1580 1070.2660    30     6     6  4974   236
 398 1344.6820 1070.5243    37     7     7  5849   337
 399 1507.4985 1071.4484    37     7     7  5749   105
 400 1663.8684 1071.8771    32     6     6  5254   246
 401 1328.1169 1071.9922    32     6     6  3973   444
 402 1491.5394 1072.9917    34     7     6  5662   155
 403 1648.4851 1073.3735    34     7     7  5201   200
 404 1475.4990 1074.5502    37     7     7  5753   153
 405 1633.0394 1074.9732    32     6     6  5410   189
 406 1459.3672 1076.0614    34     7     6  5692   244
 407 1617.5790 1076.5230    35     7     7  5359   190
 408 1443.1803 1077.6332    35     7     7  5669   193
 409 1602.0229 1078.0714    32     6     6  5503   114
 410 1427.0248 1079.0826    32     6     6  5718   274
 411 1586.4026 1079.6744    35     7     7  5437   204
 412 1410.8065 1080.7336    34     7     7  5707   219
 413 1570.8069 1081.1371    33     6     6  5489   113
 414 1394.3606 1082.1452    33     7     6  5647   324
 415 1709.2146 1082.7272    26     6     6  2933   474
 416 1555.0417 1082.8215    33     6     6  5575   172
 417 1377.9940 1083.8143    34     6     7  5728   300
 418 1539.2526 1084.2657    33     7     7  5526   174
 419 1694.0254 1084.3702    29     6     6  4446   310
 420 1361.5811 1085.2010    36     7     7  5760   371
 421 1523.4818 1085.9207    34     7     6  5603   162
 422 1678.8903 1085.9681    32     6     6  5123   241
 423 1345.0466 1086.8779    34     6     7  5688   359
 424 1507.6223 1087.4415    36     7     7  5610   166
 425 1663.6408 1087.5278    35     7     7  5166   221
 426 1328.6053 1088.2554    31     7     6  3696   463
 427 1491.7022 1089.0014    35     7     6  5691   183
 428 1648.2575 1089.0831    32     7     6  5188   264
 429 1475.7073 1090.6114    35     7     7  5618   199
 430 1632.8764 1090.7396    30     6     6  5073   247
 431 1459.6250 1092.0801    35     7     6  5663   210
 432 1617.4011 1092.2411    33     7     6  5238   211
 433 1443.4894 1093.7517    35     7     7  5624   256
 434 1601.9107 1093.8876    32     6     6  5372   273
 435 1427.2387 1095.1849    33     7     6  5642   305
 436 1586.3051 1095.4296    35     7     7  5373   224
 437 1411.0274 1096.8717    33     6     6  5664   319
 438 1570.7614 1097.0152    33     7     6  5437   207
 439 1394.8468 1098.3026    36     7     7  5742   312
 440 1708.6441 1098.3541    24     6     5  2331   471
 441 1555.0338 1098.6341    34     6     7  5458   239
 442 1693.6675 1099.8802    30     6     6  3757   381
 443 1378.3951 1099.9574    35     7     6  5698   347
 444 1539.2833 1100.1510    32     7     6  5434   194
 445 1362.0101 1101.4363    35     6     7  5645   356
 446 1678.5736 1101.4669    28     6     6  3847   383
 447 1523.5429 1101.8203    33     7     6  5428   250
 448 1345.5890 1102.9955    34     7     6  5575   405
 449 1663.3592 1103.0586    30     6     6  4411   308
 450 1507.7321 1103.3438    33     7     7  5369   209
 451 1329.0992 1104.5789    31     6     7  3693   460
 452 1648.0259 1104.7375    31     6     6  4809   278
 453 1491.8374 1104.9624    32     6     6  5521   249
 454 1632.6858 1106.3386    33     7     7  5095   280
 455 1475.8654 1106.5674    33     6     7  5465   265
 456 1617.2269 1107.9565    33     7     6  5297   272
 457 1459.8782 1108.0671    33     6     6  5579   299
 458 1601.8061 1109.5820    33     6     7  5296   255
 459 1443.7796 1109.7665    35     7     7  5634   292
 460 1586.2129 1111.1429    30     6     6  5314   248
 461 1427.5924 1111.2182    35     7     7  5590   345
 462 1570.6955 1112.8240    33     7     6  5440   235
 463 1411.3566 1112.9072    35     7     6  5628   353
 464 1555.0191 1114.3633    34     6     7  5503   245
 465 1395.0947 1114.3945    34     6     7  5586   368
 466 1378.8868 1115.9796    32     6     6  5576   377
 467 1539.2822 1116.0085    34     7     6  5533   253
 468 1362.4045 1117.5991    37     7     7  5693   399
 469 1523.5964 1117.6392    35     7     7  5537   233
 470 1346.0603 1119.0858    32     6     6  5514   418
 471 1507.8094 1119.1679    34     7     6  5536   296
 472 1329.6752 1120.7901    31     7     6  3639   476
 473 1491.9152 1120.8635    32     6     6  5572   254
 474 1659.6200 1121.3800    13     5     4   775   481
 475 1475.9847 1122.4291    34     6     7  5593   303
 476 1459.9934 1124.0318    32     6     6  5686   326
 477 1443.9490 1125.6846    34     6     7  5644   352
 478 1639.3551 1127.0112    16     5     4  1649   477
 479 1427.9052 1127.1690    34     6     7  5649   355
 480 1411.7244 1128.8607    34     7     6  5648   367
 481 1395.4267 1130.3949    36     7     7  5606   400
 482 1379.1293 1131.9955    32     6     6  5285   426
 483 1362.9148 1133.5967    32     6     7  4794   441
 484 1346.4427 1135.0373    32     7     6  4425   455
 485 1330.1226 1136.6336    29     6     6  2992   473
 486 1413.4109 1150.4406    14     4     5  1239   478
 487 1386.0597 1152.5663     6     2     3   677    -1
