496
   0 1310.1667  504.8333     9     4     3   462    -1
   1 1302.4937  524.7482   176    23    22  9747    -1
   2 1309.4437  531.3873    33     8     8  1721    -1
   3 1283.6613  531.8871    18     4     7   931    -1
   4 1298.2667  752.9444    10     3     8   590   478
   5 1530.6390  757.8439    12     4     4  1010   477
   6 1305.9325  771.7857     5     2     3   502    -1
   7 1597.0670  773.9348    20     5     5  1552   469
   8 1583.6014  774.7637    24     5     6  2364   444
   9 1570.1110  775.7121    25     6     6  2782   416
  10 1556.4458  776.5696    22     5     5  2926   382
  11 1542.6921  777.5000    25     6     5  3218   398
  12 1529.1021  778.4529    27     6     6  3494   331
  13 1515.4168  779.3993    26     6     6  3524   297
  14 1501.5381  780.3060    25     5     6  3585   366
  15 1487.6377  781.2133    27     6     6  3746   262
  16 1473.7399  782.1205    28     6     6  3843   266
  17 1459.7988  782.9830    29     6     6  3920   299
  18 1445.7944  783.8656    30     6     6  4014   351
  19 1431.7301  784.7686    30     6     6  4047   341
  20 1417.6270  785.6427    27     6     6  3886   252
  21 1403.5244  786.5676    26     6     6  3846   353
  22 1389.4160  787.5086    27     6     7  3911   405
  23 1597.0946  788.3287    20     5     5  1893   464
  24 1375.1487  788.4621    27     6     6  4066   389
  25 1583.5455  789.2874    24     5     6  2959   414
  26 1360.7581  789.3746    28     6     6  4190   390
  27 1570.0250  790.1497    27     6     6  3371   384
  28 1346.4950  790.3088    27     5     6  4164   420
  29 1556.4615  791.0862    26     5     6  3405   321
  30 1332.1097  791.2251    30     6     6  4490   429
  31 1542.7644  792.0284    27     6     6  3464   334
  32 1317.5835  792.1164    28     6     6  4335   439
  33 1529.1657  792.8660    26     6     6  3442   301
  34 1303.2185  793.0448    29     6     6  4207   455
  35 1515.4242  793.7808    25     5     6  3465   189
  36 1288.5913  794.0029    26     5     6  4028   457
  37 1501.5550  794.7061    27     5     6  3567   226
  38 1274.1891  794.9162    26     6     6  3532   466
  39 1487.7363  795.6352    28     6     6  3634   306
  40 1259.5451  795.8274    23     5     6  2393   472
  41 1473.9272  796.5896    27     6     6  3637   237
  42 1460.0335  797.5343    26     6     5  3630   198
  43 1446.0551  798.5034    26     6     5  3660   235
  44 1432.0275  799.4637    27     6     6  3748   275
  45 1417.9139  800.3973    28     6     6  3845   245
  46 1403.7793  801.3342    27     6     6  3835   312
  47 1389.5926  802.2940    26     6     6  3805   344
  48 1597.0140  802.5851    20     5     5  1893   458
  49 1375.4868  803.2110    26     5     6  3874   373
  50 1583.4784  803.5205    23     5     5  2908   387
  51 1361.2394  804.1124    29     6     6  4079   377
  52 1570.0265  804.5069    26     6     5  3317   326
  53 1346.8054  805.0880    28     6     6  4082   396
  54 1556.4707  805.4942    24     5     5  3281   357
  55 1332.4986  805.9751    26     5     6  4108   427
  56 1542.7365  806.4327    25     6     5  3360   269
  57 1318.1546  806.8805    29     6     6  4328   426
  58 1529.2194  807.4249    26     6     6  3417   271
  59 1303.5806  807.8314    28     6     6  4390   428
  60 1515.4891  808.3956    25     5     6  3444   276
  61 1289.1914  808.7463    28     6     6  4546   447
  62 1501.6379  809.3321    25     6     6  3513   179
  63 1274.6136  809.7091    28     6     6  4403   454
  64 1487.8619  810.2501    27     6     6  3635   161
  65 1260.1159  810.6745    24     6     5  2913   470
  66 1474.0545  811.1938    29     6     6  3769   225
  67 1460.2214  812.1203    29     6     6  3844   182
  68 1446.2956  813.0584    29     6     6  3891   160
  69 1432.3024  813.9933    28     6     6  3875   283
  70 1418.2704  814.9412    28     6     6  3909   322
  71 1404.1675  815.8833    26     6     6  3820   247
  72 1596.9427  816.7690    19     5     5  1831   446
  73 1390.0010  816.8445    29     6     6  3987   332
  74 1583.4526  817.7511    25     5     6  3002   330
  75 1375.7451  817.8038    29     6     6  3988   355
  76 1361.5070  818.7299    26     5     6  3858   361
  77 1570.0064  818.7750    27     6     6  3368   257
  78 1556.4333  819.7068    25     5     6  3363   243
  79 1347.3164  819.7128    28     6     6  4041   363
  80 1332.9203  820.6708    28     6     6  4134   400
  81 1542.7904  820.6880    29     6     6  3530   207
  82 1318.5058  821.6150    25     5     6  3989   419
  83 1529.2633  821.6701    26     6     6  3463   123
  84 1304.1954  822.6129    28     6     6  4305   431
  85 1515.5063  822.6183    26     5     6  3514   190
  86 1289.5774  823.5626    26     6     6  4272   415
  87 1501.7188  823.6119    26     6     6  3507   155
  88 1275.2710  824.5557    26     6     6  4208   449
  89 1488.0591  824.6116    27     6     6  3618   129
  90 1260.5806  825.4892    22     5     5  2762   468
  91 1474.2873  825.5712    26     6     6  3618   135
  92 1460.4214  826.5553    23     5     5  3465   104
  93 1446.4626  827.5391    24     5     6  3529   138
  94 1432.4801  828.5225    24     5     5  3556   209
  95 1418.4757  829.5088    24     5     5  3585   172
  96 1404.4497  830.5095    24     5     5  3625   151
  97 1596.8713  831.1862    21     5     6  1920   442
  98 1390.3752  831.5016    25     6     5  3709   255
  99 1583.4056  832.1587    25     5     6  2967   402
 100 1376.1661  832.4696    27     6     6  3854   202
 101 1569.9231  833.1141    26     6     6  3316   270
 102 1361.8546  833.4307    28     6     6  3955   310
 103 1556.4292  834.1048    26     5     6  3405   215
 104 1347.5841  834.4361    27     6     6  3884   317
 105 1542.8060  835.1097    26     6     6  3434   250
 106 1333.4139  835.4433    26     6     6  3926   348
 107 1529.2911  836.0559    28     6     6  3564   109
 108 1318.9689  836.3887    28     6     6  4213   380
 109 1515.5576  837.0882    26     5     6  3556   163
 110 1304.5595  837.3957    28     6     6  4141   410
 111 1501.8522  838.0769    26     6     6  3557   114
 112 1290.2026  838.3864    29     6     6  4382   409
 113 1488.1496  839.0107    27     6     6  3633    90
 114 1275.6855  839.3780    28     6     6  4154   424
 115 1474.3889  840.0165    27     6     6  3718   121
 116 1261.3414  840.3407    24     6     5  2738   465
 117 1460.5017  841.0326    26     5     6  3722   108
 118 1446.5764  842.0298    26     5     6  3748    74
 119 1432.6226  843.0420    27     6     6  3837   115
 120 1418.6410  844.0248    28     6     6  3904   103
 121 1404.6087  845.0151    27     6     6  3899   136
 122 1596.7809  845.3178    22     5     5  2022   445
 123 1390.5575  846.0072    26     5     6  3875   193
 124 1583.3781  846.3835    24     5     6  2882   375
 125 1376.4675  846.9808    26     5     6  3883   256
 126 1569.8620  847.3442    26     6     6  3303   260
 127 1362.3165  847.9783    28     6     6  3978   287
 128 1556.4465  848.3780    25     5     6  3323   210
 129 1348.0421  848.9761    29     6     6  4040   278
 130 1542.7871  849.3683    26     6     6  3411   205
 131 1333.6869  850.0134    28     6     6  4080   314
 132 1529.3323  850.3936    26     6     6  3453   131
 133 1319.4593  850.9795    26     5     6  4099   372
 134 1515.5720  851.4307    23     5     6  3371   188
 135 1305.1094  851.9818    30     6     6  4275   383
 136 1501.9292  852.3950    27     6     6  3589    73
 137 1290.5971  853.0339    28     6     6  4294   395
 138 1488.3228  853.4246    26     6     6  3541    55
 139 1276.3283  853.9976    28     6     6  4097   438
 140 1474.5065  854.4406    25     5     6  3556   101
 141 1261.7573  855.0533    24     5     6  2673   462
 142 1460.5807  855.4326    24     6     6  3516    44
 143 1446.7045  856.4362    25     6     5  3617    80
 144 1432.8222  857.4306    25     6     5  3671    39
 145 1418.8896  858.4506    26     6     5  3751    75
 146 1404.8830  859.4614    26     6     5  3788   133
 147 1596.6191  859.4852    22     5     5  2049   434
 148 1583.3455  860.4573    23     5     5  2813   309
 149 1390.7995  860.4681    26     6     5  3804    92
 150 1569.8254  861.4605    25     6     5  3223   239
 151 1376.6874  861.4759    25     6     5  3736   165
 152 1362.5563  862.4838    24     5     5  3667   289
 153 1556.4398  862.4932    24     5     5  3261   186
 154 1542.8099  863.5067    25     6     5  3328   191
 155 1348.4606  863.5173    24     5     5  3688   279
 156 1529.3876  864.5322    24     6     5  3345    62
 157 1334.2468  864.5367    26     6     5  3915   230
 158 1515.6142  865.5105    25     6     5  3439   130
 159 1319.8244  865.5208    27     6     6  4044   365
 160 1305.5114  866.5433    25     5     6  3880   356
 161 1502.0734  866.5725    25     6     5  3472    36
 162 1488.4188  867.5578    22     5     5  3367    23
 163 1291.2128  867.5739    28     6     6  4175   381
 164 1276.7040  868.5461    26     6     6  3815   407
 165 1474.5476  868.5813    25     5     6  3538    40
 166 1262.4720  869.5915    22     5     5  2565   467
 167 1460.7684  869.6222    28     6     6  3691     4
 168 1447.0087  870.6774    28     6     6  3751    35
 169 1433.1660  871.7098    27     6     6  3748    91
 170 1419.2445  872.7457    26     6     6  3758   122
 171 1596.5239  873.5311    21     5     5  2014   408
 172 1405.2647  873.7763    26     6     6  3786    83
 173 1583.3006  874.4909    23     5     5  2800   302
 174 1391.2372  874.8178    26     6     6  3811   150
 175 1569.7757  875.5267    25     6     5  3198   231
 176 1377.1559  875.8703    26     6     6  3828   157
 177 1556.4130  876.5445    22     5     5  3169   137
 178 1362.9805  876.9353    29     6     6  3968   126
 179 1542.8333  877.5785    26     6     5  3337   111
 180 1348.7363  878.0144    28     6     6  4011   288
 181 1529.3961  878.5831    23     5     6  3305    46
 182 1334.5598  879.0503    26     5     6  3975   154
 183 1515.6794  879.6599    26     6     6  3457    82
 184 1320.3916  880.0871    27     6     6  4026   259
 185 1502.1775  880.7241    26     6     6  3536    15
 186 1305.9901  881.1497    29     6     6  4139   311
 187 1488.4620  881.7377    25     5     6  3539    63
 188 1291.5935  882.2176    28     6     6  4127   307
 189 1474.6627  882.8458    27     6     6  3643    14
 190 1277.3998  883.2586    27     6     6  3815   385
 191 1460.9869  883.9237    28     6     6  3694    25
 192 1262.7288  884.3458    22     5     5  2481   448
 193 1447.2081  884.9571    27     6     6  3669    32
 194 1433.3663  886.0669    27     6     6  3728     6
 195 1419.4477  887.1624    26     5     6  3708    11
 196 1596.4508  887.4958    21     5     5  2005   440
 197 1405.4902  888.2559    26     5     6  3758     9
 198 1583.2443  888.5012    24     6     5  2815   281
 199 1391.4915  889.3139    25     5     6  3716    45
 200 1569.7368  889.5477    24     6     5  3130   184
 201 1377.4781  890.3744    25     5     6  3718   102
 202 1556.4171  890.5585    22     5     5  3151   125
 203 1363.4051  891.4184    26     6     6  3776    78
 204 1542.8621  891.6489    27     6     6  3344    88
 205 1349.2556  892.4614    27     6     6  3891   152
 206 1529.4122  892.6901    25     5     6  3391    81
 207 1334.9819  893.4809    26     6     5  3919   223
 208 1515.7878  893.7999    28     6     6  3544    42
 209 1320.6692  894.4888    25     6     5  3838   146
 210 1502.2430  894.8630    26     6     6  3537    18
 211 1306.4858  895.5496    24     5     5  3739   303
 212 1488.5420  896.0101    26     5     6  3584    29
 213 1292.2151  896.5945    27     6     6  4018   316
 214 1474.8237  897.1102    26     6     6  3583    12
 215 1277.7687  897.6348    27     6     6  3739   374
 216 1461.1695  898.1960    28     6     6  3660     3
 217 1263.4832  898.5942    22     5     5  2469   460
 218 1447.4246  899.3061    24     5     6  3454     0
 219 1433.5208  900.3599    24     5     6  3462    22
 220 1596.3467  901.4244    21     5     5  1976   423
 221 1419.5633  901.4341    23     5     6  3472     2
 222 1405.6202  902.4659    24     6     5  3605    61
 223 1583.1574  902.4709    24     6     5  2782   284
 224 1391.6665  903.5041    24     6     5  3615    33
 225 1569.6984  903.5311    24     6     5  3130   171
 226 1377.6558  904.5429    26     6     6  3726    37
 227 1556.4132  904.5690    22     5     5  3128   164
 228 1363.5871  905.6144    26     6     6  3756   107
 229 1542.8837  905.6658    27     6     6  3328   128
 230 1349.5120  906.6758    25     5     6  3747   120
 231 1529.4335  906.7453    25     5     6  3370    50
 232 1433.5059  907.4922    26     5     6  3861    19
 233 1335.4333  907.7618    25     5     6  3828   206
 234 1515.8562  907.9144    26     6     6  3397    51
 235 1321.2477  908.8612    27     6     6  3958   232
 236 1502.3455  908.9966    27     6     6  3531    38
 237 1306.9213  910.0119    29     6     6  4056   199
 238 1488.6234  910.1705    25     5     6  3511    58
 239 1292.5846  911.1456    27     6     6  3997   200
 240 1474.9797  911.2443    27     6     6  3595    48
 241 1278.4449  912.2136    27     6     6  3710   342
 242 1461.3905  912.3667    26     6     6  3528     7
 243 1263.9324  913.2975    23     6     5  2429   418
 244 1447.5404  913.4556    22     5     5  3354     5
 245 1439.7936  913.9882    16     5     5  2152    17
 246 1433.5991  914.5137    23     5     5  3340    10
 247 1596.2760  915.3450    19     5     5  1834   451
 248 1419.8325  915.5422    26     6     5  3598     1
 249 1583.0833  916.4028    23     6     5  2693   242
 250 1406.0272  916.6256    27     6     6  3723    24
 251 1569.6585  917.4969    24     6     5  3124   267
 252 1392.1019  917.7179    27     6     6  3764    54
 253 1556.4067  918.5492    22     5     5  3114   127
 254 1378.1101  918.8255    26     6     6  3739    65
 255 1542.9009  919.6426    27     6     6  3313   116
 256 1364.0499  919.9415    27     6     6  3787    95
 257 1529.4707  920.7235    25     5     6  3331    97
 258 1349.8963  921.0932    26     6     6  3783    60
 259 1515.9330  921.9096    26     6     6  3346   124
 260 1335.7405  922.2212    27     6     6  3882   113
 261 1502.4113  923.0561    26     5     6  3465    59
 262 1321.5659  923.3500    26     6     6  3834    87
 263 1488.7194  924.2287    26     6     6  3515    57
 264 1307.4701  924.4303    26     6     6  3809   212
 265 1475.1986  925.3493    26     6     6  3470    69
 266 1293.1918  925.4942    26     6     5  3886   197
 267 1461.4991  926.4483    24     5     5  3426    13
 268 1278.7646  926.5043    25     6     5  3559   333
 269 1447.6253  927.4837    24     6     5  3411    49
 270 1264.5602  927.5077    22     5     5  2396   437
 271 1433.9472  928.5624    26     6     5  3543     8
 272 1596.2307  929.2195    19     5     5  1752   435
 273 1420.2255  929.6527    27     6     6  3623    26
 274 1582.9917  930.3264    24     6     5  2715   376
 275 1406.3359  930.7568    27     6     6  3733    21
 276 1569.6187  931.4334    22     5     5  3037   268
 277 1392.4010  931.9179    26     5     6  3705    77
 278 1556.4017  932.5020    23     5     5  3114   176
 279 1378.4345  933.0981    26     5     6  3726    41
 280 1542.9027  933.5886    26     6     5  3252   158
 281 1364.4457  934.2721    25     5     6  3646    68
 282 1529.4990  934.6422    24     5     6  3261   110
 283 1350.4041  935.3799    26     6     6  3698    93
 284 1516.0125  935.8433    26     6     6  3345    56
 285 1336.3052  936.4684    25     6     5  3689   145
 286 1502.4689  937.0295    26     5     6  3453   134
 287 1322.1060  937.5265    26     6     5  3828   177
 288 1488.8333  938.2122    26     6     6  3454    96
 289 1307.8217  938.5895    27     6     6  3852   185
 290 1475.3548  939.3529    26     6     6  3469    94
 291 1293.5647  939.6977    28     6     6  3889   218
 292 1461.5579  940.4610    22     5     5  3329    52
 293 1279.4649  940.8261    26     5     6  3606   315
 294 1447.8554  941.5196    26     6     5  3540    16
 295 1265.1221  942.0322    24     6     6  2457   441
 296 1434.2513  942.6040    25     6     5  3538    28
 297 1596.0883  942.9091    19     5     5  1737   413
 298 1420.4146  943.7169    25     5     6  3569    31
 299 1582.9123  944.0526    24     6     6  2682   369
 300 1406.5098  944.9228    26     5     6  3639    64
 301 1569.6213  945.2908    24     5     6  3079   285
 302 1392.6009  946.1551    25     5     6  3619    20
 303 1556.4029  946.4128    24     5     5  3116   290
 304 1378.6399  947.3111    26     6     6  3687    86
 305 1542.9176  947.4990    26     6     5  3261   147
 306 1364.6239  948.4261    25     6     6  3630    27
 307 1529.5103  948.5669    23     5     5  3184   149
 308 1350.6008  949.4749    24     6     5  3590   132
 309 1516.0982  949.7136    26     6     6  3341    89
 310 1336.5487  950.5436    26     6     6  3684   112
 311 1502.5398  950.8741    26     5     6  3412    84
 312 1322.4820  951.6550    25     5     6  3701   219
 313 1488.9950  952.1050    26     6     6  3391    34
 314 1308.3932  952.8295    27     6     6  3851   178
 315 1475.4513  953.3327    24     5     6  3358    85
 316 1294.1559  954.0374    29     6     6  3949   217
 317 1461.6817  954.4304    25     6     5  3462    79
 318 1279.8576  955.2288    26     6     6  3568   248
 319 1448.1710  955.5261    25     6     5  3475    72
 320 1265.6230  956.4440    22     5     5  2368   403
 321 1434.4356  956.5707    23     5     6  3400    53
 322 1596.0074  956.5817    20     5     5  1808   425
 323 1582.8297  957.7114    21     6     5  2512   320
 324 1420.5678  957.7533    26     5     6  3542    67
 325 1569.6031  958.9195    25     5     6  3083   291
 326 1406.7397  959.0481    28     6     6  3686    30
 327 1556.3750  960.1971    24     5     6  3072   305
 328 1392.8941  960.2069    26     6     6  3586    70
 329 1542.9502  961.3640    25     6     5  3169   241
 330 1379.0363  961.3815    27     6     6  3679    71
 331 1529.5458  962.4834    22     5     5  3151   227
 332 1365.1261  962.4857    26     6     5  3675   118
 333 1351.1287  963.5844    25     6     5  3631   105
 334 1516.1863  963.5898    25     6     5  3300   117
 335 1502.5879  964.6936    24     5     6  3271   143
 336 1337.0527  964.7191    27     6     6  3751   180
 337 1322.9128  965.9220    27     6     6  3734   139
 338 1489.1360  965.9387    26     6     6  3363   175
 339 1308.7305  967.1363    27     6     6  3805   162
 340 1475.5311  967.2305    25     5     6  3406   183
 341 1294.5530  968.3339    25     5     6  3682   169
 342 1461.9016  968.3685    25     6     5  3379   181
 343 1280.5241  969.4578    24     5     5  3357   304
 344 1448.3884  969.4991    24     6     5  3368    43
 345 1596.0303  970.3773    18     4     5  1658   456
 346 1266.3378  970.5468    24     6     5  2439   411
 347 1434.5437  970.5680    24     5     5  3376   106
 348 1582.7526  971.5130    23     6     5  2615   346
 349 1420.8283  971.7647    27     6     6  3522    98
 350 1569.5786  972.5994    23     5     5  2981   292
 351 1407.0946  973.0018    26     6     6  3498    76
 352 1556.3733  973.7743    24     5     6  3063   167
 353 1393.3169  974.2633    27     6     6  3589    47
 354 1542.9957  975.0544    24     6     6  3056   325
 355 1379.4267  975.4436    25     6     5  3502    99
 356 1529.5579  976.3591    23     5     6  3137   286
 357 1365.4702  976.5241    24     5     5  3485   156
 358 1516.2672  977.4484    24     6     5  3197   195
 359 1351.4618  977.5902    24     5     6  3529   159
 360 1502.6481  978.5654    24     6     5  3233   194
 361 1337.4503  978.7792    25     5     6  3646   234
 362 1489.2904  979.7091    26     6     6  3361    66
 363 1323.4121  980.0456    26     5     6  3688   153
 364 1475.6387  980.9901    25     5     6  3327   140
 365 1309.3258  981.2838    27     6     6  3704   214
 366 1462.1224  982.2376    27     6     6  3408   119
 367 1295.1207  982.4451    26     6     5  3723   216
 368 1448.4967  983.4418    23     5     5  3282   211
 369 1280.8952  983.5191    26     6     5  3494   368
 370 1595.9350  983.9237    17     4     5  1558   475
 371 1434.7087  984.5334    24     6     5  3356   170
 372 1266.6630  984.5747    22     5     5  2278   443
 373 1582.7248  985.1966    24     5     6  2637   261
 374 1421.1558  985.6886    26     6     6  3479   100
 375 1569.5508  986.4189    22     5     5  2950   371
 376 1407.3848  986.9106    25     5     6  3464   222
 377 1556.3892  987.5079    22     5     5  3004   244
 378 1393.5190  988.2455    25     5     6  3509   168
 379 1542.9995  988.6917    24     6     5  3052   208
 380 1379.5752  989.4274    24     6     6  3486   204
 381 1529.6214  989.9328    25     5     6  3177   240
 382 1365.6591  990.5031    24     6     5  3469   196
 383 1516.3099  991.2428    25     6     6  3202   236
 384 1351.7385  991.6437    26     6     6  3568   229
 385 1502.7345  992.4300    25     6     5  3293   224
 386 1337.7758  992.8792    27     6     6  3652   203
 387 1489.4129  993.5405    22     5     5  3200   220
 388 1323.7185  994.1586    27     6     6  3702   213
 389 1475.7679  994.6939    25     6     6  3266   246
 390 1309.6158  995.3854    25     6     6  3598   272
 391 1462.3220  995.9741    26     6     6  3367   148
 392 1295.5365  996.4722    24     5     5  3500   282
 393 1448.6109  997.3144    24     5     6  3328   264
 394 1281.5014  997.5596    23     5     5  3248   394
 395 1595.8702  997.5833    19     5     5  1682   474
 396 1435.0331  998.4474    26     6     5  3448   142
 397 1582.6850  998.6602    22     5     5  2511   379
 398 1267.3788  998.7312    22     5     5  2255   453
 399 1421.4284  999.5543    22     5     5  3308   166
 400 1569.5554  999.9146    24     5     6  2934   392
 401 1407.5746 1000.7566    24     5     6  3371   144
 402 1556.3592 1001.2521    24     5     6  2983   339
 403 1393.7605 1002.1065    26     6     6  3511   258
 404 1543.0400 1002.4140    26     6     5  3137   324
 405 1379.9743 1003.3299    27     6     6  3566   201
 406 1529.6155 1003.5702    23     5     5  3072   298
 407 1366.2118 1004.4863    26     6     5  3566   187
 408 1516.3821 1004.7628    24     5     6  3160   174
 409 1352.2971 1005.6087    26     6     6  3582   228
 410 1502.9011 1006.0953    26     6     6  3252   329
 411 1338.3117 1006.8210    27     6     6  3665   249
 412 1489.4646 1007.4051    23     5     5  3184   263
 413 1324.2821 1008.1294    28     6     6  3699   274
 414 1475.9396 1008.5222    26     6     5  3329   233
 415 1310.2491 1009.3802    26     6     6  3596   253
 416 1462.4718 1009.6468    24     5     6  3291   173
 417 1296.1159 1010.5067    26     6     5  3685   296
 418 1595.7994 1010.9848    19     5     5  1608   473
 419 1448.8220 1010.9855    26     6     6  3331   295
 420 1281.9439 1011.6454    27     6     6  3434   401
 421 1435.3146 1012.2935    25     6     6  3327   192
 422 1582.6093 1012.3602    22     5     5  2509   417
 423 1267.8086 1012.8363    21     5     6  2168   463
 424 1421.5375 1013.4727    22     5     5  3261   254
 425 1569.5210 1013.5198    22     5     5  2866   393
 426 1407.8103 1014.6165    25     6     5  3361   238
 427 1556.3760 1014.6686    22     5     5  2891   338
 428 1394.1645 1015.8703    26     6     6  3455   141
 429 1543.0448 1016.0046    24     6     6  2940   386
 430 1380.3903 1017.2287    25     5     6  3410   280
 431 1529.6617 1017.3468    22     5     5  2986   406
 432 1366.5095 1018.4511    23     5     5  3357   221
 433 1516.4376 1018.4883    22     5     5  3070   327
 434 1352.5324 1019.5292    24     5     5  3425   345
 435 1502.9876 1019.6836    25     6     6  3151   328
 436 1338.5826 1020.7258    24     5     6  3428   347
 437 1489.5565 1020.9702    26     5     6  3263   273
 438 1324.6086 1022.0799    26     5     6  3583   318
 439 1476.1280 1022.3058    26     6     6  3241   313
 440 1310.5663 1023.3726    24     5     6  3492   336
 441 1462.5500 1023.4957    22     5     5  3179   343
 442 1296.5222 1024.4827    24     5     5  3453   367
 443 1595.8032 1024.4902    18     5     5  1309   476
 444 1449.0726 1024.6571    25     6     5  3262   251
 445 1282.5088 1025.5855    24     5     6  3247   422
 446 1582.6267 1025.6614    19     5     5  1842   433
 447 1435.4724 1025.9567    26     5     6  3367   293
 448 1268.4104 1026.8477    22     5     6  2216   452
 449 1569.4631 1026.9829    21     5     6  2189   432
 450 1421.7357 1027.3050    26     6     6  3413   323
 451 1556.3056 1028.3288    22     5     5  2484   436
 452 1408.2186 1028.4872    25     6     5  3361   294
 453 1543.0402 1029.5119    25     6     5  2844   340
 454 1394.4557 1029.6156    24     5     6  3389   300
 455 1529.7239 1030.7188    25     6     6  3010   359
 456 1380.6001 1030.9548    26     5     6  3468   319
 457 1516.4522 1032.0698    24     5     6  3041   337
 458 1366.7332 1032.2931    26     6     6  3504   349
 459 1503.1198 1033.3637    26     6     5  3215   354
 460 1352.9197 1033.4691    26     6     5  3530   388
 461 1489.5976 1034.5598    23     5     5  3158   335
 462 1339.0905 1034.6356    25     6     5  3470   360
 463 1476.2971 1035.7853    26     6     6  3326   265
 464 1325.1133 1035.9095    26     6     6  3542   358
 465 1462.6834 1037.1719    26     6     6  3345   362
 466 1311.1110 1037.2405    27     6     6  3589   378
 467 1449.3023 1038.4169    24     6     5  3233   277
 468 1297.0466 1038.4582    26     6     5  3594   404
 469 1435.5760 1039.5789    24     5     5  3267   352
 470 1282.9714 1039.6259    26     6     5  3309   421
 471 1268.8196 1040.7929    21     5     6  2139   461
 472 1422.0396 1040.9070    26     6     6  3359   308
 473 1408.4234 1042.2651    24     5     6  3316   350
 474 1571.0963 1043.3672   234    42    22 15195    -1
 475 1394.5735 1043.4749    23     5     5  3341   391
 476 1380.9103 1044.6592    27     6     6  3524   364
 477 1367.1821 1045.9603    26     6     6  3505   399
 478 1353.3816 1047.3306    26     6     6  3496   370
 479 1339.4713 1048.5130    23     5     5  3379   397
 480 1535.7226 1048.6849     9     4     3   742   479
 481 1325.4991 1049.6227    24     5     6  3368   412
 482 1311.5302 1050.9888    26     5     6  3256   430
 483 1297.5321 1052.3709    23     5     5  2893   450
 484 1554.0515 1052.6544    11     4     3   686    -1
 485 1283.5658 1053.4393    21     5     5  2434   459
 486 1269.4854 1054.6288    22     5     5  1783   471
 487 1341.1429 1067.3661     5     2     3   362    -1
 488 2556.2191 1577.2204    20     6     7  2531    -1
 489 2549.8387 1587.5689    48     8    13  6885    -1
 490 2545.7793 1599.1969    16     4     6  1516    -1
 491 2546.7982 1607.4486    24     4     8  2290    -1
 492 2523.8827 1631.9376    67    10    10  3823    -1
 493 2550.7362 1635.8322   136    14    30 15080    -1
 494 2556.9608 1656.3627     9     3     5   552   481
 495 2541.3597 1659.8139   291    35    40 17672    -1
