484
   0 1262.1638  514.2064    64    18     4  3435    -1
   1 1255.5504  534.2721   284    25    24 16245    -1
   2 1236.1335  541.2149    61     4    17  3271    -1
   3 1239.8651  644.2937   252     6    62 12852    -1
   4 1253.1790  644.3601   243     7    61 12393    -1
   5 1453.7857  734.9055     6     3     3   517   468
   6 1512.7079  749.0474    15     5     4  1130   461
   7 1500.7299  750.0033    17     5     4  1607   454
   8 1488.7864  750.7064    19     5     5  2137   412
   9 1476.7577  751.4417    21     5     5  2354    -1
  10 1464.6863  752.1079    20     5     5  2390   411
  11 1452.6263  752.8814    19     5     5  2518    -1
  12 1440.5191  753.6262    21     5     5  2833   309
  13 1428.3396  754.3701    21     5     5  2852    -1
  14 1416.1931  755.1535    20     5     5  2665   280
  15 1403.9854  755.8309    21     6     5  2694   326
  16 1391.7732  756.6024    21     5     5  2847   258
  17 1379.4497  757.3565    21     5     5  2938   335
  18 1367.1321  758.1212    21     5     6  2795   277
  19 1354.7845  758.7823    20     5     5  2821   333
  20 1342.3859  759.5511    21     5     5  3066   314
  21 1329.9381  760.3370    20     5     5  2865   321
  22 1317.4701  761.0614    23     5     6  3122   398
  23 1304.9469  761.7666    21     6     5  3019   406
  24 1512.7845  761.8977    17     5     5  1539   457
  25 1500.8648  762.5198    20     5     5  2261    -1
  26 1292.4212  762.5379    21     5     5  3295   388
  27 1488.8753  763.2434    21     5     5  2574    -1
  28 1279.8417  763.3073    22     5     5  3207   399
  29 1476.8291  763.9929    20     5     6  2483   385
  30 1267.1990  764.0278    21     5     6  2990   418
  31 1464.8396  764.7497    20     5     5  2534   380
  32 1254.5856  764.7872    21     5     5  2965   429
  33 1452.8242  765.5469    20     5     5  2641   342
  34 1241.9500  765.5621    20     5     5  2820   445
  35 1229.1313  766.2633    18     5     5  2256   458
  36 1440.7233  766.2975    22     5     5  2730   367
  37 1428.5804  767.0249    21     5     6  2618   301
  38 1216.4444  767.0417    16     5     4  1555   462
  39 1416.4365  767.8115    22     5     5  2737   263
  40 1404.2073  768.5160    22     5     5  2791   358
  41 1392.0129  769.3198    20     6     5  2587   259
  42 1379.7545  770.0435    19     5     5  2514   372
  43 1367.4584  770.8206    22     5     5  2781   377
  44 1355.0783  771.5560    20     5     5  2679   322
  45 1342.7483  772.3820    22     5     5  2888   368
  46 1330.2970  773.1236    21     5     6  2769   349
  47 1317.8756  773.8328    20     5     5  2752   383
  48 1512.8297  774.1812    16     4     5  1440   425
  49 1305.3816  774.5980    22     5     5  3060   378
  50 1500.8675  775.0184    18     5     5  2040   408
  51 1292.8856  775.4275    21     5     5  2925   392
  52 1488.9277  775.8055    20     5     5  2473   329
  53 1280.2693  776.1812    20     5     5  2929   393
  54 1476.9439  776.5949    19     5     5  2457   446
  55 1267.7059  776.9153    21     5     6  3022   407
  56 1464.9802  777.4300    20     5     5  2514   355
  57 1255.0571  777.6850    21     5     5  3109   382
  58 1452.9643  778.1867    19     5     5  2434   438
  59 1242.4085  778.4596    21     5     5  3475   400
  60 1440.8765  778.9251    21     5     6  2532   423
  61 1229.7834  779.2075    20     5     5  2969   440
  62 1428.8040  779.7102    19     5     5  2506   431
  63 1217.0220  779.9987    16     4     4  1959   460
  64 1416.6845  780.5006    21     5     5  2741   433
  65 1404.4476  781.2634    21     5     5  2711   434
  66 1392.2553  782.0587    21     5     6  2566   441
  67 1380.0102  782.7951    19     5     5  2475   428
  68 1367.7769  783.5975    21     5     5  2711   443
  69 1355.4169  784.3698    21     5     5  2832    -1
  70 1343.0779  785.1693    20     5     5  2618    -1
  71 1330.7029  785.8956    21     5     6  2726    -1
  72 1318.2372  786.6786    22     5     5  2881   315
  73 1512.8615  786.8878    15     4     4  1436   426
  74 1305.8015  787.4951    21     5     5  2884   360
  75 1500.9466  787.5680    17     4     5  2086   448
  76 1293.2499  788.2606    20     5     5  2863   346
  77 1489.0389  788.3836    20     5     5  2503   421
  78 1280.7485  789.0160    21     5     6  2889   361
  79 1477.0503  789.1953    20     5     5  2490   340
  80 1268.1592  789.8053    20     5     5  2913   363
  81 1465.0789  789.9659    19     5     5  2401   419
  82 1255.5790  790.5826    21     5     5  3253   359
  83 1453.0387  790.7492    19     5     5  2435   424
  84 1242.9408  791.3859    21     6     5  3144   409
  85 1441.0221  791.5234    20     5     5  2538   285
  86 1230.2959  792.1764    20     5     5  2842   415
  87 1429.0057  792.3530    19     5     5  2453   439
  88 1217.6962  792.9882    16     5     4  1855   452
  89 1416.8922  793.1065    20     5     5  2484    -1
  90 1404.7361  793.8872    20     5     5  2516   255
  91 1392.5424  794.7165    21     5     5  2699   436
  92 1380.2533  795.4719    21     5     5  2720   286
  93 1368.0387  796.3025    19     5     5  2489   338
  94 1355.7626  797.0639    20     5     5  2550    -1
  95 1343.4289  797.8824    21     5     5  2682   330
  96 1331.0343  798.6373    20     5     5  2660   260
  97 1512.8941  799.1971    15     4     5  1397   442
  98 1318.6583  799.4623    21     5     5  2907   305
  99 1500.9901  800.0436    16     4     4  1959   387
 100 1306.1783  800.2459    20     5     5  2775   327
 101 1489.1019  800.8927    20     5     5  2477   353
 102 1293.7216  801.0230    20     5     6  2742   336
 103 1477.1149  801.6656    22     5     5  2640   287
 104 1281.1728  801.8185    20     5     5  2837   307
 105 1465.1604  802.4705    20     5     5  2593   293
 106 1268.6556  802.6010    21     5     5  3100   339
 107 1453.2083  803.2863    19     5     5  2527   250
 108 1256.0670  803.4173    23     6     5  3060   381
 109 1441.2138  804.1233    20     5     5  2492   252
 110 1243.4425  804.2362    21     5     5  3154   389
 111 1429.1515  804.9280    20     5     5  2472   271
 112 1230.8531  805.0175    20     5     6  2685   417
 113 1417.0235  805.7025    19     5     5  2461   272
 114 1218.1108  805.8659    16     4     4  1743   449
 115 1404.9642  806.5150    20     5     5  2536   244
 116 1392.8430  807.3395    21     5     5  2601   241
 117 1380.5717  808.0989    20     5     5  2521   215
 118 1368.3424  808.9556    19     5     5  2460   239
 119 1356.0245  809.7338    19     5     5  2481   220
 120 1343.8001  810.5623    21     5     5  2736   237
 121 1331.3971  811.3348    21     5     5  2848   203
 122 1512.9518  811.6784    17     4     5  1545   455
 123 1319.0255  812.1804    20     6     5  2627   246
 124 1500.9932  812.4807    17     4     5  2095   373
 125 1306.6086  812.9559    20     5     6  2713   253
 126 1489.1858  813.2963    19     5     5  2516   337
 127 1294.1003  813.7628    20     5     5  2754   231
 128 1477.2808  814.1490    19     5     5  2474   302
 129 1281.6842  814.5816    21     5     5  3010   254
 130 1465.3570  815.0003    19     5     5  2433   267
 131 1269.1050  815.4070    21     5     5  2888   319
 132 1453.4057  815.8518    21     5     5  2599   274
 133 1256.5448  816.2005    22     5     5  3040   344
 134 1441.3839  816.6167    21     5     5  2686   225
 135 1243.9605  817.0228    22     5     6  2961   348
 136 1429.3181  817.4203    21     5     5  2694   238
 137 1231.3734  817.8670    21     5     5  2693   384
 138 1417.2506  818.2417    19     5     5  2514   208
 139 1218.8450  818.7250    18     5     5  1900   456
 140 1405.1716  819.0965    20     5     5  2492   251
 141 1393.0072  819.8843    19     5     5  2415   216
 142 1380.8780  820.6930    20     5     5  2508   174
 143 1368.6697  821.5380    21     5     5  2706   176
 144 1356.3559  822.3276    21     5     5  2709   185
 145 1344.0851  823.2017    20     5     5  2552   186
 146 1331.7782  823.9956    20     5     6  2578   169
 147 1512.9807  824.0668    16     4     4  1474   435
 148 1319.4158  824.8468    22     5     5  2810   143
 149 1501.0981  824.9413    18     5     5  2042   405
 150 1306.9920  825.6347    20     6     5  2685   190
 151 1489.3018  825.7636    22     5     5  2629   294
 152 1294.5715  826.4560    21     5     5  2980   226
 153 1477.4164  826.5713    21     5     5  2677   273
 154 1282.0918  827.2953    20     5     5  2749   264
 155 1465.5091  827.3918    21     5     5  2695   201
 156 1269.5761  828.0974    21     5     5  2863   300
 157 1453.5631  828.2157    21     5     5  2619   175
 158 1257.0410  828.9215    20     5     5  2758   318
 159 1441.5920  829.0547    20     5     5  2500   157
 160 1244.4949  829.7701    21     5     5  3012   323
 161 1429.5909  829.9298    18     5     5  2396   181
 162 1231.9208  830.5751    19     5     5  2547   395
 163 1417.5289  830.7937    21     5     5  2640   206
 164 1219.1267  831.4215    18     5     5  1843   437
 165 1405.4004  831.5894    21     5     5  2706   146
 166 1393.2196  832.4006    21     5     5  2669   161
 167 1381.1051  833.2771    20     5     5  2494   173
 168 1368.9485  834.0957    19     5     5  2397   141
 169 1356.7143  834.9154    20     5     5  2507   100
 170 1344.4617  835.7891    22     5     5  2743   172
 171 1512.9484  836.3670    16     4     5  1507   420
 172 1332.0854  836.5872    20     5     5  2628   155
 173 1501.1800  837.1592    19     5     5  2153   364
 174 1319.8244  837.4691    22     5     5  2814   170
 175 1489.4123  838.0688    19     5     5  2432   295
 176 1307.3779  838.2548    21     5     5  2836   187
 177 1477.5897  838.9524    18     5     5  2372   270
 178 1294.9889  839.1329    19     5     5  2617   165
 179 1465.6968  839.8384    19     5     5  2469   214
 180 1282.5487  839.9499    22     5     6  2825   200
 181 1453.7942  840.6921    19     5     5  2517   192
 182 1270.0259  840.7748    19     5     5  2686   198
 183 1441.8278  841.5317    20     5     5  2577   145
 184 1257.5510  841.6465    21     5     5  3029   196
 185 1429.8205  842.3740    22     5     5  2632   137
 186 1244.9668  842.4808    22     6     5  2921   222
 187 1417.7526  843.1607    20     5     5  2512    97
 188 1232.4188  843.3024    21     5     5  2725   396
 189 1405.6581  844.0238    19     5     5  2443   104
 190 1219.8493  844.0453    17     5     5  1666   430
 191 1393.5642  844.9243    18     5     5  2380   121
 192 1381.3948  845.8031    22     5     5  2621   149
 193 1369.1656  846.5992    22     5     5  2622   112
 194 1357.0007  847.4826    21     6     5  2544    88
 195 1344.8149  848.3533    21     5     5  2625    91
 196 1513.0108  848.7515    15     4     5  1398   453
 197 1332.4628  849.1422    20     5     5  2638    69
 198 1501.2143  849.5744    20     5     5  2183   391
 199 1320.1558  850.0383    20     5     6  2592    72
 200 1489.5683  850.4145    21     5     5  2617   248
 201 1307.8145  850.8716    20     5     5  2663   105
 202 1477.7267  851.2440    22     5     5  2569   219
 203 1295.4431  851.7249    21     5     5  2860   103
 204 1465.8438  852.1094    20     5     5  2408   178
 205 1282.9774  852.5658    21     6     5  2753    95
 206 1453.9026  853.0168    19     5     5  2351   180
 207 1270.5150  853.4173    21     5     5  2984    99
 208 1441.9494  853.8964    19     5     5  2383   142
 209 1258.0263  854.2939    20     6     5  2727   120
 210 1429.9523  854.7647    19     5     5  2416   131
 211 1245.4708  855.1406    21     5     5  2867   204
 212 1417.9483  855.6221    19     5     5  2440   101
 213 1233.0074  855.9855    17     5     4  2265   375
 214 1405.9179  856.5156    20     5     5  2541   109
 215 1220.3742  856.9673    17     5     4  1661   427
 216 1393.8647  857.3767    21     5     5  2550    90
 217 1381.7003  858.1776    21     5     5  2548    55
 218 1369.5167  859.0255    19     5     5  2383    83
 219 1357.3246  859.9929    19     5     5  2421    85
 220 1345.0471  860.8342    19     5     5  2467    60
 221 1513.1173  860.9528    15     4     4  1364   422
 222 1332.8506  861.6962    20     5     5  2626    57
 223 1501.4028  861.9434    17     5     5  1971   394
 224 1320.5566  862.5719    21     5     5  2871    43
 225 1489.7011  862.7804    19     5     5  2437   290
 226 1308.1692  863.4279    20     5     5  2720    37
 227 1477.8908  863.6132    19     5     5  2434   210
 228 1295.8802  864.3054    21     5     5  2741    62
 229 1465.9738  864.5007    19     5     5  2398   243
 230 1283.4185  865.1549    20     5     5  2730    86
 231 1369.6409  865.3144    25     5     5  3174    42
 232 1454.0301  865.3769    18     4     5  2313   164
 233 1270.9776  866.0328    20     5     5  2633   128
 234 1442.0719  866.2460    19     5     5  2375   177
 235 1258.5178  866.8945    21     5     5  2789   151
 236 1430.1253  867.1155    20     5     5  2441   113
 237 1245.9877  867.7620    20     6     5  2702   179
 238 1418.1115  868.0229    18     5     4  2321   118
 239 1233.5000  868.6607    21     5     5  2668   217
 240 1406.0715  868.8974    20     5     5  2447    98
 241 1221.0361  869.4964    16     4     5  1645   366
 242 1394.0069  869.7586    19     5     5  2404    58
 243 1381.9657  870.6312    18     4     5  2356    53
 244 1375.1914  871.1452    14     5     4  1523   266
 245 1369.8879  871.5971    19     5     5  2422    89
 246 1357.6683  872.4286    21     5     5  2702    44
 247 1513.1365  873.0222    15     4     4  1380   450
 248 1345.4189  873.2649    21     5     5  2726     2
 249 1501.5230  874.0060    16     5     4  1889   341
 250 1333.1888  874.1800    20     5     5  2597    26
 251 1489.7813  874.9647    18     5     4  2258   298
 252 1320.9316  875.0427    20     5     5  2557    24
 253 1477.9519  875.8630    18     4     5  2261   282
 254 1308.6027  875.9356    19     5     5  2566    35
 255 1466.0256  876.7552    19     5     5  2337   233
 256 1296.2234  876.8442    20     5     5  2656    23
 257 1454.1041  877.6641    20     5     5  2402   229
 258 1283.8612  877.6983    20     5     5  2689    41
 259 1442.1943  878.5506    21     5     5  2532   163
 260 1271.4413  878.5698    21     5     5  2942    80
 261 1430.2615  879.4253    21     5     5  2589   152
 262 1258.9920  879.4714    22     6     5  2781   111
 263 1418.2731  880.2724    19     5     5  2488   107
 264 1246.4958  880.3466    21     5     5  2947   122
 265 1406.2889  881.1893    19     5     5  2466    56
 266 1234.0373  881.2230    18     4     5  2279   184
 267 1221.5200  882.0037    16     5     4  1600   370
 268 1394.2887  882.1108    19     5     5  2389    59
 269 1382.1916  883.0378    18     5     4  2317    31
 270 1370.0624  883.9488    19     5     5  2376    32
 271 1357.9668  884.8149    18     4     5  2361    21
 272 1513.1582  885.1939    16     4     5  1388   416
 273 1345.8014  885.7132    19     5     5  2526    17
 274 1501.6386  886.1105    19     5     5  2018   313
 275 1333.5619  886.6204    21     5     5  2794     5
 276 1489.9105  887.1060    18     5     5  2230   242
 277 1321.2493  887.4844    21     5     5  2777     3
 278 1478.0284  888.0397    16     4     4  2121   240
 279 1309.0056  888.4060    20     6     5  2596    19
 280 1466.1830  889.0160    18     5     4  2247   247
 281 1296.6787  889.2925    22     5     5  2801    27
 282 1454.3220  889.9690    19     5     5  2321   235
 283 1284.2921  890.1845    20     5     5  2664    30
 284 1442.4511  890.8941    19     5     5  2381   197
 285 1271.9156  891.0801    20     5     5  2605    50
 286 1430.5488  891.7975    20     5     5  2496   132
 287 1259.4855  891.9704    21     5     6  2704    70
 288 1418.5994  892.6655    21     5     5  2609   110
 289 1247.0132  892.8762    19     5     5  2577    79
 290 1406.6029  893.5443    21     5     5  2653    61
 291 1234.5733  893.8382    20     5     5  2446   124
 292 1394.5646  894.4386    21     5     5  2645    38
 293 1222.0419  894.6398    17     4     5  1601   371
 294 1382.4690  895.3270    21     5     5  2663    48
 295 1370.3560  896.2115    20     5     5  2563    15
 296 1358.2645  897.1682    20     5     5  2516    18
 297 1513.2603  897.5072    17     5     5  1409   447
 298 1346.0798  898.0932    20     5     5  2492     4
 299 1501.8122  898.3229    19     5     5  2023   311
 300 1333.9232  898.9863    19     5     5  2441     7
 301 1490.0147  899.3204    18     4     5  2264   299
 302 1321.6771  899.9271    20     5     5  2564     8
 303 1478.1252  900.2287    19     5     5  2332   268
 304 1309.4158  900.8703    21     5     5  2665    29
 305 1466.3075  901.1092    19     5     5  2342   224
 306 1297.0502  901.7346    19     5     5  2544    25
 307 1454.4978  902.0500    18     5     5  2280   182
 308 1284.7777  902.6562    20     5     5  2696    22
 309 1442.6603  902.9917    18     5     4  2279   162
 310 1272.3603  903.5458    21     5     5  2861    36
 311 1430.7411  903.9634    19     5     5  2331   158
 312 1259.9621  904.4774    21     6     5  2686    33
 313 1418.7952  904.8962    20     5     5  2426   116
 314 1247.4978  905.3653    21     5     5  2891    49
 315 1406.8418  905.8027    20     5     5  2460    78
 316 1235.0765  906.2898    19     5     5  2277   183
 317 1394.8430  906.7235    19     5     5  2440    71
 318 1222.5889  907.0268    17     5     5  1615   404
 319 1382.8225  907.6759    19     5     5  2491    39
 320 1370.7650  908.5906    21     5     5  2650    10
 321 1358.6004  909.5000    21     5     5  2713    12
 322 1513.3050  909.6181    15     5     5  1309   451
 323 1346.4078  910.4244    21     5     5  2731    13
 324 1501.8913  910.4621    18     5     5  2009   256
 325 1334.2068  911.3248    20     5     5  2610     9
 326 1490.0266  911.4331    18     5     5  2290   296
 327 1322.0456  912.2780    19     5     5  2486     0
 328 1478.2008  912.3366    19     5     5  2394   278
 329 1309.8310  913.1793    20     5     5  2559     1
 330 1466.4793  913.2529    21     5     5  2499   199
 331 1297.4888  914.0913    19     5     5  2560    11
 332 1454.7228  914.2015    20     5     5  2387   160
 333 1285.1742  915.0561    20     5     5  2550     6
 334 1442.8800  915.1627    19     5     5  2308   150
 335 1272.8338  915.9656    19     5     5  2505    45
 336 1430.9637  916.1185    19     5     5  2313   154
 337 1260.4493  916.9100    20     5     5  2617    76
 338 1419.0128  917.0602    17     4     5  2221   123
 339 1248.0000  917.8274    19     5     5  2514    65
 340 1407.0264  918.0213    16     4     4  2183   134
 341 1235.6158  918.8068    20     5     5  2408    73
 342 1395.0292  918.9860    18     5     5  2289   133
 343 1223.0568  919.6364    16     4     5  1504   325
 344 1383.0057  919.9305    18     4     5  2296   135
 345 1370.9713  920.8538    18     4     5  2330   114
 346 1513.4352  921.6611    16     5     5  1340   444
 347 1358.9285  921.7779    20     5     5  2454    28
 348 1501.9520  922.5572    17     4     5  1934   357
 349 1346.8152  922.7413    19     5     5  2479    46
 350 1490.0820  923.5144    19     5     5  2340   334
 351 1334.6503  923.7211    21     5     5  2687    64
 352 1478.3709  924.4745    21     5     5  2499   289
 353 1322.4020  924.6169    21     5     5  2744    34
 354 1466.7155  925.4016    21     5     5  2493   218
 355 1310.1337  925.5169    20     5     5  2600    16
 356 1454.9138  926.3717    19     5     5  2330   189
 357 1297.9456  926.4975    20     5     5  2571    20
 358 1443.0210  927.3527    18     4     5  2278   234
 359 1285.6222  927.4021    21     5     5  2777    14
 360 1431.0845  928.2912    18     5     5  2308   205
 361 1273.2456  928.3186    20     5     5  2659    40
 362 1419.1531  929.2288    19     5     5  2377   207
 363 1260.9554  929.2907    19     5     5  2498    47
 364 1407.2395  930.1602    19     5     5  2401   125
 365 1248.4933  930.1798    21     5     5  2696    92
 366 1395.2981  931.1175    19     5     5  2401   106
 367 1236.0981  931.1220    20     5     5  2254   119
 368 1223.6722  932.0136    16     5     4  1497   343
 369 1383.2987  932.0815    19     5     5  2386   102
 370 1371.2546  933.0554    19     5     5  2376    96
 371 1513.5527  933.6934    15     5     5  1262   459
 372 1359.1872  934.0309    18     5     4  2326   115
 373 1501.9684  934.5822    17     4     5  1909   328
 374 1347.0610  935.0025    17     5     4  2267    68
 375 1490.1676  935.5750    20     5     5  2387   352
 376 1334.9775  935.9589    17     4     5  2297    54
 377 1478.5682  936.5529    21     5     5  2486   291
 378 1322.7966  936.9041    20     5     5  2497    63
 379 1466.8861  937.5077    20     5     5  2422   245
 380 1310.5929  937.8861    19     5     5  2522    94
 381 1455.0018  938.4623    17     4     5  2229   306
 382 1298.3259  938.8508    21     5     5  2595    51
 383 1443.0802  939.4198    18     5     5  2322   249
 384 1286.0245  939.7255    19     5     5  2462    52
 385 1431.2073  940.3830    20     5     5  2462   228
 386 1273.7722  940.7070    19     5     5  2559    67
 387 1419.3861  941.3386    21     5     5  2543   166
 388 1261.4030  941.6450    21     5     5  2740    74
 389 1407.5053  942.2791    21     5     5  2571   148
 390 1249.0098  942.5686    21     6     5  2580    66
 391 1395.5825  943.2472    21     5     5  2553   153
 392 1236.6827  943.5419    21     5     5  2457   168
 393 1383.6055  944.2194    21     5     5  2547   140
 394 1224.0524  944.5056    17     5     5  1565   397
 395 1371.5701  945.1680    20     5     5  2497    93
 396 1513.7046  945.6197    18     5     5  1418   464
 397 1359.5118  946.1354    20     5     5  2525    75
 398 1501.9782  946.5844    16     4     5  1854   403
 399 1347.4086  947.1145    20     5     5  2520   129
 400 1490.3216  947.5781    21     5     5  2446   362
 401 1335.3092  948.1177    19     5     5  2449    77
 402 1478.7543  948.5743    21     5     5  2450   303
 403 1323.1584  949.1223    20     5     5  2496    82
 404 1466.9756  949.5277    18     5     5  2273   304
 405 1311.0024  950.0547    18     5     5  2353   156
 406 1455.0601  950.5014    19     5     5  2339   316
 407 1298.7599  951.0230    19     5     5  2447   127
 408 1443.2564  951.4924    21     5     5  2491   312
 409 1286.4934  952.0105    19     5     5  2470    87
 410 1431.5128  952.4818    21     5     5  2533   232
 411 1274.2034  952.9960    19     5     5  2440    81
 412 1419.7018  953.4552    21     5     5  2522   193
 413 1261.8778  953.9421    20     5     5  2493   136
 414 1407.8478  954.4379    20     5     5  2449   167
 415 1249.5241  954.9304    19     5     5  2488   144
 416 1395.9054  955.4416    19     5     5  2388   212
 417 1237.1036  955.9104    18     5     5  2106   117
 418 1383.9308  956.4224    19     5     5  2380   195
 419 1224.8853  956.9303    16     5     4  1467   379
 420 1513.7849  957.3934    15     4     5  1294   463
 421 1371.9389  957.3960    20     5     5  2433   126
 422 1359.9094  958.3824    20     5     5  2446   130
 423 1501.9946  958.5166    16     4     5  1823   386
 424 1347.8499  959.3512    20     5     5  2472   147
 425 1490.4641  959.5044    21     5     5  2415   365
 426 1335.7221  960.3099    21     5     5  2581   138
 427 1478.9067  960.5149    18     5     5  2245   350
 428 1323.5474  961.2700    21     5     5  2654    84
 429 1467.0077  961.5117    18     5     5  2267   354
 430 1311.3365  962.2337    20     5     5  2596   108
 431 1455.2105  962.5427    21     5     5  2501   332
 432 1299.1428  963.2651    20     5     5  2520   159
 433 1443.5252  963.5398    21     5     5  2559   276
 434 1286.9700  964.2421    19     5     5  2435   139
 435 1431.8043  964.5426    20     5     5  2479   283
 436 1274.6568  965.1688    21     5     5  2581   188
 437 1419.9359  965.5274    18     5     5  2359   265
 438 1262.3490  966.1587    19     5     5  2506   223
 439 1407.9930  966.5244    17     4     5  2282   262
 440 1250.0312  967.1546    19     5     5  2409   261
 441 1396.0294  967.5021    19     5     5  2395   257
 442 1237.6537  968.0854    19     5     5  2173   324
 443 1384.0560  968.5055    19     5     5  2414   288
 444 1225.2364  969.0606    17     5     4  1510   390
 445 1513.8119  969.0820    13     4     4   961   465
 446 1372.0759  969.5101    19     5     5  2438   209
 447 1502.0139  970.3010    16     4     5  1413   432
 448 1360.0823  970.5152    19     5     5  2463   194
 449 1490.6443  971.3098    19     5     5  1865   369
 450 1348.0528  971.5119    19     5     5  2457   213
 451 1478.9769  972.3697    16     4     5  1882   376
 452 1336.0063  972.5100    19     5     5  2451   227
 453 1467.0675  973.4256    18     5     5  2123   401
 454 1323.9514  973.5222    18     5     5  2433   221
 455 1455.4123  974.4253    21     5     5  2429   345
 456 1311.8454  974.4988    21     5     5  2654   202
 457 1443.7832  975.3949    21     5     5  2420   275
 458 1299.6087  975.4724    21     5     5  2752   191
 459 1287.3387  976.4444    21     5     5  2742   171
 460 1431.9625  976.4762    18     5     5  2288   279
 461 1275.0795  977.4353    19     5     5  2510   211
 462 1420.0112  977.4776    17     4     5  2233   356
 463 1262.8963  978.4483    20     5     5  2567   269
 464 1408.0970  978.4851    19     5     5  2362   308
 465 1250.5222  979.3809    21     5     5  2763   284
 466 1396.2063  979.4986    20     5     5  2447   347
 467 1238.1227  980.3656    18     5     5  2143   402
 468 1384.3133  980.5177    21     5     5  2523   351
 469 1226.0295  981.2988    16     4     5  1461   414
 470 1372.3882  981.5388    21     5     5  2570   317
 471 1360.4018  982.5685    21     5     5  2568   236
 472 1348.3737  983.5816    21     5     5  2594   310
 473 1336.3063  984.5732    21     5     5  2594   331
 474 1324.1989  985.5763    21     5     5  2558   230
 475 1312.0870  986.5433    19     5     5  2427   281
 476 1299.9808  987.5598    17     4     5  2306   320
 477 1287.8437  988.6061    20     5     5  2545   292
 478 1275.5774  989.6070    21     5     5  2574   297
 479 1460.9645  990.3387     6     2     3   455    -1
 480 1263.2088  990.5958    21     5     5  2355   374
 481 1251.0103  991.5412    17     4     5  1967   410
 482 1238.8803  992.6145    19     5     5  1823   413
 483 1226.1856  993.6671    16     5     5  1153   466
