480
   0 1226.7000  522.1000     5     3     2   255    -1
   1 1217.5301  540.8504   148    22    22  8065    -1
   2 1200.6379  548.8793    18     4     7   929    -1
   3 1447.8786  730.0929    12     4     4   740   470
   4 1437.2047  730.5168    12     4     4   898   461
   5 1426.4583  731.1250    14     5     4  1252   437
   6 1415.7743  731.9191    14     4     4  1349   442
   7 1404.9545  732.4144    16     4     5  1559   425
   8 1394.0930  733.0662    15     4     4  1573   413
   9 1383.2594  733.8973    16     5     5  1623   444
  10 1372.5327  734.3013    16     5     5  1595   426
  11 1361.6876  735.0472    15     5     4  1640   409
  12 1350.8265  735.7795    16     4     5  1673   429
  13 1339.8915  736.1968    16     4     5  1717   385
  14 1328.8694  736.9837    15     4     4  1703   434
  15 1317.9278  737.5965    16     4     5  1784   411
  16 1306.8864  738.1450    16     4     5  1786   379
  17 1295.8460  738.9467    15     4     4  1773   430
  18 1284.7413  739.4446    17     5     5  1824   403
  19 1273.5828  740.0593    16     5     4  1887   423
  20 1262.3702  740.8959    17     5     5  1936   427
  21 1447.9267  741.0533    12     4     4   900   463
  22 1251.1544  741.3285    18     5     5  2043   417
  23 1437.2797  741.8429    13     4     4  1172   454
  24 1240.0493  742.0368    16     4     4  1996   441
  25 1426.7846  742.2928    15     4     5  1551   362
  26 1228.8872  742.7084    15     4     5  1863   435
  27 1415.9421  743.0357    16     4     4  1655   424
  28 1217.6489  743.1964    16     5     5  1841   453
  29 1405.1095  743.8002    15     4     5  1636   404
  30 1206.3193  743.9606    15     5     4  1840   438
  31 1394.3700  744.2340    17     5     5  1696   313
  32 1195.2307  744.5432    13     4     4  1322   468
  33 1383.6765  745.0044    16     5     4  1718   418
  34 1183.7192  745.4820    11     4     4   883   469
  35 1372.8719  745.6974    17     4     5  1767   390
  36 1361.9488  746.1695    15     4     5  1697   371
  37 1351.0251  746.9450    16     4     4  1737   408
  38 1340.0456  747.6440    16     4     5  1786   402
  39 1329.0811  748.1156    15     4     4  1736   378
  40 1318.1263  748.9175    15     4     4  1732   376
  41 1307.0657  749.5373    16     4     5  1820   373
  42 1296.0841  750.0948    15     4     4  1784   377
  43 1285.0449  750.8799    16     4     4  1824   405
  44 1273.9920  751.4547    16     4     5  1926   421
  45 1262.8936  752.0606    16     4     4  1890   375
  46 1448.2282  752.2087    13     4     4   959   466
  47 1251.8270  752.8631    17     5     5  1960   422
  48 1437.5332  752.9258    14     4     4  1273   439
  49 1240.6126  753.3302    18     5     5  2001   406
  50 1426.9343  753.5800    16     4     5  1675   372
  51 1229.3208  754.0163    16     5     4  2061   368
  52 1416.0947  754.1326    15     4     4  1621   388
  53 1218.0772  754.8293    16     4     5  2127   419
  54 1405.3472  754.9536    15     5     4  1601   361
  55 1206.9311  755.3473    16     4     5  2215   401
  56 1394.7431  755.5698    18     5     5  1702   392
  57 1195.7591  756.0664    14     4     4  1800   443
  58 1383.9297  756.1354    14     4     4  1575   396
  59 1184.4314  756.7265    12     4     4  1227   467
  60 1373.0446  756.9153    16     4     4  1674   327
  61 1362.1100  757.6111    16     4     5  1682   366
  62 1351.2400  758.0922    15     4     4  1623   347
  63 1340.3687  758.9613    16     5     4  1691   387
  64 1329.4679  759.5864    18     5     5  1710   412
  65 1318.5765  760.0787    16     5     4  1702   325
  66 1307.5683  760.9540    16     5     4  1723   365
  67 1296.5721  761.5337    18     5     5  1760   389
  68 1285.4969  762.0545    16     5     4  1763   333
  69 1274.3507  762.9315    16     5     4  1771   400
  70 1448.4250  763.3000    11     4     4   830   457
  71 1263.1697  763.5041    17     5     5  1825   344
  72 1437.8241  764.0592    14     4     4  1317   415
  73 1252.1018  764.0899    15     4     4  1835   317
  74 1427.0596  764.8473    14     4     4  1581   399
  75 1241.0205  764.8743    16     4     4  1922   393
  76 1416.3268  765.3650    18     5     5  1685   320
  77 1229.9299  765.4790    16     4     5  1991   374
  78 1405.7350  766.0451    15     5     4  1614   324
  79 1218.7496  766.0634    16     5     4  2046   339
  80 1394.9658  766.8516    15     4     4  1643   416
  81 1207.3814  766.9087    17     5     5  2191   357
  82 1384.0671  767.4145    16     4     5  1701   355
  83 1196.1583  767.5067    16     4     5  1839   431
  84 1185.0518  767.9930    12     4     4  1247   464
  85 1373.2443  768.0407    14     4     4  1584   269
  86 1362.4704  768.9036    16     5     4  1645   395
  87 1351.7391  769.3871    16     5     5  1624   309
  88 1340.8293  770.0662    14     4     4  1599   235
  89 1329.9041  770.8987    15     4     4  1673   354
  90 1318.9551  771.4303    16     4     5  1747   303
  91 1307.9317  772.1150    16     4     4  1722   298
  92 1296.9571  772.8831    15     4     4  1695   370
  93 1285.9626  773.4731    16     4     5  1803   305
  94 1274.8953  774.0955    15     4     4  1724   394
  95 1448.4496  774.4574    10     3     4   758   462
  96 1263.8412  774.9125    15     4     4  1761   380
  97 1437.8820  775.0738    13     4     4  1260   348
  98 1252.7420  775.4886    17     5     5  1817   319
  99 1427.2024  775.9094    14     4     4  1550   367
 100 1241.4991  776.0655    16     5     4  1868   302
 101 1416.6140  776.5485    18     5     5  1663   337
 102 1230.2553  776.9424    15     5     4  1878   326
 103 1405.9252  777.1327    14     4     4  1582   286
 104 1219.0764  777.5734    16     4     5  1985   311
 105 1395.1048  777.9536    15     4     4  1623   350
 106 1207.9646  778.1417    15     4     4  2020   329
 107 1384.2883  778.7092    15     5     5  1553   346
 108 1196.8567  778.9611    14     4     4  1715   428
 109 1373.6726  779.1879    16     5     5  1617   293
 110 1185.5412  779.5229    10     3     4   937   458
 111 1362.8547  780.0214    14     4     4  1588   407
 112 1351.9875  780.7574    16     4     5  1717   364
 113 1341.0185  781.2598    16     4     5  1720   233
 114 1330.1179  782.0116    15     4     4  1653   331
 115 1319.1292  782.8393    16     4     5  1690   358
 116 1308.1674  783.3229    17     4     5  1731   258
 117 1297.2291  784.0280    14     4     4  1645   349
 118 1286.1919  784.9011    16     5     4  1725   343
 119 1275.1418  785.4383    16     4     5  1724   243
 120 1448.5954  785.5389    11     4     4   833   459
 121 1264.1100  786.0662    15     4     4  1755   236
 122 1438.0230  786.1513    14     4     4  1308   391
 123 1253.0654  786.8805    15     4     4  1767   270
 124 1427.4746  786.9752    16     5     4  1667   322
 125 1241.9881  787.5201    16     4     5  1896   284
 126 1416.8640  787.7446    15     4     5  1588   369
 127 1230.8886  788.1087    15     4     4  1859   273
 128 1406.0608  788.2646    16     4     5  1688   257
 129 1219.7281  788.9518    16     5     4  1940   216
 130 1395.3200  789.0011    15     5     4  1628   253
 131 1208.4353  789.6700    17     5     5  1962   328
 132 1384.7138  789.8789    16     5     4  1642   340
 133 1197.1960  790.1575    15     4     4  1658   410
 134 1373.9238  790.4013    16     4     5  1692   246
 135 1186.0592  790.9962    12     4     4  1124   452
 136 1363.0338  791.0878    15     4     4  1638   276
 137 1352.1583  791.9120    14     4     4  1581   290
 138 1341.3065  792.5980    16     5     5  1606   208
 139 1330.5165  793.1123    16     5     4  1646   202
 140 1319.6455  793.9836    16     5     4  1714   294
 141 1308.7656  794.6877    17     5     5  1697   297
 142 1297.8060  795.1863    17     5     5  1752   271
 143 1286.7817  796.0194    14     4     4  1655   248
 144 1448.7517  796.6040    13     4     4   948   451
 145 1275.7865  796.8286    17     5     5  1775   285
 146 1438.2464  797.2427    13     4     4  1198   397
 147 1264.7135  797.3296    17     5     5  1754   363
 148 1253.5809  798.0316    16     5     4  1814   195
 149 1427.7672  798.0356    14     4     4  1557   323
 150 1417.0252  798.8452    14     4     4  1572   351
 151 1242.3892  798.9012    16     5     4  1802   223
 152 1406.2653  799.4184    16     4     5  1584   226
 153 1231.2074  799.4835    17     5     5  1882   157
 154 1395.7266  800.0724    15     5     4  1606   218
 155 1220.0892  800.0972    15     4     4  1882   199
 156 1208.9827  800.9168    16     4     4  1954   301
 157 1384.9574  800.9234    15     4     4  1631   336
 158 1374.0856  801.6539    16     4     5  1664   224
 159 1197.9387  801.6701    16     4     5  1664   433
 160 1363.2854  802.1427    16     5     4  1620   102
 161 1186.6092  802.2937    12     4     4  1012   432
 162 1352.5786  802.9983    16     5     4  1691   229
 163 1341.8146  803.8146    16     4     5  1652   262
 164 1330.9184  804.2942    16     4     5  1689   136
 165 1319.9480  805.0721    16     4     4  1695   254
 166 1309.0275  805.8634    15     4     4  1658   237
 167 1298.0283  806.5304    16     4     5  1754   255
 168 1287.0471  807.1381    15     4     4  1706   279
 169 1449.0833  807.6067    13     4     4   950   446
 170 1276.0752  807.9472    16     4     4  1737   207
 171 1438.4765  808.2573    13     5     4  1161   318
 172 1265.0379  808.7073    16     4     5  1789   161
 173 1427.9167  809.0423    15     4     4  1602   308
 174 1253.9816  809.2621    16     4     5  1834   186
 175 1417.1394  809.8701    13     4     4  1493   334
 176 1242.9461  810.0292    16     4     4  1811   172
 177 1406.5763  810.4652    16     5     5  1547   222
 178 1231.8919  810.8532    15     4     4  1809   173
 179 1395.9130  811.1280    14     4     4  1579   209
 180 1220.7905  811.4190    17     5     5  1862   260
 181 1385.1100  811.9459    14     4     4  1559   332
 182 1209.4973  812.0664    16     5     4  1907   234
 183 1374.3269  812.7500    16     5     5  1580   263
 184 1198.2369  812.9412    14     4     4  1559   307
 185 1363.7385  813.2667    15     5     5  1530   126
 186 1187.1849  813.6347    14     4     4  1138   445
 187 1352.8851  814.0624    15     4     4  1607   225
 188 1342.0243  814.8796    14     4     4  1543   274
 189 1331.0708  815.5690    16     4     5  1669   187
 190 1320.1736  816.1344    15     4     4  1617   193
 191 1309.3111  816.9811    16     5     4  1700   259
 192 1298.3895  817.8076    16     5     5  1642   184
 193 1287.5108  818.2875    17     5     5  1683   125
 194 1449.2345  818.5109    12     4     4   875   450
 195 1276.5307  819.0412    16     5     4  1746   153
 196 1438.6975  819.2092    13     4     4  1207   282
 197 1265.4631  819.9378    16     5     4  1748   188
 198 1428.0520  820.0193    15     4     4  1605   268
 199 1254.3901  820.6031    17     5     5  1742   116
 200 1417.3710  820.8747    15     5     4  1556   356
 201 1243.2847  821.1563    17     5     5  1816    64
 202 1406.8462  821.5073    16     4     5  1626   277
 203 1232.1892  821.9852    14     4     4  1749    89
 204 1396.0364  822.1560    15     4     4  1628   148
 205 1221.0835  822.8171    16     4     5  1866   154
 206 1385.3339  822.9727    15     5     4  1611   163
 207 1209.9969  823.4099    16     4     5  1921   169
 208 1374.7629  823.8366    15     4     4  1564   275
 209 1198.9543  824.1078    15     4     4  1571   251
 210 1363.9505  824.3560    16     4     5  1668   133
 211 1187.7810  824.8677    14     4     4  1127   447
 212 1353.0670  825.0876    15     4     4  1623   122
 213 1342.2333  825.9524    14     4     4  1540   256
 214 1331.4688  826.7120    16     5     5  1569   182
 215 1320.7268  827.2165    16     5     5  1576   118
 216 1309.8348  828.0576    14     4     4  1602   215
 217 1298.9100  828.9002    15     4     4  1667   206
 218 1449.4398  829.5000     9     3     3   699   449
 219 1287.9590  829.5692    16     4     5  1739   180
 220 1438.8333  830.1296    13     4     4  1271   299
 221 1276.9485  830.1691    15     4     5  1702   149
 222 1428.2116  830.9717    14     4     4  1567   242
 223 1265.9220  831.0016    16     4     4  1755    94
 224 1254.9469  831.8286    15     4     4  1739    83
 225 1417.7099  831.8665    14     4     4  1505   306
 226 1243.9243  832.4147    16     4     5  1797   111
 227 1407.0039  832.5101    16     4     5  1689   247
 228 1320.9750  832.9695    16     4     4  1882   295
 229 1232.8500  833.0836    15     4     4  1773   143
 230 1396.2737  833.1557    16     5     4  1622   113
 231 1221.7455  833.9645    15     5     4  1805   137
 232 1385.7480  834.0098    14     4     4  1563   101
 233 1210.5460  834.7640    18     5     5  1900   139
 234 1374.9925  834.8372    14     4     4  1569   198
 235 1199.3496  835.2953    16     5     5  1518   190
 236 1364.1360  835.4510    16     4     5  1616   121
 237 1188.1712  836.0850    14     4     4  1141   231
 238 1353.4072  836.1126    16     5     4  1608    88
 239 1342.7349  836.9982    14     4     4  1543   191
 240 1331.9193  837.7945    14     4     4  1549   292
 241 1325.6714  838.2117    11     4     4  1046   352
 242 1320.9555  838.4342    16     4     5  1621   171
 243 1310.0640  839.1056    15     4     4  1640   120
 244 1299.1534  839.9459    14     4     4  1606   185
 245 1449.4544  840.4163    10     3     4   763   460
 246 1288.1568  840.7805    16     4     5  1677   127
 247 1438.9274  841.0644    14     4     4  1306   382
 248 1277.2114  841.3170    18     5     5  1780    49
 249 1428.4333  841.9672    16     5     4  1654   240
 250 1266.2612  842.0422    16     5     4  1759    46
 251 1417.9076  842.7938    14     4     4  1544   227
 252 1255.2314  842.9432    15     5     4  1718    85
 253 1407.1541  843.4306    16     4     5  1621   232
 254 1244.1624  843.6810    16     5     5  1745    18
 255 1396.6567  844.1173    15     5     4  1573   145
 256 1233.1259  844.2462    16     4     5  1797    45
 257 1385.9476  844.9825    15     4     4  1608   156
 258 1222.1143  845.0419    15     4     4  1787    87
 259 1375.1280  845.8436    14     4     4  1544   203
 260 1211.0520  845.8699    15     4     4  1799    37
 261 1364.4861  846.4501    14     5     5  1421   244
 262 1200.0181  846.6473    16     4     5  1601   138
 263 1353.8329  847.1271    14     4     4  1526   150
 264 1188.8943  847.1651    13     4     4  1071   414
 265 1342.9778  847.9852    15     4     4  1562   140
 266 1332.0833  848.8427    14     4     4  1552   176
 267 1321.2156  849.4707    17     5     5  1634   165
 268 1310.4710  850.1116    16     5     4  1629    58
 269 1299.6559  851.0078    16     5     4  1698    75
 270 1449.5236  851.2912    12     4     4   897   448
 271 1288.7961  851.8519    16     5     4  1678   189
 272 1439.0789  852.0050    14     4     4  1296   383
 273 1277.8661  852.4503    16     4     5  1685    82
 274 1428.7181  852.9157    14     4     4  1530   264
 275 1266.8782  853.1144    15     4     4  1694    19
 276 1418.0521  853.7060    15     4     5  1614   278
 277 1255.8547  854.0047    14     4     4  1667    12
 278 1407.4519  854.3104    15     5     5  1499   183
 279 1244.8754  854.8438    15     4     4  1733   115
 280 1396.8963  855.0933    14     4     4  1568   168
 281 1233.8417  855.4478    17     5     5  1807    92
 282 1386.1154  855.9294    14     4     4  1571   166
 283 1222.7803  856.0926    15     5     4  1749    66
 284 1375.4187  856.7852    16     5     5  1575   151
 285 1211.5908  856.9968    16     5     4  1879    23
 286 1364.8552  857.3594    15     4     5  1575    67
 287 1200.4331  857.8361    15     5     4  1482    74
 288 1353.9930  858.1288    15     4     4  1612   110
 289 1189.3818  858.4597    12     4     5   947   249
 290 1343.1795  858.9709    14     4     4  1558   107
 291 1332.4345  859.8388    15     5     4  1544    56
 292 1321.7921  860.4263    17     5     5  1651    15
 293 1310.9191  861.1449    14     4     4  1590    93
 294 1299.9689  862.0085    16     4     4  1685   105
 295 1449.8837  862.0436    13     4     4   994   436
 296 1289.0570  862.8550    14     4     4  1621    54
 297 1439.3068  862.9342    14     4     4  1285   398
 298 1278.0730  863.5800    16     4     5  1725    44
 299 1428.9178  863.7947    14     4     4  1545   321
 300 1267.1151  864.1770    15     4     4  1688    10
 301 1418.2125  864.4873    16     4     5  1586   314
 302 1256.1684  865.0137    15     4     4  1739     3
 303 1407.7882  865.1545    14     4     4  1519   130
 304 1245.1284  865.9109    15     4     4  1743    61
 305 1397.0279  866.0209    15     4     4  1610   124
 306 1234.0889  866.6427    16     4     5  1795    43
 307 1386.3354  866.8983    15     5     4  1576   252
 308 1223.0629  867.2318    15     4     5  1768     6
 309 1375.8251  867.6434    15     4     5  1559   205
 310 1212.0550  868.0703    16     4     4  1845    30
 311 1365.0102  868.2716    16     4     5  1680   114
 312 1201.0587  868.8665    14     4     4  1475   158
 313 1354.2552  869.0606    14     4     4  1558   167
 314 1189.9337  869.6735    14     4     4  1092   194
 315 1343.6517  869.9702    16     5     4  1657   108
 316 1332.9058  870.7826    15     4     5  1610   152
 317 1322.0071  871.4308    16     4     5  1711    42
 318 1311.1040  872.1338    15     4     4  1654    20
 319 1300.2492  872.9896    15     5     4  1667    60
 320 1449.9211  873.0000    12     4     4   942   455
 321 1439.5361  873.7567    13     4     4  1176   353
 322 1289.4160  873.8893    16     5     4  1681   104
 323 1278.6031  874.5767    17     5     5  1684    40
 324 1429.0501  874.5794    16     4     5  1669   245
 325 1267.7337  875.1977    16     5     5  1703     5
 326 1418.5172  875.2411    16     5     5  1557   196
 327 1256.7784  876.0455    15     5     4  1727    24
 328 1407.9281  876.0895    14     4     4  1555   220
 329 1397.2163  876.9302    14     4     4  1560   287
 330 1245.7808  876.9564    15     5     4  1747    62
 331 1234.8055  877.7231    17     5     5  1809    76
 332 1386.7534  877.7967    15     4     4  1559   310
 333 1223.7574  878.3141    17     5     5  1802    34
 334 1376.0017  878.4683    16     4     5  1683   217
 335 1212.6459  879.0594    16     5     4  1835    63
 336 1365.2786  879.1568    15     5     4  1563   117
 337 1201.5488  879.9942    16     5     4  1579    32
 338 1354.7174  880.0407    15     5     4  1610    90
 339 1190.4568  880.6873    11     4     4   897   192
 340 1343.9650  880.9091    15     4     4  1608    98
 341 1333.0793  881.7156    15     4     5  1608   142
 342 1322.2792  882.3595    17     5     5  1647    57
 343 1311.6505  883.0972    15     5     4  1614    22
 344 1450.1807  883.7952    13     4     4   982   440
 345 1300.8246  884.0088    14     4     4  1612    35
 346 1439.7008  884.5325    14     4     5  1223   360
 347 1289.9431  884.8519    15     4     4  1682    38
 348 1429.1933  885.2394    15     4     4  1575   197
 349 1278.9964  885.5681    16     4     5  1769    31
 350 1418.7897  886.0864    14     4     4  1556   131
 351 1268.0180  886.2116    14     4     4  1671     1
 352 1408.0895  886.9456    14     4     4  1555   228
 353 1257.0672  887.0703    15     4     4  1732     4
 354 1397.5318  887.8304    16     5     4  1587   266
 355 1246.1159  887.9183    15     4     4  1742    53
 356 1386.9465  888.5306    16     4     5  1651   177
 357 1235.0649  888.7824    15     4     5  1752    16
 358 1376.2019  889.2409    15     4     4  1545   144
 359 1224.0525  889.3941    16     4     5  1810    25
 360 1365.7096  890.0747    15     5     4  1580    95
 361 1213.0374  890.1327    15     4     4  1779     9
 362 1354.9540  890.9682    15     4     4  1598   147
 363 1202.0945  890.9877    16     4     4  1530    77
 364 1344.1342  891.8504    14     4     4  1542   210
 365 1191.0680  891.9345    14     4     4  1112   221
 366 1333.4686  892.5300    15     5     5  1483   146
 367 1322.8209  893.1935    15     4     5  1582    21
 368 1311.9432  894.0947    14     4     4  1571    65
 369 1450.4261  894.5000    10     4     3   757   465
 370 1301.0908  894.9193    15     4     4  1642    70
 371 1439.8752  895.1591    14     4     4  1313   288
 372 1290.1348  895.8326    14     4     4  1590   129
 373 1429.4234  896.0630    16     5     4  1649   283
 374 1279.3048  896.5120    17     5     5  1685    14
 375 1418.9633  896.9703    15     4     4  1609   281
 376 1268.5000  897.1588    16     5     4  1691     8
 377 1408.2585  897.8296    15     5     4  1545   289
 378 1257.6025  898.0299    16     5     4  1785    52
 379 1397.8333  898.5449    16     4     5  1601   123
 380 1246.6503  898.9508    16     5     4  1785    41
 381 1387.1221  899.2704    14     4     4  1523   159
 382 1235.7235  899.7376    17     5     5  1776    71
 383 1376.6232  900.1084    15     5     4  1562   181
 384 1224.7419  900.3677    16     5     5  1722    33
 385 1365.9304  901.0018    15     4     4  1591   214
 386 1213.6852  901.1103    16     5     4  1788    27
 387 1355.1260  901.8693    15     4     4  1603   250
 388 1202.6913  902.0007    16     5     4  1563    11
 389 1344.5134  902.5966    15     5     5  1495    96
 390 1191.5716  902.8037    13     4     4   999   160
 391 1333.8867  903.2960    15     4     5  1593    39
 392 1323.0101  904.1208    15     4     4  1644    55
 393 1312.1770  904.9851    14     4     4  1607   100
 394 1450.4763  905.2593    11     3     4   845   474
 395 1301.4374  905.9055    16     5     4  1678    51
 396 1439.9825  905.9741    13     4     4  1249   359
 397 1290.7449  906.6792    17     5     5  1687    47
 398 1429.6922  906.8917    14     4     4  1517   316
 399 1279.8885  907.3335    15     4     5  1669    26
 400 1419.0935  907.7602    14     4     4  1534   315
 401 1268.9376  908.1450    14     4     4  1669    48
 402 1408.6031  908.4619    15     5     5  1458   212
 403 1258.0031  909.0094    16     4     4  1760    36
 404 1397.9860  909.1993    14     4     4  1558   230
 405 1247.0491  909.8620    14     4     4  1678   119
 406 1387.4039  910.0850    16     5     4  1612   291
 407 1236.0508  910.7010    16     4     5  1795    81
 408 1376.8819  911.0065    14     4     4  1551   239
 409 1225.0468  911.3439    16     4     5  1793     7
 410 1366.1190  911.8634    14     4     4  1553   201
 411 1214.0435  912.1423    15     4     4  1762     0
 412 1355.5027  912.6011    16     5     5  1532   132
 413 1203.1326  912.9751    14     4     4  1424    29
 414 1344.9064  913.3069    15     4     5  1594    86
 415 1192.1568  913.9148    13     4     4  1055   211
 416 1334.0524  914.1291    15     4     4  1637   109
 417 1323.3235  914.9989    15     5     4  1634   128
 418 1450.6220  915.8252    12     4     4   846   473
 419 1312.7360  915.9196    14     4     4  1577   155
 420 1440.2384  916.7113    13     4     4  1147   420
 421 1301.9179  916.7767    14     4     4  1607   164
 422 1291.0235  917.4968    16     4     5  1738   141
 423 1429.8487  917.5190    16     4     5  1537   338
 424 1280.1161  918.2093    15     4     4  1672    97
 425 1419.2997  918.2968    14     4     4  1389   272
 426 1269.2393  919.0466    15     5     4  1705   134
 427 1408.8666  919.1190    13     4     4  1482   280
 428 1258.4158  919.9702    16     5     4  1774   170
 429 1398.1678  919.9924    14     4     4  1555   312
 430 1247.5379  920.8517    16     5     4  1724    28
 431 1387.7393  920.9408    14     4     4  1544   219
 432 1236.6375  921.5350    17     5     5  1708    17
 433 1377.0588  921.8133    14     4     4  1584   261
 434 1225.7096  922.2249    16     5     5  1716     2
 435 1366.4453  922.5654    15     5     5  1499   238
 436 1214.7293  923.0737    15     5     4  1740    13
 437 1355.8915  923.2621    15     4     5  1616    99
 438 1203.7366  923.9960    14     4     4  1448    50
 439 1345.0814  924.1235    15     4     4  1653   103
 440 1192.6773  924.7326    12     4     4   944   384
 441 1334.4411  925.0056    16     5     4  1700    73
 442 1323.8221  925.9320    15     4     4  1669    78
 443 1450.6770  926.5265    10     4     3   613   476
 444 1313.0148  926.7886    14     4     4  1646   174
 445 1440.4515  927.3769    10     3     4   768   456
 446 1302.1334  927.5482    16     4     5  1692   241
 447 1429.9577  928.0264    14     4     4  1268   304
 448 1291.4018  928.2448    16     5     5  1666    69
 449 1419.5475  929.0035    13     4     4  1218   381
 450 1280.7203  929.0866    15     5     4  1708    59
 451 1409.0293  929.9165    14     4     4  1365   386
 452 1269.8483  930.0085    14     4     4  1699    84
 453 1398.4488  930.7465    15     5     4  1395   335
 454 1258.9507  930.8821    15     4     4  1755    68
 455 1387.9190  931.5861    14     4     4  1385   330
 456 1248.0162  931.7218    16     4     5  1819    72
 457 1377.3097  932.3506    15     4     5  1386   342
 458 1237.0117  932.3988    16     4     5  1828    79
 459 1366.7992  933.1524    13     4     4  1372   213
 460 1226.0469  933.1667    15     4     4  1752    80
 461 1356.0491  934.0000    15     4     4  1524   162
 462 1215.0967  934.0093    15     4     4  1722   106
 463 1204.1406  934.8741    13     4     4  1329   345
 464 1345.3737  934.9141    15     5     4  1518   204
 465 1193.2455  935.6818    13     4     4   980   471
 466 1334.8510  935.8238    15     4     4  1522   178
 467 1324.0539  936.6967    15     4     5  1548   300
 468 1313.2879  937.4322    14     4     5  1393   341
 469 1302.6866  938.1765    15     5     4  1495   265
 470 1291.8839  939.0616    14     4     4  1544   112
 471 1281.0085  939.9246    15     4     4  1572    91
 472 1270.0968  940.8349    14     4     4  1563   200
 473 1259.2015  941.7103    15     4     5  1544   296
 474 1248.4114  942.4409    14     5     5  1445   135
 475 1237.5443  943.1658    15     5     4  1495   267
 476 1226.6917  944.0295    15     5     4  1496   175
 477 1215.7254  944.9465    14     4     4  1410   179
 478 1204.7530  945.7199    13     4     4  1073   472
 479 1193.7121  946.4394    10     4     3   632   475
