160
   0 2552.0432  804.8036    25     6     6  1609    75
   1 2536.0309  806.0901    27     6     6  1755    52
   2 2519.8962  807.4317    22     5     6  1466    93
   3 2503.6637  808.6228    24     5     6  1542   102
   4 2487.3495  810.0108    26     5     6  1672    80
   5 2471.0052  811.3177    26     6     6  1684    40
   6 2454.8146  812.5674    23     5     6  1417   148
   7 2549.5819  823.5088    23     5     5  1492    82
   8 2533.5429  824.7332    24     5     6  1573    74
   9 2517.3783  826.0513    26     5     6  1719    66
  10 2501.1988  827.3434    25     5     6  1665    77
  11 2484.9645  828.6161    27     6     6  1815    86
  12 2468.6381  829.9567    29     6     6  1993    39
  13 2452.4496  831.1650    25     5     6  1647   117
  14 2547.0408  842.0831    24     6     6  1555    76
  15 2530.9958  843.4178    24     6     6  1553   104
  16 2514.9235  844.6556    26     6     6  1692   108
  17 2498.6731  846.0256    25     5     6  1718   122
  18 2482.5262  847.3189    25     5     6  1747   100
  19 2466.2823  848.6503    26     6     6  1819    59
  20 2450.0375  849.9383    27     6     6  1763   105
  21 2544.5156  860.5125    23     5     5  1470   124
  22 2528.5134  861.8807    24     5     6  1573   119
  23 2512.3836  863.2815    25     5     6  1671   101
  24 2496.2630  864.5790    24     5     6  1643   109
  25 2480.1159  865.9071    27     6     6  1829    85
  26 2463.8399  867.2154    29     6     6  1956    42
  27 2447.6654  868.6247    25     5     6  1643   120
  28 2557.4043  877.5870    15     4     5   865   114
  29 2542.0097  878.8636    25     6     6  1558   121
  30 2525.9254  880.4006    25     6     6  1612   118
  31 2509.9388  881.6559    26     6     6  1717    96
  32 2493.8747  883.0666    27     6     6  1793    89
  33 2477.6621  884.4772    25     6     6  1688   139
  34 2461.4759  885.8494    28     5     6  1898    64
  35 2445.3827  887.2041    25     5     6  1642    92
  36 2555.0285  895.8782    20     5     6  1193   125
  37 2539.3746  897.3614    23     5     6  1453   126
  38 2523.4922  898.6458    25     5     6  1634   115
  39 2507.4841  900.0877    26     5     6  1739    65
  40 2491.4448  901.5023    23     5     5  1585   144
  41 2475.3381  902.8443    26     5     6  1788    81
  42 2459.1371  904.3402    28     6     6  1907    44
  43 2443.1070  905.5921    23     6     6  1519    94
  44 2552.6283  914.1340    22     5     6  1365   123
  45 2536.9065  915.5097    21     6     5  1360   163
  46 2521.0155  916.8608    26     6     6  1688   103
  47 2505.0550  918.4225    26     6     6  1700   140
  48 2489.0888  919.7000    27     6     6  1795    73
  49 2473.0020  921.2402    27     6     6  1862    49
  50 2456.8321  922.6385    27     6     6  1877    47
  51 2440.7458  924.0518    25     5     6  1665    91
  52 2550.0927  932.3079    23     5     6  1452    99
  53 2534.3485  933.5515    23     5     5  1480   107
  54 2518.5888  935.0228    24     5     6  1594   146
  55 2502.6222  936.4951    23     5     5  1559   145
  56 2486.6767  937.9449    26     6     6  1781    60
  57 2470.6102  939.4408    25     5     6  1740    57
  58 2454.4946  940.9007    28     5     6  1954    43
  59 2438.4824  942.3643    25     5     6  1648   129
  60 2547.7829  950.2467    23     5     6  1454   113
  61 2531.9347  951.5547    20     5     5  1329   167
  62 2516.1554  953.1684    26     6     6  1683   138
  63 2500.2284  954.5697    24     6     5  1616    88
  64 2484.3088  956.0987    26     5     6  1776   135
  65 2468.2903  957.5464    25     6     6  1746    38
  66 2452.2094  959.0830    28     6     6  1954    25
  67 2436.2110  960.4887    22     5     5  1453   131
  68 2545.3060  968.0753    23     5     6  1449   112
  69 2529.5146  969.5583    23     5     5  1493    97
  70 2513.7255  971.0438    24     5     6  1577   136
  71 2497.8269  972.5553    26     6     6  1716    67
  72 2481.9789  974.1224    27     6     6  1824    36
  73 2465.9757  975.5931    26     6     6  1794    24
  74 2449.9333  977.1490    28     6     6  1947    20
  75 2434.0565  978.5311    25     6     6  1604    63
  76 2557.7222  984.6111    10     3     5   572   128
  77 2542.8394  985.7664    22     5     6  1374   111
  78 2527.0333  987.4667    20     5     5  1330    84
  79 2511.3311  988.9538    25     5     6  1629    83
  80 2495.4809  990.5024    23     5     5  1569    71
  81 2479.5962  992.0256    25     5     6  1718    48
  82 2463.6748  993.5752    25     5     6  1742    31
  83 2447.6547  995.1888    27     6     6  1906    18
  84 2431.7694  996.5806    23     5     6  1510   133
  85 2555.7925 1002.1395    17     5     5   997   127
  86 2540.3021 1003.5601    21     5     5  1333   116
  87 2524.6228 1005.2485    25     5     6  1592    79
  88 2508.9714 1006.6281    25     6     6  1617    68
  89 2493.1015 1008.4046    24     6     6  1609    45
  90 2477.3463 1009.8203    24     5     6  1662    28
  91 2461.3873 1011.4859    25     6     6  1747    30
  92 2445.4150 1012.9846    28     5     6  1953    12
  93 2429.5056 1014.5500    23     5     5  1510   132
  94 2553.2667 1019.6619    19     5     5  1160   157
  95 2537.8616 1021.3635    21     5     5  1321   110
  96 2522.2441 1022.7559    22     5     6  1440    58
  97 2506.5806 1024.4543    23     5     5  1522    72
  98 2490.7235 1026.0106    25     6     6  1675    46
  99 2475.0217 1027.5435    24     6     5  1637    41
 100 2459.0928 1029.2385    27     6     6  1851     8
 101 2443.2173 1030.7635    28     6     6  1920     4
 102 2427.2749 1032.4573    22     5     5  1451   130
 103 2550.8927 1037.2976    19     4     5  1197   168
 104 2535.4692 1038.6849    20     5     5  1292    95
 105 2519.8018 1040.4615    22     5     5  1438    87
 106 2504.2041 1042.0699    25     5     6  1615    56
 107 2488.5025 1043.5735    23     5     5  1558    50
 108 2472.6960 1045.3508    25     5     6  1699    23
 109 2456.8653 1046.8653    27     6     6  1840    10
 110 2440.9376 1048.5257    25     6     5  1755     9
 111 2425.1035 1050.1706    24     5     6  1543   141
 112 2548.5824 1054.6111    21     5     5  1329   159
 113 2533.0477 1056.3799    19     5     5  1233    98
 114 2517.4547 1057.8837    22     5     6  1431    70
 115 2501.8659 1059.5112    21     5     5  1408    69
 116 2486.2390 1061.2649    23     5     6  1537    35
 117 2470.4043 1062.7804    24     5     6  1660    26
 118 2454.5954 1064.5104    23     5     5  1632    16
 119 2438.6876 1066.1828    26     6     6  1817     3
 120 2422.9676 1067.6324    25     6     6  1590    15
 121 2546.1849 1071.9916    20     5     6  1238   158
 122 2530.6875 1073.5868    21     5     5  1338   106
 123 2515.1189 1075.4349    20     5     5  1307    90
 124 2499.4972 1076.9761    22     5     6  1455    53
 125 2483.8969 1078.5731    23     6     5  1533    29
 126 2468.2039 1080.4466    23     6     5  1562    21
 127 2452.4072 1081.9789    25     5     6  1724     5
 128 2436.5680 1083.6180    24     5     6  1700     6
 129 2420.7708 1085.3988    22     5     5  1436    33
 130 2558.0882 1088.1765     7     2     4   384   193
 131 2543.8037 1089.2664    18     5     5  1114   171
 132 2528.3106 1090.9659    22     5     6  1364   151
 133 2512.8191 1092.5625    20     5     5  1304    78
 134 2497.2202 1094.3988    21     5     5  1386    54
 135 2481.6307 1095.9693    24     5     6  1575    27
 136 2465.9826 1097.6119    24     6     6  1602    14
 137 2450.2140 1099.4775    24     6     5  1644     7
 138 2434.3634 1101.1108    26     5     6  1783     1
 139 2418.6407 1102.6896    22     5     6  1427    22
 140 2556.2857 1104.8690    14     4     5   784   191
 141 2541.2960 1106.5597    19     5     5  1151   175
 142 2525.9656 1108.2449    19     4     5  1197   165
 143 2510.4644 1109.8132    21     5     6  1331    61
 144 2494.9809 1111.5350    22     6     5  1414    51
 145 2479.2984 1113.3747    21     5     5  1417    37
 146 2463.6500 1115.0053    24     5     6  1580    11
 147 2448.0174 1116.6787    25     6     6  1681     2
 148 2432.2168 1118.4956    24     6     5  1652     0
 149 2416.4767 1120.2400    22     5     6  1400    19
 150 2553.9850 1121.8832    15     4     5   917   187
 151 2538.9361 1123.5088    18     4     5  1127   169
 152 2523.6450 1125.2863    21     5     5  1312   156
 153 2508.1568 1127.0018    21     5     6  1321    62
 154 2492.6703 1128.6548    21     5     5  1373    34
 155 2477.0938 1130.4688    21     6     5  1370    32
 156 2461.4300 1132.2600    20     5     5  1300    55
 157 2445.8346 1133.7776    21     5     6  1313    17
 158 2430.0787 1135.4331    19     5     5  1204    13
 159 2414.4255 1137.1702    18     5     5   994    -1
