503
   0 2302.6267  797.1376    20     5     5  1505   448
   1 2336.9680  798.5338   233    43    15 13635   460
   2 2000.6650  812.5874    11     4     5   653    -1
   3 2050.1975  815.4475    23     5     6  2330   417
   4 2379.5064  818.2942    25     5     6  1561    -1
   5 2363.1461  819.3630    34     6     7  2751   443
   6 2346.5281  820.8247    37     7     7  3131   434
   7 2329.8956  822.0580    35     6     7  3259    -1
   8 2313.2100  823.2780    39     7     7  3702   419
   9 2296.3857  824.5703    41     7     7  4071   392
  10 2279.5157  825.8688    39     7     7  3992    -1
  11 2262.5504  827.2061    41     7     7  4231   384
  12 2390.2600  827.7000    22     3    16  1150    -1
  13 2245.5226  828.5088    41     7     7  4436   362
  14 2228.4383  829.8037    43     7     7  4580    -1
  15 2211.2563  831.1763    41     7     7  4586   329
  16 2193.9958  832.4811    44     8     7  4951   306
  17 2176.6392  833.7723    43     7     7  4952    -1
  18 2159.2237  835.1877    44     7     8  5095   272
  19 2141.6919  836.4916    45     8     7  5361   252
  20 2377.3316  837.0811    26     5     6  1787    -1
  21 2124.1362  837.7452    46     8     8  5461   464
  22 2361.0022  838.3650    34     6     7  3056   432
  23 2106.4197  839.1756    46     7     8  5626   213
  24 2344.4595  839.7998    37     7     7  3381   427
  25 2088.6376  840.4925    43     7     7  5638   192
  26 2327.8445  841.0624    37     7     7  3461    -1
  27 2070.8336  841.7613    47     8     8  5932   408
  28 2311.1520  842.4458    38     7     7  3670   412
  29 2052.9250  843.2260    48     8     8  6101   165
  30 2294.3692  843.8344    39     7     7  3792   405
  31 2034.9420  844.5565    47     8     7  6103   138
  32 2277.5485  845.1376    39     7     7  3887    -1
  33 2016.8659  845.8930    46     8     8  5875   469
  34 2387.9878  846.3780    19     3    14   991   452
  35 2260.6056  846.4957    41     7     7  4161   380
  36 1998.7284  847.4419    44     8     7  5777   148
  37 2243.6430  847.8427    41     7     7  4183   363
  38 1980.5271  848.6969    43     7     7  5838   142
  39 2226.5782  849.2260    41     7     7  4302    -1
  40 1962.3493  850.0949    42     7     8  4529   459
  41 2209.4353  850.5493    41     7     7  4506   326
  42 2192.1944  851.8994    41     7     8  4491   312
  43 2174.8816  853.3153    42     8     7  4747   291
  44 2157.5203  854.6255    41     7     7  4814   263
  45 2375.2223  855.9869    25     5     6  1747   445
  46 2140.0744  856.0461    44     8     8  4989   246
  47 2358.8486  857.3467    35     6     7  3107   429
  48 2122.4993  857.4564    41     7     7  5080   428
  49 2104.8878  858.7283    43     8     7  5291   211
  50 2342.3462  858.8292    37     7     7  3384   424
  51 2325.7488  860.1228    37     7     7  3470   396
  52 2087.1638  860.1861    44     8     8  5427   188
  53 2069.3796  861.5206    42     7     7  5506   458
  54 2309.0839  861.5681    38     7     7  3676   406
  55 2051.5299  862.8880    46     7     8  5782   149
  56 2292.3796  862.9690    39     7     7  3786   399
  57 2275.5719  864.3047    41     7     7  4052   342
  58 2033.5480  864.3777    43     7     7  5814   141
  59 2015.5598  865.6356    44     7     7  6012   462
  60 2258.6719  865.7319    41     7     7  4150   371
  61 2385.7206  866.1618    33     4    25  1718   451
  62 2241.7482  867.0983    39     7     7  4081   351
  63 1997.4361  867.1533    46     7     8  6229    97
  64 2224.6891  868.4948    41     7     7  4371   290
  65 1979.2862  868.4990    45     8     7  6295    85
  66 1961.1634  869.8626    40     7     8  4650   333
  67 2207.6278  869.8761    42     7     7  4456   324
  68 2190.4144  871.3086    41     7     7  4574   300
  69 2173.1883  872.6966    41     7     7  4710   231
  70 2155.8274  874.1404    42     8     8  4800   266
  71 2373.0293  874.9303    26     6     6  1795   471
  72 2138.4264  875.5113    41     7     7  4972   236
  73 2356.7294  876.2220    37     7     7  3206   425
  74 2120.9364  876.8672    45     8     8  5229   167
  75 2340.2463  877.7627    38     7     7  3457   418
  76 2103.3356  878.3496    43     7     7  5349   200
  77 2323.6736  879.0985    37     7     7  3469   387
  78 2085.6500  879.6678    43     7     7  5469   176
  79 2307.0781  880.5687    37     7     7  3611   404
  80 2067.8986  881.1946    44     8     8  5559   116
  81 2290.3780  881.9890    38     7     7  3720   393
  82 2050.1008  882.5494    46     8     7  5900   123
  83 2273.6080  883.3945    41     7     7  4087   349
  84 2383.7083  883.8750     9     2     7   474   453
  85 2032.1917  883.9908    45     8     8  5909   111
  86 2256.7633  884.8775    40     7     7  4066   365
  87 2014.2247  885.4420    45     8     7  6097    98
  88 2239.8646  886.2447    39     7     7  4136   338
  89 1996.1720  886.8042    47     8     8  6246    87
  90 2222.8737  887.7035    41     7     7  4365   397
  91 1978.0147  888.3656    46     8     7  6326    46
  92 2205.8100  889.1183    40     7     7  4358   314
  93 1960.0002  889.6771    40     7     7  4721    -1
  94 2188.6351  890.5347    41     7     7  4640   293
  95 2171.4619  891.9779    44     7     8  4797   273
  96 2154.1813  893.4248    42     7     7  4918   244
  97 2370.8370  893.7130    27     6     6  1810   441
  98 2136.7890  894.8372    41     7     7  4891   222
  99 2354.5745  895.0476    34     7     6  3055   426
 100 2119.3441  896.3316    43     7     7  5191   168
 101 2338.1383  896.5729    36     7     7  3337   416
 102 2101.7907  897.7238    43     8     7  5318   183
 103 2321.6150  898.0260    36     7     6  3418   385
 104 2084.1379  899.2423    43     8     7  5409   171
 105 2305.0538  899.4427    35     6     7  3496   398
 106 2066.4530  900.6024    42     7     7  5546    96
 107 2288.3958  900.9561    36     7     7  3624   381
 108 2048.6686  902.1429    45     7     8  5762   126
 109 2271.6857  902.3279    41     7     7  4037   332
 110 2030.8068  903.5683    46     8     7  6065   104
 111 2254.8827  903.9027    39     7     7  4001   346
 112 2012.8794  905.0627    47     8     8  6135    63
 113 2237.9941  905.2790    40     8     7  4190   327
 114 1994.8492  906.5212    46     8     7  6306    43
 115 2221.0659  906.7853    40     8     7  4299   270
 116 1976.7742  907.9850    46     8     8  6275    37
 117 2204.0303  908.2157    41     8     7  4445   295
 118 1958.7469  909.4583    41     7     7  4832   465
 119 2380.5278  909.6736    61     7    41  3194   449
 120 2186.9291  909.7034    41     8     7  4611   284
 121 2169.7530  911.1683    40     7     7  4593   232
 122 2368.6778  912.2594    26     5     6  1778   431
 123 2152.4767  912.6204    41     7     7  4840   241
 124 2352.4014  913.8981    35     7     7  3109   422
 125 2135.1873  914.1480    42     8     7  4924   223
 126 2336.1067  915.1973    35     6     7  3263   414
 127 2117.7586  915.6129    43     7     7  5216   162
 128 2319.5772  916.8372    38     7     7  3558   383
 129 2100.2684  917.1228    44     7     8  5291   186
 130 2303.0591  918.1971    37     6     7  3567   395
 131 2082.6502  918.5504    43     7     7  5506   154
 132 2286.4035  919.8312    38     7     7  3754   375
 133 2064.9945  920.0725    46     8     8  5659    79
 134 2269.7346  921.1996    39     7     7  3911   316
 135 2047.2883  921.5325    45     8     7  5850   105
 136 2252.9743  922.8000    39     8     7  4010   334
 137 2029.4431  923.0649    45     7     8  5870    92
 138 2236.1334  924.1976    41     7     7  4216   330
 139 2011.5570  924.5332    43     7     7  5972    53
 140 2219.2410  925.7611    40     7     7  4290   224
 141 1993.5859  926.0752    45     7     8  6113    44
 142 2202.2553  927.2108    41     7     7  4453   287
 143 1975.5510  927.5428    43     7     7  6169    27
 144 2185.1974  928.7774    40     7     7  4505   271
 145 1957.5699  929.0960    42     7     8  4746    -1
 146 2168.0530  930.2481    43     8     7  4790   243
 147 2366.5466  930.9534    26     5     6  1794   435
 148 2150.8246  931.7710    42     8     7  4860   230
 149 2350.3439  932.3522    36     7     7  3126   415
 150 2133.5471  933.3053    41     7     7  4916   219
 151 2334.0365  933.9575    34     6     6  3206   411
 152 2116.1978  934.7880    40     7     7  4965   155
 153 2317.5640  935.4019    40     7     7  3641   370
 154 2098.7190  936.3429    42     7     7  5251   180
 155 2301.0176  936.9988    34     6     6  3406   391
 156 2081.2033  937.7992    40     7     7  5215   163
 157 2284.4812  938.4936    41     7     7  3913   373
 158 2063.5424  939.3907    42     7     7  5493    81
 159 2267.8080  940.0249    36     7     6  3709   323
 160 2045.8673  940.8328    44     8     8  5674   102
 161 2251.0886  941.5653    38     7     7  3937   345
 162 2028.0977  942.4169    45     8     7  5969    82
 163 2234.2854  943.0457    39     7     7  4061   311
 164 2010.2634  943.9499    44     8     8  5903    22
 165 2376.5317  944.3254    31     3    21  1613   450
 166 2217.3942  944.6223    41     7     7  4347   264
 167 1992.3377  945.4949    43     7     7  6080    36
 168 2200.4742  946.1382    40     7     7  4330   283
 169 1974.3408  947.0552    45     7     8  6151    15
 170 2183.4358  947.6891    41     7     7  4556   269
 171 1956.3381  948.5655    41     7     7  4798    -1
 172 2166.3837  949.2112    42     7     7  4680   206
 173 2364.4010  949.3222    25     5     6  1745   430
 174 2149.1962  950.7835    40     7     7  4702   227
 175 2348.2277  950.9798    33     7     6  2961   420
 176 2131.9584  952.3182    42     8     7  4971   209
 177 2331.9764  952.4203    34     6     7  3180   401
 178 2114.6094  953.8800    41     7     7  4984   153
 179 2315.5460  954.0183    35     7     6  3359   368
 180 2097.2483  955.4439    43     7     7  5305   169
 181 2299.0315  955.6236    36     6     7  3499   386
 182 2079.7109  956.9814    42     7     8  5272   136
 183 2282.5340  957.0999    37     7     7  3672   360
 184 2062.1220  958.5418    46     8     7  5718    71
 185 2265.8969  958.7533    38     7     7  3787   310
 186 2044.4683  960.1240    44     7     8  5610   110
 187 2249.2333  960.1979    39     7     7  3956   320
 188 2026.7360  961.6447    44     8     7  5869    78
 189 2232.4178  961.8772    38     7     7  3992   307
 190 2008.9364  963.2734    44     8     7  5903    39
 191 2374.3043  963.3261    22     3    16  1146   472
 192 2215.6046  963.3724    41     7     7  4315   204
 193 1991.0774  964.7713    45     8     8  6046    28
 194 2198.7086  964.9920    38     7     7  4201   277
 195 1973.1223  966.4221    45     8     7  6227    12
 196 2181.7036  966.5271    40     7     7  4505   259
 197 2362.3238  967.7828    25     5     6  1738   433
 198 1955.1966  967.9659    39     7     8  4498    -1
 199 2164.6824  968.0974    39     7     7  4466   240
 200 2346.1690  969.2358    33     6     7  2937   413
 201 2147.5403  969.6601    41     7     7  4754   212
 202 2329.9191  970.9459    34     6     6  3189   403
 203 2130.3598  971.2654    43     7     7  4968   194
 204 2313.5481  972.5062    40     7     7  3602   355
 205 2113.0730  972.8507    42     8     7  5011   132
 206 2297.0788  974.0462    35     7     6  3438   374
 207 2095.6746  974.4529    42     7     7  5244   156
 208 2280.5505  975.7370    38     7     7  3723   352
 209 2078.2465  976.0467    42     7     8  5224   140
 210 2264.0090  977.2246    38     7     7  3788   299
 211 2060.6870  977.6127    43     7     7  5556    62
 212 2247.3453  978.9252    37     7     7  3809   325
 213 2372.4773  979.2500    20     3    13  1044   468
 214 2043.0899  979.2576    43     8     7  5615    95
 215 2230.6050  980.4598    41     7     7  4165   297
 216 2025.4048  980.7889    44     7     7  5762    67
 217 2213.8171  982.0539    38     7     7  4070   254
 218 2007.6153  982.4460    41     7     7  5788    19
 219 2196.9678  983.7317    40     8     7  4313   265
 220 1989.7947  984.0461    44     8     8  5939    35
 221 2180.0247  985.2279    39     8     7  4262   255
 222 1971.8992  985.6169    45     8     7  6193     3
 223 2360.2173  986.0094    25     5     6  1731   467
 224 2163.0429  986.8919    37     7     7  4167   202
 225 1954.0579  987.2836    38     7     7  4492    -1
 226 2344.0838  987.6824    35     6     7  3033   410
 227 2145.9424  988.5051    43     8     7  4718   221
 228 2327.8968  989.1752    34     6     7  3187   390
 229 2128.7640  990.1316    40     7     7  4750   190
 230 2311.5480  990.9498    34     7     6  3283   357
 231 2111.5090  991.7630    42     7     7  5005   131
 232 2295.1159  992.4929    36     7     7  3487   366
 233 2094.2067  993.3559    43     7     7  5253   159
 234 2278.6485  994.0703    37     7     7  3621   348
 235 2076.7893  994.9929    43     8     8  5254   129
 236 2262.0859  995.8480    38     7     7  3762   372
 237 2370.4286  995.9643    29     3    20  1506   474
 238 2162.1862  996.2565    47     8     7  5381   172
 239 2059.2924  996.5966    41     7     7  5403    49
 240 2245.4870  997.3636    41     7     7  4044   304
 241 2041.7121  998.2426    41     7     7  5449    99
 242 2228.8081  999.0262    37     7     6  3908   302
 243 2024.0760  999.8424    43     8     7  5643    61
 244 2212.0616 1000.6820    39     7     7  4126   189
 245 2006.3625 1001.5102    42     7     7  5832    29
 246 2195.2801 1002.2519    40     7     7  4269   251
 247 1988.5630 1003.1919    43     7     7  5883    31
 248 2178.3605 1003.9429    37     7     7  4029   256
 249 2358.1198 1004.1879    24     5     6  1655   423
 250 1970.7016 1004.7524    43     7     7  5985     7
 251 2168.9753 1004.7696    25     7     6  2567   340
 252 2161.2800 1005.6994    39     7     7  4182   278
 253 2342.0365 1005.9078    33     6     6  2925   409
 254 1952.9427 1006.4232    38     7     7  4518    -1
 255 2144.3439 1007.1906    41     7     7  4548   207
 256 2325.8899 1007.5331    35     7     7  3199   388
 257 2127.1973 1008.8991    40     7     7  4716   193
 258 2309.5673 1009.0991    35     7     6  3324   339
 259 2109.9881 1010.5242    43     8     7  5084   120
 260 2293.1510 1010.8798    36     7     7  3456   358
 261 2092.7066 1012.1747    40     7     7  4991   158
 262 2276.7601 1012.4773    37     7     7  3615   335
 263 2075.3240 1013.8222    42     7     7  5213   130
 264 2260.2356 1014.0760    37     7     6  3673   281
 265 2057.8593 1015.4874    44     8     7  5529    51
 266 2243.6124 1015.8454    38     7     7  3840   309
 267 2040.3709 1017.1687    42     7     7  5463    90
 268 2227.0125 1017.4465    37     7     7  3887   296
 269 2022.7348 1018.8018    42     7     7  5609    56
 270 2210.2886 1019.0975    40     7     7  4124   226
 271 2005.0701 1020.4710    44     8     7  5896    21
 272 2193.5290 1020.8541    39     7     7  4119   258
 273 1987.3186 1022.1930    43     7     7  5854    20
 274 2356.0209 1022.2953    26     6     6  1730   421
 275 2176.6777 1022.4810    41     7     7  4312   234
 276 1969.5160 1023.8096    42     7     7  5911     1
 277 2340.0031 1023.9788    34     6     6  2976   402
 278 2159.6913 1024.1344    38     7     7  4263   198
 279 1951.8004 1025.4841    39     7     7  4523    -1
 280 2323.8771 1025.7205    33     6     7  3074   389
 281 2142.6950 1025.8854    40     7     7  4543   201
 282 2307.5970 1027.2821    37     7     7  3406   319
 283 2125.6218 1027.5219    41     7     7  4833   177
 284 2366.7500 1029.0000     6     2     4   308    -1
 285 2291.2740 1029.0223    35     7     6  3387   356
 286 2108.4843 1029.1898    41     7     7  4861   114
 287 2274.8458 1030.7815    35     7     7  3462   344
 288 2091.2309 1030.9050    40     7     7  4921   143
 289 2258.3795 1032.3746    40     7     7  3834   276
 290 2073.9111 1032.5762    44     8     7  5401   118
 291 2241.8243 1034.0826    37     7     7  3762   298
 292 2056.4870 1034.2766    43     7     7  5382    52
 293 2225.1768 1035.8859    38     7     7  3911   288
 294 2038.9949 1035.9661    43     8     8  5409    69
 295 2365.6538 1036.1538    14     3    10   726    -1
 296 2208.5397 1037.5075    41     7     7  4193   210
 297 2021.4280 1037.6425    41     7     7  5565    57
 298 2191.8090 1039.1435    37     7     7  4041   238
 299 2003.8067 1039.3589    43     8     7  5786    14
 300 2353.8981 1040.3825    24     6     6  1617   444
 301 2174.9860 1040.9689    37     8     7  4134   235
 302 1986.1310 1041.0797    43     8     8  5776    11
 303 2337.9459 1042.0036    33     6     6  2897   400
 304 2158.1054 1042.6643    38     7     7  4328   166
 305 1968.3228 1042.7353    42     7     7  5870     6
 306 2321.8838 1043.7964    32     6     7  3007    -1
 307 2141.1286 1044.3226    40     7     7  4542   197
 308 1950.5958 1044.4674    41     7     7  4597   456
 309 2305.6394 1045.4210    38     7     7  3406   328
 310 2124.0656 1046.0431    40     8     7  4576   173
 311 2289.3566 1047.0896    35     7     6  3368   343
 312 2106.9493 1047.8487    43     8     7  4912   107
 313 2272.9774 1048.9227    34     6     6  3401   376
 314 2089.7426 1049.4954    42     7     7  5113   139
 315 2256.4918 1050.6559    40     7     7  3828   267
 316 2072.4961 1051.2228    41     7     7  5116   119
 317 2240.0024 1052.2873    37     7     7  3721   292
 318 2363.7963 1052.4259    16     2    12   827   475
 319 2055.0796 1052.9578    42     8     8  5230    45
 320 2223.4314 1054.0366    36     7     6  3768   317
 321 2037.6454 1054.6804    43     7     7  5514    77
 322 2206.7973 1055.8549    39     7     7  4032   220
 323 2020.1254 1056.4142    45     8     7  5760    50
 324 2190.0977 1057.5501    38     7     7  4095   245
 325 2002.5643 1058.1563    43     7     7  5633    18
 326 2351.8621 1058.2477    26     6     6  1728   439
 327 2173.3422 1059.2295    39     7     7  4238   249
 328 1984.8978 1059.8575    45     8     8  5875     5
 329 2335.9069 1059.9564    33     6     6  2901    -1
 330 2156.4648 1061.0266    36     7     6  4130   455
 331 1967.1565 1061.5976    45     8     7  6070     0
 332 2319.8915 1061.7371    34     7     7  3092   378
 333 2139.5098 1062.8034    39     7     7  4409   195
 334 1949.4242 1063.3135    41     7     7  4517   454
 335 2303.6958 1063.4430    38     7     7  3391   308
 336 2122.5321 1064.5249    41     7     7  4699   175
 337 2362.3333 1065.0000     7     2     6   362    -1
 338 2287.4219 1065.1209    37     7     7  3451   367
 339 2105.4845 1066.2499    40     7     7  4707   157
 340 2271.0752 1067.0036    35     7     6  3438   331
 341 2088.2960 1068.0131    41     7     8  4878   127
 342 2254.6619 1068.8226    38     7     7  3667   461
 343 2071.0551 1069.8209    42     8     7  5110   106
 344 2238.1914 1070.4768    37     7     7  3707   321
 345 2361.5625 1070.8750     8     2     7   416   466
 346 2053.6831 1071.5190    42     7     7  5311    91
 347 2221.6825 1072.1820    38     7     7  3862   260
 348 2036.3162 1073.2749    43     7     7  5437    74
 349 2205.0590 1073.9883    35     7     6  3800   262
 350 2018.8146 1075.0410    43     8     8  5446    48
 351 2188.3755 1075.8167    38     7     7  4060   280
 352 2349.8056 1076.0347    24     5     6  1632   438
 353 2001.3081 1076.7936    42     7     7  5560    34
 354 2171.6426 1077.5614    41     7     7  4329   214
 355 2333.9165 1077.8475    31     6     6  2753   394
 356 1983.6734 1078.5650    43     7     7  5840    13
 357 2154.8463 1079.2827    38     7     7  4256   196
 358 2317.9222 1079.6050    33     6     7  3012   347
 359 1965.9871 1080.3545    43     8     7  5882     8
 360 2137.9658 1081.0677    38     8     7  4285   179
 361 2301.7675 1081.3271    37     7     7  3319   354
 362 1948.2926 1082.0971    39     7     7  4298    80
 363 2120.9922 1082.9436    38     8     7  4393   174
 364 2285.5277 1083.1010    35     7     6  3339   336
 365 2103.9471 1084.7036    42     8     7  4782   152
 366 2269.2238 1084.9723    36     7     6  3462   279
 367 2359.6053 1086.2895     9     2     7   469   473
 368 2086.8436 1086.4084    41     8     7  4899   128
 369 2252.8285 1086.7854    37     7     7  3567   305
 370 2069.6352 1088.2259    40     7     7  4966   113
 371 2236.4157 1088.4940    39     7     7  3788   274
 372 2052.3352 1090.0046    41     7     8  5084    88
 373 2219.9316 1090.2260    38     7     7  3816   217
 374 2034.9740 1091.8139    43     8     7  5380    75
 375 2203.3607 1092.0402    36     7     6  3788   250
 376 2017.5351 1093.5808    41     7     7  5443    55
 377 2347.7569 1093.6612    23     5     6  1547   436
 378 2186.7116 1093.9518    37     7     6  3944   229
 379 2000.0509 1095.3773    43     8     7  5639    30
 380 2331.9124 1095.6057    33     6     7  2814   350
 381 2169.9912 1095.7472    38     8     7  4068    -1
 382 1982.4853 1097.1852    42     7     7  5632    10
 383 2315.9755 1097.3383    33     6     7  2998   364
 384 2153.2361 1097.5194    39     7     7  4269   199
 385 1964.8101 1098.9750    42     8     8  5673     9
 386 2299.8310 1099.1352    33     6     6  3103   353
 387 2136.4125 1099.2708    40     7     7  4400   178
 388 1947.1760 1100.7918    38     7     7  4258    93
 389 2283.6208 1101.0039    35     7     6  3306   286
 390 2119.5012 1101.0914    40     7     7  4477   164
 391 2267.3516 1102.9047    36     7     6  3431   322
 392 2102.4651 1102.9659    38     7     7  4478   150
 393 2357.6429 1104.0714     5     2     4   257    -1
 394 2250.9973 1104.6876    34     6     7  3379   301
 395 2085.3787 1104.7941    40     7     7  4771   125
 396 2234.6418 1106.4361    39     7     7  3734   233
 397 2068.2113 1106.6034    39     7     7  4860   100
 398 2218.1801 1108.2387    37     7     7  3710   257
 399 2050.9681 1108.3820    42     8     7  5168    83
 400 2201.6361 1110.0827    37     7     7  3827   239
 401 2033.6685 1110.2006    39     7     7  5083    65
 402 2345.7214 1111.4922    22     5     6  1484   440
 403 2185.0454 1111.9860    35     7     6  3822    -1
 404 2016.2764 1112.0300    42     7     8  5315    58
 405 2329.9574 1113.1916    31     6     6  2711   379
 406 2168.3626 1113.8323    38     7     7  4076   215
 407 1998.8174 1113.8620    41     8     7  5415    38
 408 2314.0045 1115.0713    33     6     6  2996   369
 409 2151.6486 1115.6530    39     7     7  4198   191
 410 1981.2646 1115.6917    39     7     7  5471    26
 411 2297.9182 1116.9106    34     6     6  3137   337
 412 2134.8452 1117.4235    38     7     7  4278   182
 413 1963.6509 1117.5027    42     7     7  5764     2
 414 2281.7522 1118.8059    36     7     7  3307   315
 415 2117.9643 1119.2405    40     8     7  4466   160
 416 1946.0947 1119.2858    36     6     7  4144    76
 417 2265.5070 1120.6238    36     7     7  3367   303
 418 2100.9977 1121.0949    39     8     7  4510   146
 419 2249.2378 1122.4092    36     7     7  3463   285
 420 2083.9562 1123.0082    38     8     6  4572   137
 421 2232.8629 1124.2349    37     7     7  3608   268
 422 2066.8201 1124.8803    41     8     7  4874   121
 423 2216.4276 1126.0859    37     7     7  3700   248
 424 2049.6018 1126.7050    43     7     7  5135    86
 425 2199.9418 1128.0185    35     7     6  3692   237
 426 2032.3651 1128.5417    41     7     7  5215    59
 427 2343.6919 1128.8865    24     5     6  1570   437
 428 2183.4042 1129.9561    36     7     6  3826   225
 429 2015.0061 1130.3602    43     8     7  5418    42
 430 2327.9381 1130.8017    31     6     6  2657   382
 431 2166.7404 1131.8272    40     7     7  4109   205
 432 1997.6068 1132.2366    40     7     7  5314    33
 433 2312.0570 1132.6859    32     6     7  2864   361
 434 2150.0914 1133.6670    38     7     7  4110   184
 435 1980.1072 1134.0941    41     8     7  5433    23
 436 2296.0210 1134.5612    33     6     7  3007   341
 437 2133.3234 1135.5121    40     7     7  4316   170
 438 1962.5174 1135.9480    42     7     8  5607    17
 439 2279.9018 1136.3966    34     6     7  3141   318
 440 2116.4947 1137.3385    40     7     7  4458   145
 441 1945.0253 1137.8103    36     6     7  4033   108
 442 2263.6845 1138.2481    36     7     7  3372   289
 443 2099.5552 1139.2124    40     7     7  4538   135
 444 2247.4191 1140.1291    36     7     7  3469   275
 445 2082.5736 1141.1090    39     7     7  4574   124
 446 2231.1058 1142.0515    35     7     6  3498   261
 447 2065.4410 1142.9900    38     7     6  4610   117
 448 2214.6901 1143.9852    36     7     6  3620   253
 449 2048.2815 1144.8942    38     7     7  4774   103
 450 2198.2374 1145.8934    37     7     7  3769   228
 451 2341.7969 1146.2760    19     5     5  1142   446
 452 2031.0627 1146.7876    43     8     7  5178    84
 453 2181.7206 1147.7945    38     7     7  3849   216
 454 2326.0390 1148.1279    28     6     6  2131   407
 455 2013.7491 1148.6383    43     7     7  5345    47
 456 2165.1459 1149.6693    38     7     7  3891   203
 457 2310.1134 1150.0240    29     6     6  2345   377
 458 1996.3742 1150.5039    41     7     7  5374    41
 459 2148.5049 1151.5437    40     7     7  4061   181
 460 2294.0925 1152.0045    30     6     6  2614   359
 461 1978.9434 1152.3798    43     8     7  5585    16
 462 2131.7791 1153.4370    38     7     7  4089   161
 463 2277.9795 1153.9394    32     6     6  2920   313
 464 1961.4171 1154.2533    42     7     7  5574     4
 465 2114.9846 1155.3138    38     8     7  4236   147
 466 2261.8316 1155.9105    34     7     6  3259   294
 467 1943.9745 1156.0730    35     7     7  3942    64
 468 2098.1085 1157.2045    39     7     7  4407   133
 469 2245.5956 1157.8181    35     7     6  3350   282
 470 2081.1595 1159.1117    40     7     7  4570   115
 471 2229.3275 1159.7800    37     7     7  3636   247
 472 2064.0901 1161.0282    38     8     6  4564   109
 473 2212.9711 1161.6880    35     6     7  3601   242
 474 2046.9666 1162.9771    39     8     7  4721    89
 475 2196.5783 1163.5865    38     7     7  3854   218
 476 2029.7798 1164.9059    40     7     7  4895    73
 477 2180.0896 1165.4546    36     7     7  3759   208
 478 2012.4783 1166.7872    42     7     7  5185    32
 479 2163.5553 1167.3955    40     7     7  3990   187
 480 1995.1770 1168.7094    40     8     7  5214    40
 481 2146.8809 1169.3472    38     7     7  3948   185
 482 1977.7509 1170.6061    43     7     7  5514    24
 483 2130.2475 1171.2266    39     7     7  4108   151
 484 2297.1137 1171.7011   148    40    17  8464   457
 485 1960.2601 1172.5339    41     7     7  5501    25
 486 2113.5138 1173.1729    39     7     7  4344   144
 487 1942.8870 1174.3613    38     7     7  4063    72
 488 2096.6663 1175.1307    37     7     7  4382   122
 489 2079.7262 1177.0788    37     7     7  4471   112
 490 2062.6979 1179.0399    38     7     7  4619   101
 491 2267.5276 1179.0690    12     3     4   890   447
 492 2045.6089 1180.9779    39     7     7  4760    94
 493 2028.4618 1182.9097    40     7     7  4929    66
 494 2011.2474 1184.8213    39     7     7  4860    54
 495 1993.9661 1186.7443    40     8     7  4804    68
 496 1976.5727 1188.6194    40     7     7  4654    60
 497 2277.3529 1188.8529     7     5     2   384    -1
 498 1959.1037 1190.5502    38     7     7  4590    70
 499 1941.7557 1192.4263    34     7     7  3139   134
 500 2028.8403 1207.2914    21     5     5  1817   442
 501 1980.9787 1217.1489    22     6     6  1194   476
 502 2285.0288 2043.2967   283    45    11 27719    -1
