488
   0 1233.2143  622.7857     5     2     3   257    -1
   1 1199.2222  633.9444     7     2     5   368    -1
   2 1228.1445  878.3015    20    14     3  2733    -1
   3 1189.7623  880.1039    29     7     6  3783   370
   4  833.0333  880.1667     6     2     4   315    -1
   5 1296.7216  902.6367    48     8     7  7183   449
   6 1275.5405  904.3081    52     9     8 10197    -1
   7  863.5556  904.3576    42     8     7  4692   384
   8 1254.0551  906.0174    54     8     8 11017    -1
   9 1232.6008  907.6611    58     9     9 11259   127
  10 1211.0109  909.2240    58     8     9 11930    98
  11 1189.2999  910.9980    58     9     8 12081    80
  12 1167.6436  912.7618    61     9     9 12079    91
  13 1145.7990  914.3939    60     9     9 12032   120
  14 1123.8499  916.0895    58     9     8 11860   116
  15 1101.7834  917.9197    59     9     8 11822   113
  16 1079.5634  919.6207    62     9     9 11684   141
  17 1057.2385  921.2619    62     9     9 11543   148
  18 1034.9311  923.0349    61     9     8 11224   160
  19 1297.5282  923.7849    48     8     8  7535    -1
  20 1012.4269  924.8608    61     9     9 11096   170
  21 1276.4611  925.5749    53     9     9 10370    -1
  22  989.9079  926.5524    62     9     9 10756   194
  23 1255.0831  927.2684    55     8     8 10846    -1
  24  967.1674  928.2005    62     9     9 10493   211
  25 1233.7049  929.0669    56     9     8 10926    82
  26  944.4254  930.0084    60     9     8 10250   233
  27 1212.1018  930.8858    54     8     8 11145    44
  28  921.5741  931.8484    62     9     9 10014   253
  29 1190.5382  932.6006    59     9     9 11084    56
  30  898.6080  933.5313    66     9     9  9911   271
  31 1168.8935  934.2503    58     8     9 11306    76
  32  875.5216  935.1893    66     9     9  9698   294
  33 1147.0294  936.0463    57     8     8 11254    74
  34  852.3776  937.0272    60     9     8  9138   304
  35 1125.1128  937.8886    56     9     8 11100    87
  36  829.1046  938.9329    63    10     8  8754   315
  37 1103.1314  939.6505    59     9     9 11098   111
  38  805.7787  940.8062    64     9     9  8529   323
  39 1081.0542  941.3172    58     8     9 10942   124
  40  782.2629  942.4926    64     9     9  8329   335
  41 1058.9371  943.0951    58     9     8 10736   139
  42  758.9645  944.2741    59     9     8  6080   364
  43 1036.6330  944.9425    60     9     8 10847   158
  44 1298.3955  945.0250    46     7     8  7344    -1
  45 1014.1383  946.7700    61     9     9 10513   167
  46 1277.3580  946.8337    52     8     8 10472    -1
  47  991.7665  948.4803    63     9     9 10298   189
  48 1256.0543  948.6635    53     8     8 10627    -1
  49  969.0846  950.2023    61     9     9  9940   205
  50 1234.6889  950.4076    53     8     9 10594    89
  51  946.4010  952.0332    60     9     8  9831   220
  52 1213.1850  952.1762    55     8     8 10902    38
  53  923.6405  953.8964    60     9     8  9541   242
  54 1191.7917  954.0151    57     9     8 11175    39
  55  900.7656  955.6947    63     9     9  9359   266
  56 1170.0709  955.8726    54     8     8 11155    55
  57  877.7782  957.4174    63     9     9  9103   279
  58 1148.3172  957.6224    60     9     9 11129    67
  59  854.6551  959.1608    63     9     9  8958   327
  60 1126.5578  959.3490    58     9     9 10964    95
  61  831.4476  961.0417    60     9     8  8691   306
  62 1104.6558  961.1493    58     9     8 11124    93
  63  808.1754  962.9274    60     9     8  8358   322
  64 1082.6240  962.9931    59     9     8 11086   112
  65  784.8017  964.7935    62     9     9  8218   345
  66 1060.4402  964.8437    59     9     8 10888   121
  67 1299.2723  966.1747    47     8     8  7400   181
  68  761.4577  966.5699    61     9     9  6099   361
  69 1038.1850  966.6648    61     9     9 10676   143
  70 1278.2256  967.9871    53     8     8 10609   165
  71 1015.9364  968.4112    60     9     9 10395   157
  72 1257.0014  969.8291    54     8     8 10802   171
  73  993.5071  970.2033    61     9     9 10245   184
  74 1235.7088  971.6495    53     8     8 10447   183
  75  970.9966  972.0678    58     8     8  9754   192
  76 1214.2996  973.4567    56     9     9 10675   198
  77  948.3296  973.9441    60     9     8  9789   213
  78 1192.8899  975.2259    54     8     8 10978   199
  79  925.6589  975.8183    63     9     9  9626   236
  80 1171.2171  977.0978    58     9     8 11197   204
  81  902.8517  977.6187    63     9     9  9342   351
  82 1149.6955  978.9658    58     9     8 11247   223
  83  879.9366  979.3958    60     9     9  8942   416
  84 1127.9410  980.8528    57     8     8 11076   216
  85  856.9032  981.1903    61     9     9  8814   420
  86 1106.0261  982.6945    58     8     9 10999   237
  87  833.7972  983.0869    62     9     8  8723   331
  88 1084.0535  984.4671    57     8     9 10773   244
  89  810.5659  984.9921    60     9     8  8523   317
  90 1062.0090  986.2534    58     8     9 10698   269
  91  787.2717  986.9162    62     9     8  8307   422
  92 1300.1341  987.1207    50     8     8  7564   246
  93 1039.9188  988.1282    59     9     8 10562   278
  94  764.0522  988.8078    57     9     8  5956   430
  95 1279.1074  988.9916    52     8     8 10601   224
  96 1017.6676  990.0396    60     9     8 10585   287
  97 1257.9496  990.8501    52     8     8 10630   229
  98  995.2286  991.9384    59     9     8 10176   300
  99 1236.7317  992.7115    52     8     8 10393   243
 100  972.8756  993.8497    59     9     8  9865   307
 101 1215.3825  994.5742    53     9     9 10482   252
 102  950.2489  995.6989    62     9     9  9715   314
 103 1193.9970  996.4299    56     8     9 10837   255
 104  927.6628  997.5245    63     9     9  9519   439
 105 1172.5180  998.3182    56     9     8 10851   268
 106  904.9289  999.3504    60     9     9  9136   325
 107 1150.9402 1000.1343    54     8     8 11035   272
 108  882.0599 1001.1993    60    10     8  8956   334
 109 1129.1328 1002.0410    56     8     8 11022   275
 110  859.1091 1003.1183    59     9     8  8732   296
 111 1107.4003 1003.9546    59     9     8 11122   286
 112  836.0758 1005.0444    61     9     8  8627   427
 113 1085.5653 1005.8522    58     9     8 10876   298
 114  812.9457 1006.9613    64    10     8  8567   348
 115 1063.5735 1007.7476    56     9     8 10517   303
 116 1300.8754 1007.8887    50     8     8  7607    96
 117  789.7296 1008.8920    62     9     8  8274   337
 118 1041.4802 1009.6554    58     9     9 10358   414
 119 1279.9744 1009.8277    52     8     8 10480    26
 120  766.5655 1010.8064    58     9     8  5984   426
 121 1019.2720 1011.5314    61     9     9 10338   320
 122 1258.8940 1011.7451    52     8     8 10441    31
 123  997.0313 1013.3879    58     8     9  9922   436
 124 1237.7244 1013.6540    52     8     8 10290    48
 125  974.6929 1015.2806    60     9     9  9750    -1
 126 1216.4688 1015.5618    54     9     9 10399    59
 127  952.1407 1017.1803    59     9     8  9538   346
 128 1195.1191 1017.4663    55     8     9 10699    60
 129  929.6563 1019.1063    60     9     8  9475    -1
 130 1173.7391 1019.3649    55     9     9 10794    62
 131  906.9556 1021.0506    60     9     8  9122   256
 132 1152.1311 1021.2574    55     8     8 10803    72
 133  884.1818 1022.9800    58     9     8  8890   367
 134 1130.5751 1023.1970    58     9     8 10953    84
 135  861.2977 1024.9360    60     9     8  8844   291
 136 1108.9068 1025.0960    54     8     8 10797   101
 137  838.3557 1026.8942    60     9     8  8622   308
 138 1087.0026 1027.0337    55     8     8 10713   103
 139 1301.5898 1028.5942    46     8     7  7164    57
 140  815.2994 1028.8368    61     9     8  8400   354
 141 1065.0543 1028.9679    54     8     8 10475   122
 142 1280.8681 1030.5756    49     8     8  9965     9
 143  792.1640 1030.7764    60     9     8  8057   336
 144 1043.0615 1030.9258    54     8     8 10283   132
 145 1259.8355 1032.5417    50     8     8 10056    16
 146  769.0963 1032.6879    54     8     8  5707   373
 147 1021.0040 1032.8970    57     8     8 10217   151
 148 1238.7141 1034.4986    52     8     9 10219    24
 149  998.8511 1034.8482    59     9     8 10017   169
 150 1217.5348 1036.4382    51     9     8 10173    37
 151  976.4665 1036.7713    58     9     8  9672   403
 152 1196.2293 1038.3602    53     8     8 10468    34
 153  954.0632 1038.7475    57     9     8  9294   206
 154 1174.9181 1040.2924    54     8     8 10750    36
 155  931.5991 1040.6728    59     9     9  9183   343
 156 1153.4081 1042.2763    55     9     8 10652    53
 157  908.9968 1042.6168    59     9     9  8971   372
 158 1131.9145 1044.1747    54     8     8 10816    63
 159  886.2765 1044.5678    62     9     9  8913   404
 160 1110.1502 1046.1488    55     8     8 10669    77
 161  863.5186 1046.5016    62     9     9  8698    -1
 162 1088.4570 1048.1316    58     9     8 10684   100
 163  840.6775 1048.4818    63     9     9  8587    -1
 164 1302.3648 1049.2696    47     7     8  7098    35
 165 1066.6955 1050.0921    57     9     8 10552   115
 166  817.7026 1050.4297    63     9     9  8371   413
 167 1281.7166 1051.2263    52     8     8 10184     1
 168 1044.7723 1052.0693    57     9     8 10405   138
 169  794.6222 1052.4015    64     9     9  8174   419
 170 1260.7714 1053.1954    54     8     8 10455     3
 171 1022.7264 1054.0531    59     9     8 10296   401
 172  771.6162 1054.4155    56     9     8  5735   435
 173 1239.7079 1055.1740    53     8     8 10413     7
 174 1000.5570 1056.0257    60     9     8 10093   357
 175 1218.5911 1057.1727    53     9     8 10359    19
 176  978.2306 1058.0157    58     9     8  9705   378
 177 1197.3103 1059.1640    55     9     8 10595    22
 178  955.9902 1060.0117    56     8     8  9279    -1
 179 1176.0610 1061.1027    52     8     8 10750    29
 180  933.5725 1061.9936    60     9     8  9390    -1
 181 1154.7442 1063.1135    55     9     8 10760    52
 182  911.0224 1063.9797    57     8     8  8872    -1
 183 1133.1126 1065.0780    54     8     8 10709    61
 184  888.3955 1065.9742    60     9     8  8981   274
 185 1111.6473 1067.0863    57     9     8 10725   398
 186  865.7652 1067.9918    59     9     8  8666    -1
 187 1089.9458 1069.0757    54     8     8 10574   399
 188 1303.3598 1069.5886    45     7     7  6900    46
 189  842.9284 1069.9867    60     9     8  8439    -1
 190 1068.0771 1071.0566    54     8     8 10300   395
 191 1282.6120 1071.6555    51     8     8  9915     2
 192  820.0131 1071.9972    62    10     8  8315   418
 193 1046.1957 1073.0825    58     9     8 10340   397
 194 1261.7072 1073.6876    51     8     8 10075     4
 195  797.0343 1074.0017    63    10     8  8147   421
 196 1024.2388 1075.1024    58     9     8 10098    -1
 197 1240.7216 1075.7104    52     8     8 10194    13
 198  774.1412 1076.0099    52     8     8  5616   429
 199 1002.1894 1077.1166    57     9     8  9791    -1
 200 1219.6786 1077.7288    53     8     8 10252    -1
 201  980.0386 1079.1375    57     8     8  9539   185
 202 1198.4871 1079.7537    53     9     8 10379   390
 203  957.8929 1081.1612    56     9     8  9235   400
 204 1177.2006 1081.8085    54     8     8 10719    -1
 205  935.4968 1083.2239    59     9     8  9180   230
 206 1155.9420 1083.8503    53     8     8 10678    -1
 207  913.0186 1085.2074    56     8     8  8760   250
 208 1134.4978 1085.8408    56     9     8 10608    -1
 209  890.5359 1087.2625    59     9     8  8747   261
 210 1112.9923 1087.9161    54     8     8 10618   389
 211  867.9115 1089.2737    58     9     8  8419   288
 212 1091.2846 1089.9235    57     9     8 10560   391
 213 1304.1036 1090.0116    48     8     8  7216   396
 214  845.1264 1091.3179    59     9     8  8277   347
 215 1069.7330 1091.9634    58     9     8 10047   392
 216 1283.4341 1092.0934    51     8     8  9938   388
 217  822.3215 1093.3871    61     9     9  8205   432
 218 1047.9340 1093.9716    53     8     8  9503    -1
 219 1262.5949 1094.1465    52     8     8 10136     5
 220  799.4029 1095.4188    61     9     9  7951   434
 221 1025.9530 1096.0554    54     8     8  9630   152
 222 1241.6715 1096.2042    52     8     8 10219    -1
 223  776.6130 1097.5021    53     9     9  5517   437
 224 1003.9660 1098.1127    54     8     8  9573   162
 225 1220.6837 1098.2719    52     8     8 10247   447
 226  981.9219 1100.1670    55     9     8  9329   182
 227 1199.5946 1100.3306    52     9     8 10239    28
 228  959.7614 1102.2435    58     9     8  9255   203
 229 1178.4016 1102.3785    54     9     8 10341    -1
 230  937.4212 1104.3110    58     9     8  8980   225
 231 1048.7518 1104.3928    71     9     9 12502   110
 232 1157.1416 1104.4182    54     8     8 10393    -1
 233  915.0314 1106.3490    56     8     9  8626   247
 234 1135.8271 1106.4707    54     8     9 10316    83
 235  892.6107 1108.4327    60     9     9  8601   262
 236 1114.3113 1108.5495    55     9     9 10259    71
 237 1304.8121 1110.3166    47     8     8  7050   393
 238  870.0323 1110.5242    57     9     9  8272   284
 239 1092.8357 1110.6376    55     8     8 10168    90
 240 1284.2972 1112.3450    50     8     8  9887   387
 241  847.3841 1112.6193    59     9     9  8189   363
 242 1071.1454 1112.7101    54     8     8  9682   102
 243 1058.9144 1113.9066    38     8     8  6644   341
 244 1263.4910 1114.4465    50     9     8  9811     8
 245  824.6618 1114.6828    59     9     8  8069   365
 246 1049.3307 1114.7984    56     9     8  9349   126
 247 1242.6612 1116.5228    49     8     7  9870   386
 248  801.8495 1116.7752    60     9     8  7938   369
 249 1027.6222 1116.8756    56     9     8  9504   146
 250 1221.7317 1118.5898    50     8     8 10009    17
 251  779.1132 1118.8895    53     8     8  5600   440
 252 1005.7492 1118.9987    57     9     8  9637   161
 253 1200.7301 1120.6613    52     8     8 10180    21
 254  983.7275 1121.0920    58     9     8  9463   173
 255 1179.6257 1122.7500    55     9     8 10369    32
 256  961.5753 1123.1872    58     9     8  9223   195
 257 1158.3554 1124.8618    55     9     8 10440    41
 258  939.3163 1125.2738    58     9     8  8938   218
 259 1137.0623 1126.9949    53     8     8 10528    66
 260  917.0311 1127.3496    55     8     8  8523   240
 261 1115.7888 1129.0978    55     9     8 10391    85
 262  894.6874 1129.4552    57     9     9  8425   267
 263 1305.5434 1130.3874    47     8     7  6798    11
 264 1094.1671 1131.2101    55     8     8 10115    92
 265  872.1563 1131.6074    58     9     9  8291   285
 266 1285.1453 1132.4259    48     8     8  9796     0
 267 1072.6986 1133.3482    56     9     8  9769   117
 268  849.6232 1133.6961    58     9     8  8174   340
 269 1264.4427 1134.5152    49     8     8  9749    20
 270 1050.9952 1135.4386    55     8     9  9555   135
 271  826.9605 1135.8409    59     9     8  8040    -1
 272 1243.6514 1136.6515    51     8     8  9948    12
 273 1029.1828 1137.5933    55     9     9  9462   159
 274  804.1650 1137.9287    57     9     8  7797   368
 275 1222.7783 1138.7898    50     8     8 10104    18
 276 1007.3307 1139.6887    57     9     8  9406   179
 277  781.4518 1140.0439    56     9     8  5747   376
 278 1201.8240 1140.9153    53     8     8 10427    49
 279  985.3870 1141.8207    58     9     8  9307   186
 280 1180.7787 1143.0940    54     8     8 10454    40
 281  963.3409 1143.9584    58     9     8  9167   212
 282 1159.6138 1145.2556    53     9     8 10171    65
 283  941.1951 1146.0922    58     9     8  8944   228
 284 1138.3432 1147.3899    55     9     8 10124    99
 285  919.0042 1148.2283    56     8     8  8568   251
 286 1117.0555 1149.5046    55     8     9 10088   201
 287  896.7592 1150.3556    56     9     8  8306   265
 288 1306.3391 1150.3566    43     7     7  6663    10
 289 1095.6678 1151.6364    56     9     8  9956   130
 290 1285.9925 1152.4586    50     8     8  9909     6
 291  874.3083 1152.5449    58     9     9  8227   295
 292 1074.1021 1153.8011    54     8     8  9938   140
 293 1265.3405 1154.5534    51     8     8  9856    27
 294  851.8619 1154.6739    57     9     8  8015   350
 295 1052.5474 1155.9605    58     9     8  9817   163
 296 1244.6330 1156.7197    52     8     8  9945    25
 297  829.1994 1156.8250    58     9     8  7964    -1
 298 1030.9052 1158.1366    54     8     8  9474   164
 299 1223.8085 1158.8830    51     8     8 10187    33
 300  806.5770 1158.9741    60     9     8  7946    -1
 301 1009.0222 1160.3004    55     8     8  9104   188
 302 1202.9274 1161.1084    54     8     8 10468    43
 303  784.0662 1161.1476    53     8     8  5536    -1
 304  987.1388 1162.4903    57     9     9  8936   208
 305 1181.9348 1163.3052    53     8     8 10283    64
 306  965.1843 1164.6469    53     9     8  8666   232
 307 1160.8538 1165.4598    52     8     8 10043    73
 308  943.1171 1166.8056    55     9     8  8689   241
 309 1139.6981 1167.5946    54     9     8  9955   106
 310  921.0103 1168.9897    54     8     8  8493   263
 311 1118.3944 1169.7490    55     9     8  9956   125
 312 1307.2227 1170.2233    47     8     8  6915    15
 313  898.8429 1171.1679    58     9     8  8473   289
 314 1097.0422 1171.9796    53     8     8  9981   136
 315 1286.7949 1172.3719    52     8     8  9928    14
 316  876.4530 1173.3420    56     9     8  8116   310
 317 1075.6493 1174.1957    57     9     8  9770   166
 318 1266.2297 1174.4828    49     8     7  9820    50
 319  854.0195 1175.5089    56     8     9  7861   356
 320 1054.0557 1176.3670    55     8     8  9459   175
 321 1245.5931 1176.6726    52     9     8  9875    42
 322  831.4813 1177.6786    57     9     8  7817   375
 323 1032.4319 1178.5614    54     9     8  9101   190
 324 1224.8145 1178.8693    50     8     8 10065    51
 325  808.9207 1179.9025    59     9     8  7790    -1
 326 1010.7690 1180.7682    57     9     8  9047   214
 327 1203.9977 1181.1552    52     8     8 10259    94
 328  786.2832 1182.0706    55     9     8  5605    -1
 329  988.9579 1182.9863    54     8     8  8881   226
 330 1183.0467 1183.3705    52     8     8 10068    79
 331  967.0130 1185.1832    54     8     8  8694   248
 332 1162.0282 1185.5284    53     8     8 10002   109
 333  945.0240 1187.3877    55     8     8  8450   277
 334 1140.9321 1187.7319    53     8     8  9965   155
 335  923.0006 1189.5848    54     8     8  8205   283
 336 1307.9330 1189.7456    47     8     8  6877    23
 337 1119.7993 1189.9324    54     8     8  9874   131
 338  900.8562 1191.7847    58     9     8  8333   305
 339 1287.6079 1192.0807    51     8     8  9740    30
 340 1098.4367 1192.2231    55     9     8  9620   154
 341  878.5599 1194.0088    60     9     8  8326   316
 342 1267.1345 1194.3525    50     8     8  9877    68
 343 1077.0532 1194.4235    54     8     8  9428   172
 344  856.1482 1196.2229    58     9     8  7988   359
 345 1246.5206 1196.5322    49     9     8  9628    54
 346 1055.6345 1196.6147    55     9     8  9247   196
 347  833.7616 1198.4111    58     9     9  7748    -1
 348 1225.8174 1198.7538    50     8     8  9942    70
 349 1034.0495 1198.8730    54     8     8  9199   202
 350  811.2062 1200.6589    57     9     8  7533    -1
 351 1205.0426 1201.0512    52     8     8 10117    78
 352 1012.3757 1201.1673    56     9     8  8883   219
 353  788.8672 1202.8099    54     9     8  5478   428
 354 1184.1792 1203.2990    51     8     8  9865   104
 355  990.7047 1203.3821    55     9     8  8681   239
 356 1163.2130 1205.4885    50     8     7  9653   129
 357  968.8884 1205.5734    56     9     8  8560   259
 358 1142.1569 1207.7100    53     8     8  9826   137
 359  946.9645 1207.8286    56     8     8  8540   281
 360 1308.5866 1209.4808    45     8     7  6719    45
 361 1121.0610 1210.0231    53     8     8  9746   150
 362  924.9477 1210.0823    54     8     8  8329   297
 363 1288.4890 1211.6764    50     8     8  9590    47
 364 1099.9011 1212.2990    53     8     8  9497   176
 365  902.8510 1212.3175    54     9     8  8065   309
 366 1268.0034 1213.9969    52     8     8 10030   108
 367 1078.5514 1214.5176    53     9     8  9114   191
 368  880.6388 1214.5249    57     9     8  7988   326
 369 1247.4375 1216.3192    50     8     8  9623    69
 370 1057.1005 1216.7571    54     8     8  9246   200
 371  858.3083 1216.7632    58     9     8  7980   366
 372 1226.8355 1218.5407    51     8     8  9820    86
 373  835.9881 1219.0665    55     8     8  7673    -1
 374 1035.6997 1219.0882    56     9     8  9044   222
 375 1206.0990 1220.7675    53     8     8 10007   353
 376  813.5722 1221.3353    57     9     8  7543    -1
 377 1014.0432 1221.3693    55     8     8  8787   235
 378 1185.3000 1223.1360    51     8     8  9691   118
 379  791.2162 1223.5311    52     8     7  5303    -1
 380  992.3792 1223.5893    55     9     8  8593   254
 381 1164.3891 1225.4026    53     9     8  9629   144
 382  970.6845 1225.8538    57     9     8  8556   270
 383 1143.4596 1227.6094    52     9     8  9454   245
 384  948.8613 1228.1766    55     9     8  8430   293
 385 1309.3987 1228.9198    44     7     8  6545    75
 386 1122.3927 1229.9195    54     9     8  9382   180
 387  926.8900 1230.4195    54     9     8  8105   301
 388 1289.2995 1231.3001    49     8     8  9648    58
 389 1101.1970 1232.2615    52     8     8  9142   207
 390  904.8830 1232.6724    57     9     8  8127   318
 391 1268.8776 1233.5418    47     8     7  9570   394
 392 1079.9978 1234.5151    53     8     8  9028   210
 393  882.7815 1234.9749    57     9     8  8068   339
 394 1248.4425 1235.8296    50     8     8  9576    97
 395 1058.7121 1236.7894    54     9     8  8947   221
 396  860.5313 1237.3052    57     9     8  7834   374
 397 1227.8405 1238.2061    53     8     8  9869   105
 398 1037.1797 1239.1707    53     8     8  8784   238
 399  838.1855 1239.5618    56     9     8  7544    -1
 400 1207.1828 1240.4692    49     8     7  9566   133
 401 1015.7791 1241.4566    53     9     8  8543   260
 402  815.8787 1241.8099    58     9     8  7556    -1
 403 1186.4635 1242.7493    52     9     8  9536   145
 404  994.0890 1243.7103    53     8     8  8484   280
 405  793.5370 1244.1111    54     9     8  5374    -1
 406 1165.6110 1245.1159    53     9     8  9486   153
 407  972.4045 1246.0778    56     9     8  8401   290
 408 1144.7243 1247.4510    51     8     8  9286   174
 409 1310.2348 1248.3649    44     8     7  6589    88
 410  950.6941 1248.3782    55     9     8  8253   313
 411 1123.7463 1249.6998    53     8     8  9218   197
 412 1290.0796 1250.6023    51     8     8  9626    81
 413  928.8371 1250.6223    57     9     8  8190   328
 414 1102.6378 1252.0802    54     9     8  9041   215
 415  906.8995 1252.9665    54     9     8  8031   333
 416 1269.7330 1252.9834    51     8     8  9581   149
 417 1081.4060 1254.4179    53     9     8  8798   227
 418  884.8265 1255.3048    53     9     8  7805   355
 419 1249.3606 1255.3723    49     8     8  9460   107
 420 1060.1307 1256.6821    53     8     8  8821   249
 421  862.6610 1257.5520    56     9     8  7702   379
 422 1228.8205 1257.6453    49     8     8  9516   123
 423 1038.8552 1259.0913    54     8     8  8756   264
 424  840.4124 1259.8710    58     9     8  7730    -1
 425 1208.2577 1260.0616    51     8     8  9512   147
 426 1017.3318 1261.4436    52     9     8  8325   282
 427  818.0794 1262.2325    57     9     8  7474   438
 428 1187.5504 1262.4230    51     9     8  9277   168
 429  995.8756 1263.7375    53     8     8  8279   302
 430  795.9602 1264.5045    48     8     7  5088    -1
 431 1166.7965 1264.6850    50     8     8  9268   177
 432  974.1504 1266.1354    52     8     8  8160   319
 433 1145.9632 1267.0900    53     8     8  9394   193
 434 1310.9257 1267.4456    43     8     7  5751   128
 435  952.5026 1268.4529    55     9     8  8102   330
 436 1125.0131 1269.4548    50     8     8  9031   217
 437 1290.8193 1269.8034    50     8     8  8301   114
 438  930.7418 1270.7401    55     9     8  8019   433
 439 1103.9745 1271.7541    53     8     8  9050   231
 440 1270.5235 1272.2879    49     8     8  8523   119
 441  908.8789 1273.1435    55     9     8  8021   344
 442 1082.8981 1274.1913    54     8     8  8900   257
 443 1250.2906 1274.5943    50     8     8  9115   134
 444  886.8808 1275.4439    53     9     8  7661   360
 445 1061.7064 1276.5278    51     9     8  8418   273
 446 1229.7786 1277.0723    53     8     8  9750   142
 447  864.8375 1277.7660    56     9     8  7721   380
 448 1040.3581 1278.9088    54     9     8  8459   299
 449 1209.2876 1279.4459    50     8     8  9563   156
 450 1297.4955 1279.8604     6     4     2   522   446
 451  842.6884 1280.1772    57     9     8  7648    -1
 452 1019.0027 1281.3311    53     8     8  8365   312
 453 1188.6683 1281.7877    50     8     8  9416   178
 454  820.3959 1282.4891    55     9     8  7342    -1
 455  997.5304 1283.6284    53     9     8  8141   324
 456 1167.9670 1284.2731    53     8     8  9740   187
 457  798.2500 1284.7258    51     8     8  5274   441
 458  975.9834 1286.0407    53     8     8  8126   329
 459 1147.1495 1286.5778    52     8     8  9504   209
 460  954.2913 1288.4325    53     9     8  7835   338
 461 1126.2880 1289.0327    52     8     8  9261   234
 462  932.6221 1290.7197    54     9     8  7788   349
 463 1105.2953 1291.4283    50     8     8  8900   258
 464  910.8410 1293.1663    55     9     8  7844   358
 465 1084.2602 1293.7628    54     8     8  8971   276
 466  888.9165 1295.4866    50     8     7  7355   371
 467 1063.1275 1296.2505    53     8     8  8822   292
 468  866.9387 1297.8447    54     8     8  7519   381
 469 1041.9384 1298.5961    53     8     8  8633   311
 470  844.8601 1300.2873    54     9     8  7410    -1
 471 1020.6242 1301.0212    54     9     8  8439   321
 472  822.6747 1302.5586    56     9     8  7305    -1
 473  999.1552 1303.4617    51     8     8  8220   332
 474  800.6129 1304.9363    51     9     8  5110    -1
 475 1219.2276 1305.1063    29     7     6  3840   385
 476  977.7584 1305.8177    54     9     8  8177   342
 477  956.1077 1308.2774    53     8     8  8033   352
 478  934.4817 1310.6129    55     9     8  7992   362
 479  912.7741 1313.0460    56     9     8  7925   423
 480  890.9364 1315.4205    51     8     8  7429   377
 481  869.0156 1317.7014    53     8     8  7169   383
 482  847.0019 1320.1420    52     8     8  6712   443
 483 1249.9361 1321.6925    35     3    17  2259    -1
 484  824.9313 1322.4319    51     8     7  6399    -1
 485  802.9269 1324.8050    46     8     8  4359    -1
 486  916.3375 1339.8437    24     7     6  2326   382
 487  889.0797 1345.8841     8     2     4   538   448
