476
   0  560.6589  915.7980    14     6     4   851    -1
   1  567.2715  926.0217    53    21     5  3639   154
   2  523.6277  928.4330    42     8     7  3533   135
   3  648.0738  951.6186    61     9     9  6255   195
   4  624.1563  953.4026    67    10     9  7938    69
   5  153.7018  954.7242    30     7     7  1723    -1
   6  599.8897  955.2387    68    10     9  7850    66
   7  575.5522  957.0927    62     9     8  7541    -1
   8  551.1761  958.9306    66    10     8  7699    74
   9  526.6500  960.8187    68    10     9  7627    70
  10  502.0682  962.6461    68    10     9  7425   171
  11  477.3349  964.4421    68    10     9  7216   164
  12  116.5588  965.2059     5     3     2   267    -1
  13  452.4563  966.2578    67     9     9  6962   184
  14  427.4947  968.1146    67     9     9  6723   173
  15  402.3980  970.0114    65     9     8  6357   172
  16  377.1708  971.9407    66    10     8  6143   152
  17  351.8119  973.8907    69    10     8  6076   157
  18  651.0724  974.0333    60     9     8  6351    -1
  19  326.3534  975.8006    65    10     9  5665    57
  20  627.2140  975.9749    65    10     8  7942    24
  21  300.7794  977.6738    68    10     9  5587   162
  22  603.0308  977.8972    66    10     8  7842    27
  23  275.0807  979.5096    67    10     9  5320    -1
  24  578.7598  979.8197    66    10     9  7758    -1
  25  249.2820  981.3520    66    10     9  5084   146
  26  554.4553  981.7127    67     9     9  7755    59
  27  223.3225  983.1756    64     9     9  4806   153
  28  530.0566  983.5854    68    10     9  7640    67
  29  197.3054  985.0838    61     9     8  4494    -1
  30  505.5130  985.4395    66     9     9  7236    -1
  31  171.1326  987.0295    60    10     8  4290    -1
  32  480.8694  987.2989    67    10     9  6961   163
  33  144.8740  988.9785    61    10     8  4189    -1
  34  456.1181  989.2034    65    10     9  6625   156
  35  118.4550  991.0445    58     9     8  3855    -1
  36  431.2343  991.1295    68    10     8  6561   136
  37  406.2012  993.0588    67    10     8  6265   169
  38   91.9578  993.0639    57     9     8  3680    -1
  39  381.1060  995.0098    65    10     8  5900    86
  40   65.3161  995.0898    58     9     8  3607    -1
  41  653.9691  996.3893    61     9     9  6356    60
  42  355.8224  996.9808    65    10     8  5700   137
  43   40.4492  997.3983    27     6     8  1409    -1
  44  630.1936  998.3345    66    10     9  8032    21
  45  330.4226  998.9441    63     9     8  5386    58
  46  606.1030 1000.2552    65    10     9  7920    31
  47  304.9437 1000.9077    65    10     8  5276   159
  48  581.9246 1002.2212    68    10     9  8153    80
  49  279.3629 1002.8564    62     9     8  4924    -1
  50  557.7031 1004.1660    62     9     8  7837    54
  51  253.6597 1004.8266    61     9     8  4691   140
  52  533.3905 1006.1078    64     9     8  7728    43
  53  227.8250 1006.7877    62    10     8  4577   141
  54  508.9392 1008.0956    66    10     8  7417    -1
  55  201.9023 1008.7409    63    10     9  4445    -1
  56  484.3873 1010.0362    63     9     8  6938    84
  57  175.8194 1010.6936    59     9     9  4102    -1
  58  459.6812 1012.0267    64    10     8  6665   188
  59  149.6172 1012.6350    60     9     9  4015    -1
  60  434.8962 1013.9978    67    10     8  6548    -1
  61  123.2442 1014.5912    58     9     9  3799    -1
  62  409.9804 1015.9661    66    10     8  6237   167
  63   96.8831 1016.5859    58     9     9  3657    -1
  64  384.9365 1017.9525    65    10     8  5933   139
  65   70.2129 1018.5796    55     9     8  3391    -1
  66  656.8659 1018.7393    59    10     8  6276    36
  67  359.7764 1019.9422    65    10     8  5699   138
  68  633.1735 1020.7482    64    10     9  7963    12
  69   46.0000 1021.4231    16     4     7   826    -1
  70  334.4571 1021.9345    62     9     8  5314    -1
  71  609.1792 1022.7297    64    10     9  7998    25
  72  309.1228 1023.9313    63    10     8  5109    -1
  73  585.1056 1024.6770    63    10     9  8081    65
  74  283.5979 1025.9009    61     9     8  4786    -1
  75  560.9018 1026.6911    64    10     9  8036    52
  76  257.9336 1027.8807    62    10     8  4689   143
  77  536.6634 1028.6912    66     9     9  8007    41
  78  232.2176 1029.9133    62    10     8  4605   150
  79  512.3472 1030.6910    63     9     9  7397   181
  80  206.3735 1031.8890    62     9     8  4460    -1
  81  487.8697 1032.7039    66    10     9  7130    79
  82  180.4082 1033.8982    60     9     8  4198    -1
  83  463.2739 1034.6843    64    10     9  6645    -1
  84  154.3079 1035.9237    59     9     8  4012    -1
  85  438.5525 1036.7124    65     9     9  6452   187
  86  128.0571 1037.8983    58     9     8  3819    -1
  87  413.7172 1038.7269    65    10     9  6155   166
  88  101.7674 1039.9411    57     9     8  3639    -1
  89  388.7625 1040.7466    66    10     9  5948   142
  90  659.7918 1040.8438    58     9     8  6283    23
  91   75.3394 1042.0136    56     9     8  3460    -1
  92  363.6831 1042.7790    65     9     9  5659    -1
  93  636.1390 1042.8815    65    10     8  8120    10
  94   50.8478 1044.5435    17     4     8   873    -1
  95  338.4823 1044.8090    61     9     8  5257    -1
  96  612.2413 1044.9039    63    10     8  8159    20
  97  313.2138 1046.8123    63    10     8  5103    -1
  98  588.2287 1046.9217    62     9     8  8220    40
  99  287.8197 1048.8559    61    10     8  4708    -1
 100  564.1118 1048.8985    62    10     8  7886    46
 101  262.1883 1050.8662    62     9     8  4643   148
 102  539.9258 1050.9662    65    10     8  8078    50
 103  236.6067 1052.8916    59     9     8  4431    -1
 104  515.6677 1053.0133    62     9     8  7501   170
 105  210.8386 1054.9187    59     9     8  4285    -1
 106  491.3160 1055.0407    63     9     8  7084   149
 107  184.9706 1056.9504    58    10     8  4090    -1
 108  466.7877 1057.0782    64    10     8  6718    -1
 109  158.9856 1059.0250    59    10     8  3992    -1
 110  442.1939 1059.1165    64    10     8  6405    -1
 111  132.8480 1061.0895    59     9     8  3861    -1
 112  417.4331 1061.1309    62     9     8  6029    -1
 113  662.6441 1062.8018    58     9     8  6329    18
 114  106.6025 1063.1265    57     9     8  3621    -1
 115  392.5430 1063.1781    62     9     8  5772   144
 116  639.0789 1064.8746    64    10     8  8106     6
 117   80.2308 1065.2027    55     9     8  3389    -1
 118  367.5732 1065.2681    62     9     9  5506    -1
 119  615.2618 1066.9389    62     9     8  8213    22
 120  342.4559 1067.3379    64     9     9  5378    -1
 121   56.4583 1067.9583    15     3     7   774    -1
 122  591.3430 1068.9782    61     9     8  8267    38
 123  317.2465 1069.4785    62     9     9  5053    -1
 124  567.2908 1071.0541    60     9     8  7862    44
 125  291.9635 1071.6272    61    10     9  4733    -1
 126  543.2885 1073.1423    62     9     8  7984    55
 127  266.4879 1073.7008    60     9     8  4564   155
 128  519.0189 1075.2124    63    10     8  7451   128
 129  240.9431 1075.7882    60    10     8  4440    -1
 130  494.7361 1077.2709    63    10     9  6970   147
 131  215.2985 1077.8529    60     9     8  4295    -1
 132  470.3053 1079.3629    64     9     9  6636    -1
 133  189.5408 1079.9418    58     9     8  4052    -1
 134  445.7728 1081.4949    65    10     9  6381   177
 135  163.5947 1082.0107    58     9     8  3924    -1
 136  421.1247 1083.6097    66    10     9  6172    -1
 137  137.5323 1084.0842    56     9     8  3697    -1
 138  665.4921 1084.6250    57     9     8  6146    17
 139  396.3180 1085.7469    61     9     8  5671    -1
 140  111.3642 1086.2004    56     9     8  3551    -1
 141  641.9829 1086.7641    63    10     8  8000    -1
 142  371.4419 1087.8629    62     9     8  5528    -1
 143   85.0833 1088.4017    52     8     8  3200    -1
 144  618.2555 1088.8533    63     9     8  8230     5
 145  346.4138 1089.9627    62     9     8  5328    -1
 146  594.4224 1090.9652    60     9     8  8234    33
 147   61.4524 1091.1667    15     3     6   771    -1
 148  321.2908 1092.0558    60     9     8  5017    -1
 149  570.4474 1093.0655    60     9     8  7865    -1
 150  296.0685 1094.1459    61    10     8  4860    -1
 151  546.4520 1095.1785    61     9     8  7800    -1
 152  270.7257 1096.2525    60     9     8  4604    -1
 153  522.3638 1097.2796    63     9     8  7351   105
 154  245.2561 1098.3996    58     9     9  4294    -1
 155  498.1308 1099.4366    62    10     9  6808    71
 156  219.7411 1100.5992    57     9     9  4090    -1
 157  473.8016 1101.5860    64    10     9  6559    81
 158  193.9871 1102.6965    58    10     8  3984   176
 159  449.3495 1103.7396    61     9     8  6180   151
 160  168.1453 1104.8404    57     9     8  3834    -1
 161  424.7514 1105.8819    62    10     8  5988    -1
 162  668.2683 1106.2740    57     9     8  6208    11
 163  142.2773 1107.0186    56     9     8  3662    -1
 164  400.0949 1107.9992    63    10     8  5774   180
 165  644.8972 1108.4383    62    10     9  7846    -1
 166  116.2015 1109.1754    55     9     8  3477    -1
 167  375.2843 1110.1272    61    10     8  5456   189
 168  621.2239 1110.6311    63     9     9  8025    13
 169   90.0847 1111.3610    52     8     8  3190    -1
 170  350.3291 1112.2607    60     9     8  5148    -1
 171  597.4698 1112.7690    59     9     8  7890    35
 172  325.2897 1114.4558    61     9     9  4971    -1
 173   66.5000 1114.7222     7     3     5   359    -1
 174  573.6009 1114.9081    60     9     8  8075    -1
 175  300.1587 1116.6721    59    10     8  4699    -1
 176  549.7607 1117.0877    61     9     8  7634    -1
 177  274.9111 1118.8346    60    10     8  4581    -1
 178  525.6133 1119.2514    62     9     8  7291    62
 179  249.5681 1120.9642    59     9     8  4374    -1
 180  501.5206 1121.3932    63     9     9  6783    83
 181  224.1077 1123.1433    58     9     8  4139    -1
 182  477.2558 1123.6207    62     9     9  6421    97
 183  198.4677 1125.3207    57     9     8  3932    -1
 184  452.8831 1125.7897    63    10     8  6277    -1
 185  172.8604 1127.5296    53     9     7  3563    -1
 186  671.0441 1127.8532    57     9     8  6197     4
 187  428.3984 1127.9719    61     9     8  5934    -1
 188  146.9535 1129.6736    53     8     8  3468    -1
 189  647.7637 1130.0406    62     9     8  7943     7
 190  403.7899 1130.1118    63    10     8  5754   190
 191  120.9993 1131.9161    54     8     8  3409    -1
 192  624.2013 1132.2255    62    10     8  7908    16
 193  379.0811 1132.3378    62    10     8  5430    -1
 194   94.9722 1134.1597    51     8     8  3126    -1
 195  600.5059 1134.4321    64     9     9  7970    37
 196  354.2223 1134.5744    63    10     9  5246   131
 197  576.7129 1136.6487    61     9     8  7784    51
 198  329.2713 1136.7566    60     9     8  4937    -1
 199   71.2143 1137.2143     7     2     6   357    -1
 200  552.8890 1138.8345    62    10     8  7509    -1
 201  304.2405 1138.9940    59     9     8  4707   123
 202  528.9463 1141.0683    64    10     8  7256    68
 203  279.1014 1141.1611    59    10     8  4508    -1
 204  504.8690 1143.2589    62    10     8  6680   145
 205  253.8371 1143.3967    59     9     8  4276    -1
 206  480.7330 1145.4766    64     9     9  6441   103
 207  228.4014 1145.5944    57     9     8  4026    -1
 208  456.3996 1147.7309    60     9     8  6058   160
 209  202.9537 1147.8274    57    10     8  3919    -1
 210  673.8725 1149.2683    56     8     8  6054     3
 211  431.9865 1149.9375    63    10     8  5968    -1
 212  177.3025 1150.0449    56     9     8  3747    -1
 213  650.6690 1151.5145    62     9     9  7781     9
 214  407.4979 1152.1083    59     9     8  5332    -1
 215  151.5705 1152.2884    55     9     8  3544    -1
 216  627.1495 1153.7476    62    10     8  7745    15
 217  382.8726 1154.3541    60    10     8  4994    -1
 218  125.8419 1154.5395    52     9     7  3258    -1
 219  603.5340 1155.9738    60     9     8  7673    -1
 220  358.0486 1156.6350    59    10     8  4957    -1
 221   99.7993 1156.7555    53     9     8  3198    -1
 222  579.8614 1158.2360    61    10     8  7452    42
 223  333.2461 1158.9201    61     9     8  4964    -1
 224  556.0815 1160.4594    62    10     9  7262    72
 225  308.2775 1161.1610    58     9     8  4608    -1
 226  532.2147 1162.7308    62    10     8  6952    78
 227  283.2173 1163.3965    55     9     8  4218    -1
 228  508.2337 1164.9648    62    10     8  6656    -1
 229  384.8088 1165.2909    75    10     9  6486    -1
 230  258.0142 1165.6236    59    10     8  4253    -1
 231  484.1593 1167.2157    62    10     8  6343   107
 232  232.7523 1167.8992    57     9     8  4035    -1
 233  459.9137 1169.4963    61    10     9  5994    -1
 234  207.3062 1170.1967    56     9     8  3832    -1
 235  676.6418 1170.5153    56     9     8  5931     8
 236  435.6030 1171.7798    59     9     8  5698    -1
 237  181.9027 1172.5092    53     9     8  3524    -1
 238  653.4854 1172.8317    60     9     8  7742     1
 239  411.2247 1174.0143    60    10     8  5376    -1
 240  156.1307 1174.6480    53     9     8  3400    -1
 241  630.0615 1175.1126    62    10     8  7702    29
 242  397.5641 1175.3749    38     9     7  3163   193
 243  386.5527 1176.4247    57     9     8  4748    -1
 244  130.4115 1176.9779    54     9     8  3355    -1
 245  606.5667 1177.3846    63     9     9  7499    30
 246  361.8931 1178.5788    59    10     8  4853    -1
 247  104.6289 1179.3398    52     9     8  3112    -1
 248  582.9738 1179.6679    62    10     8  7245    56
 249  337.1856 1180.9053    59     9     8  4820    -1
 250  559.2316 1181.9622    61     9     8  7044    76
 251  312.3020 1183.1836    58     9     8  4572    -1
 252  535.4506 1184.2413    58     9     8  6607    91
 253  287.2901 1185.4505    56     9     8  4215    -1
 254  511.5520 1186.5352    63     9     9  6498    -1
 255  262.2053 1187.7436    58     9     8  4152    -1
 256  487.5203 1188.8313    60     9     8  6206   115
 257  237.0240 1190.0656    55     8     8  3832   134
 258  463.4082 1191.1169    60     9     8  6007    -1
 259  679.3746 1191.6301    56     9     8  5966    14
 260  211.8052 1192.3957    54     9     8  3601    -1
 261  439.1537 1193.4357    58    10     8  5542    -1
 262  656.3130 1194.0014    61     9     8  7787     2
 263  186.2491 1194.6261    54     9     8  3517    -1
 264  414.8088 1195.7479    59     9     8  5298    -1
 265  632.9635 1196.3378    60    10     8  7438    28
 266  160.7697 1197.0087    54     9     8  3449    -1
 267  390.3358 1198.0896    58     9     8  5093    -1
 268  609.5351 1198.6667    60     9     8  7302    32
 269  135.0744 1199.4241    51     8     8  3182    -1
 270  365.7958 1200.4392    58     9     8  4874    -1
 271  586.0116 1200.9879    60    10     8  7146    49
 272  109.3032 1201.6217    50     9     7  2993    -1
 273  341.0940 1202.6948    59    10     8  4731    -1
 274  562.3861 1203.2966    60     9     8  6888    89
 275  316.2804 1205.0713    58     9     8  4526    -1
 276  538.6665 1205.6446    60     9     8  6597    98
 277  291.3879 1207.4170    55     9     8  4124    -1
 278  514.8253 1207.9598    64    10     8  6612   129
 279  266.4068 1209.7036    58     9     8  4123    -1
 280  490.9088 1210.3166    60    10     8  6097   116
 281  241.3138 1212.0960    56     9     8  3842    -1
 282  466.8532 1212.6204    59    10     8  5832    -1
 283  682.0443 1212.6504    54     9     8  5805    26
 284  216.0645 1214.4574    51     9     7  3395    -1
 285  442.6771 1214.9774    60     9     8  5721    -1
 286  659.1396 1215.0643    61    10     8  7686    19
 287  190.7649 1216.7003    53     9     8  3424    -1
 288  418.4129 1217.3367    58     9     8  5300    -1
 289  635.8596 1217.4252    59    10     9  7335    45
 290  165.2598 1219.1713    52     9     8  3312    -1
 291  394.0425 1219.6726    58    10     8  5055    -1
 292  612.4872 1219.7765    59     9     8  7246    47
 293  139.8405 1221.4851    50     9     7  3105    -1
 294  369.5633 1222.0757    59     9     8  4925    -1
 295  589.0586 1222.1634    61    10     8  7114    61
 296  114.0771 1223.7687    49     8     8  2930    -1
 297  344.9596 1224.4623    54     9     7  4369    -1
 298  565.5116 1224.5097    62     9     9  6812    93
 299  320.2195 1226.7981    57     9     8  4383    -1
 300  541.8706 1226.8678    61    10     8  6593   158
 301  295.4526 1229.2309    57     9     8  4221    -1
 302  518.1227 1229.2728    61    10     8  6342   120
 303  270.5683 1231.5453    54     9     7  3871    -1
 304  494.2369 1231.6018    59     9     8  5994   124
 305  684.8510 1233.5640    53     8     8  5698    39
 306  245.5342 1233.9439    56     9     8  3852    -1
 307  470.3077 1233.9887    60     9     8  5918    -1
 308  661.9072 1235.9968    60    10     8  7595    34
 309  220.3788 1236.4068    54     9     8  3591    -1
 310  446.2145 1236.4141    57     9     8  5435    -1
 311  638.7521 1238.3886    57     9     8  7178    53
 312  195.1108 1238.6211    52     9     8  3376    -1
 313  422.0085 1238.7583    61    10     8  5408    -1
 314  615.4422 1240.7610    59     9     8  7207    77
 315  169.8720 1241.1733    51     9     8  3257    -1
 316  397.7398 1241.2180    59     9     8  5081    -1
 317  592.0779 1243.2157    61    10     8  7049    92
 318  144.2849 1243.5017    51     9     7  3145    -1
 319  373.2909 1243.5484    58     9     8  4760    -1
 320  568.6330 1245.5773    59     9     8  6635   100
 321  118.8515 1245.8975    48     8     8  2878    -1
 322  348.7990 1246.0624    57     9     8  4452    -1
 323  545.0296 1248.0118    60    10     8  6484    -1
 324  324.1819 1248.4576    54     9     7  4162    -1
 325  521.3495 1250.4237    60     9     8  6209   117
 326  299.5097 1250.8138    57     9     8  4195    -1
 327  497.5768 1252.7920    58     9     8  5945   130
 328  274.7150 1253.3005    58     9     8  4058    -1
 329  687.5463 1254.4246    54     9     8  5723    64
 330  473.7198 1255.2566    60     9     8  5798   165
 331  249.7879 1255.5860    54     9     8  3735    -1
 332  664.7027 1256.7528    60     9     8  7490    48
 333  449.7154 1257.6315    59     9     8  5475   168
 334  224.7157 1258.1153    55     9     8  3691    -1
 335  641.6104 1259.2448    59     9     8  7299    73
 336  425.6062 1260.1308    59     9     8  5266    -1
 337  199.6001 1260.5393    52     9     7  3389    -1
 338  618.3699 1261.6348    57     9     8  7033    85
 339  401.3819 1262.5147    57     9     8  4891    -1
 340  174.2629 1262.9486    51     9     8  3250    -1
 341  595.0743 1264.1134    60    10     8  7015    96
 342  377.0852 1264.9851    56     9     8  4649    -1
 343  148.9744 1265.4454    48     8     7  2986    -1
 344  571.6885 1266.5052    58     9     9  6556   106
 345  352.6723 1267.4943    54     9     7  4290    -1
 346  123.4141 1267.6960    49     9     8  2904    -1
 347  548.1907 1268.9772    57     9     8  6245    -1
 348  328.1001 1269.8738    56     9     8  4258    -1
 349  524.6326 1271.4348    57     9     8  5934   161
 350  303.5023 1272.4323    54     9     8  3986    -1
 351  500.9089 1273.8604    58     9     8  5830    -1
 352  278.8082 1274.7485    55     9     8  3905    -1
 353  690.1370 1274.9529    55     9     8  5753    75
 354  477.0999 1276.3598    58    10     8  5597   175
 355  253.9793 1277.3466    52     8     8  3591    -1
 356  667.4689 1277.4569    59     9     8  7361    63
 357  453.1863 1278.7470    59     9     8  5424   174
 358  228.9658 1279.6493    51     8     8  3441    -1
 359  644.3986 1279.8826    59     9     8  7367    88
 360  429.1617 1281.3138    56     9     8  5023    -1
 361  203.9473 1282.2815    51     8     8  3319    -1
 362  621.2991 1282.4123    59     9     8  7171    95
 363  405.0402 1283.7087    55     9     8  4729    -1
 364  178.8055 1284.5836    51     9     7  3208    -1
 365  598.0688 1284.8581    58    10     8  6958   104
 366  380.8301 1286.3166    57     9     8  4628    -1
 367  153.4148 1287.1944    52     9     8  3140    -1
 368  574.7606 1287.3651    56     9     8  6587   110
 369  356.4475 1288.6625    57     9     8  4450    -1
 370  128.0974 1289.5635    48     8     7  2857    -1
 371  551.3313 1289.7824    59     9     8  6371    -1
 372  332.0159 1291.3066    53     8     8  4067    -1
 373  527.8280 1292.3492    56     9     8  5864   126
 374  307.4540 1293.6468    55     9     8  3990    -1
 375  504.1920 1294.7704    59     9     8  5801    -1
 376  692.8396 1295.4714    52     8     7  5571    90
 377  282.8875 1296.3090    55     9     8  3839    -1
 378  480.4883 1297.3535    58     9     8  5542    -1
 379  670.1724 1297.9355    58     9     8  7396    82
 380  258.0403 1298.6405    49     8     7  3418    -1
 381  456.6288 1299.7797    58     9     8  5353   178
 382  647.2315 1300.4899    57     9     9  7200    87
 383  233.1682 1301.2699    52     9     8  3456    -1
 384  432.7159 1302.3893    56     9     8  4949    -1
 385  624.1972 1302.9550    58     9     8  7177   102
 386  208.1575 1303.6164    46     8     7  3030    -1
 387  408.6412 1304.7971    58     9     8  4869    -1
 388  601.0396 1305.4968    55    10     7  6875   108
 389  183.1006 1306.2544    50     8     8  3131    -1
 390  384.4851 1307.4455    53     9     7  4394    -1
 391  577.7947 1308.0328    58     9     8  6684   111
 392  158.0292 1308.6695    47     8     7  2881    -1
 393  360.1957 1309.8744    55     9     8  4334    -1
 394  554.4474 1310.5407    55     9     8  6118   121
 395  132.8213 1311.3623    45     8     7  2664    -1
 396  335.8927 1312.4532    52     9     7  3988    -1
 397  531.0158 1313.0857    59    10     8  5996    -1
 398  311.4073 1314.9742    56     9     8  4019    -1
 399  507.4311 1315.5617    55     9     8  5537    -1
 400  695.5186 1315.7696    54     9     8  5608    99
 401  286.8857 1317.4675    51     9     7  3626    -1
 402  483.8351 1318.1964    58     9     8  5469    -1
 403  672.8968 1318.3888    57     9     8  7258    94
 404  262.1374 1320.0233    52     9     8  3521    -1
 405  460.0763 1320.6675    57    10     8  5196   183
 406  650.0316 1320.9066    58    10     8  7266   101
 407  237.4095 1322.5440    50     9     7  3318    -1
 408  436.1692 1323.2879    57     9     8  4981    -1
 409  627.0614 1323.4768    54     9     7  6927   109
 410  212.5755 1325.1296    52     9     8  3302    -1
 411  412.2005 1325.7354    56     9     8  4703    -1
 412  603.9765 1325.9965    56     9     8  6836   185
 413  187.5205 1327.5717    48     9     7  2986    -1
 414  388.1564 1328.4137    53     9     7  4341    -1
 415  580.8497 1328.5642    56     9     8  6583   118
 416  162.4025 1330.2691    46     8     7  2772    -1
 417  364.0037 1330.8984    53     9     8  4151    -1
 418  557.5348 1331.1668    58     9     8  6291   125
 419  137.2362 1332.6231    46     8     7  2698    -1
 420  339.7224 1333.4746    53     9     7  3990    -1
 421  534.1903 1333.6699    56     9     8  5832   179
 422  698.0677 1335.9289    50     8     8  4871   112
 423  315.2605 1336.0928    54     9     8  3869    -1
 424  510.7378 1336.3316    55     9     8  5475    -1
 425  675.5884 1338.4658    51     9     7  6262   119
 426  290.9004 1338.5986    51     9     7  3574    -1
 427  487.1214 1338.8151    56     9     8  5320    -1
 428  652.8081 1341.1647    54     9     8  6556   113
 429  266.2053 1341.2300    51     9     8  3439    -1
 430  463.4796 1341.4854    51     9     7  4809   186
 431  241.5863 1343.6961    51     9     7  3315    -1
 432  629.9658 1343.7474    53     9     8  6450   114
 433  439.7273 1344.0381    58     9     8  4963    -1
 434  606.8965 1346.3371    55     9     8  6667   122
 435  216.8530 1346.3907    48     9     7  3077    -1
 436  415.7859 1346.5870    54     9     7  4550    -1
 437  191.9563 1348.9100    49     8     8  3011    -1
 438  583.8522 1349.0277    55     9     8  6066   127
 439  391.8402 1349.2976    53     9     8  4290    -1
 440  166.8727 1351.4613    48     8     7  2891    -1
 441  560.4453 1351.5328    51     9     7  5382   182
 442  367.7693 1351.8059    53     9     8  4098    -1
 443  141.8939 1354.1391    43     8     7  2513    -1
 444  537.3263 1354.2514    59     9     8  6104   133
 445  343.5365 1354.4674    51     9     7  3837    -1
 446  513.9580 1356.8171    57    10     8  5682    -1
 447  319.1673 1357.0656    51     9     8  3662    -1
 448  490.4584 1359.4854    54     9     7  5294    -1
 449  294.8617 1359.5861    51     9     7  3526    -1
 450  466.8802 1362.0860    56     9     8  5167    -1
 451  270.3225 1362.3130    51     9     7  3395    -1
 452  666.6884 1363.3488   474    69    19 30812     0
 453  443.1444 1364.6638    55     9     8  4893    -1
 454  245.8037 1364.7845    50     9     8  3231    -1
 455  627.0227 1365.5455     9     7     2   494    -1
 456  419.3334 1367.3833    53     9     7  4553    -1
 457  221.0399 1367.4632    48     8     7  3052    -1
 458  395.3667 1369.9729    55     9     8  4431    -1
 459  196.2225 1370.0954    46     8     7  2819    -1
 460  630.5605 1371.8370    48    15     5  3391   132
 461  371.3832 1372.5755    51     9     7  4074    -1
 462  171.3129 1372.6514    45     8     7  2699    -1
 463  644.3529 1375.1765     8     3     5   434   191
 464  146.3271 1375.3069    43     8     7  2497    -1
 465  347.2416 1375.3389    53     9     7  3997    -1
 466  596.8271 1375.9692    23     6     5  1734    -1
 467  323.0659 1377.8816    50     8     8  3661    -1
 468  298.8181 1380.5136    50     9     7  3528    -1
 469  274.3783 1383.2188    51     9     7  3446    -1
 470  249.9048 1385.8223    49     9     7  3238    -1
 471  225.2375 1388.4501    49     8     7  3132    -1
 472  200.5275 1390.8922    44     9     7  2636    -1
 473  175.5846 1393.3056    43     8     7  2469    -1
 474  150.6634 1395.9241    43     8     7  2407    -1
 475  255.2286 1413.9429    20     5     5  1070    -1
