435
   0 2491.2500  754.0000     7     3     4   358   418
   1 2478.5256  754.9359    10     3     4   539    -1
   2 2465.4200  755.8867    11     3     4   625    -1
   3 2452.3681  756.8297    12     4     4   691    -1
   4 2439.3378  757.8694    12     4     4   711    -1
   5 2425.9333  758.9167    14     4     4   820    -1
   6 2412.6522  759.7536    16     4     5   938   209
   7 2399.2905  760.7838    14     4     5   848   242
   8 2385.9595  761.7270    17     4     5  1035   191
   9 2372.5101  762.6465    19     5     5  1148   160
  10 2359.0812  763.6410    18     4     5  1134   148
  11 2345.6148  764.5697    19     5     5  1194   141
  12 2331.9828  765.5690    18     4     5  1190   145
  13 2318.4048  766.5782    21     5     5  1344    93
  14 2304.7719  767.5688    19     5     5  1270   229
  15 2502.5857  768.1286    11     3     4   585   414
  16 2290.9639  768.5060    18     4     5  1232   159
  17 2489.6346  769.1923    11     3     4   602   312
  18 2277.1409  769.5386    20     5     5  1337   107
  19 2476.5476  770.0714    11     3     4   613   406
  20 2263.2862  770.5862    21     5     5  1340   139
  21 2463.5789  771.1184    11     3     4   626   294
  22 2249.4385  771.6000    19     5     5  1210   369
  23 2450.5476  772.0714    11     3     4   634   398
  24 2235.6610  772.6398    18     5     5  1136   147
  25 2437.4512  773.1585    11     3     4   632   289
  26 2221.6810  773.7095    19     5     5  1160   138
  27 2424.2273  774.0354    13     4     4   749   262
  28 2207.8448  775.1207    12     4     5   629   397
  29 2410.9298  775.1281    13     4     4   771   257
  30 2397.6520  776.1320    13     4     4   775    -1
  31 2384.3194  777.0486    14     4     4   844   221
  32 2370.8214  778.1786    15     4     5   918   208
  33 2357.3674  779.1630    17     5     5  1031   195
  34 2343.9455  780.1825    17     4     5  1061   203
  35 2330.3182  781.2364    18     5     5  1120   126
  36 2316.7988  782.2490    19     5     5  1201   118
  37 2303.0576  783.2878    17     4     5  1128   197
  38 2500.6250  783.6250     8     3     3   432   415
  39 2289.3333  784.3333    19     5     5  1250   151
  40 2487.6250  784.6250     8     3     3   440    -1
  41 2275.6079  785.3603    20     5     5  1315   106
  42 2474.6250  785.6250     8     3     3   448    -1
  43 2261.8824  786.3867    20     5     5  1353   117
  44 2461.6148  786.6311    11     4     4   611   325
  45 2247.9474  787.4368    19     4     5  1330   207
  46 2448.4747  787.7532    11     3     4   629   300
  47 2234.0420  788.4305    21     5     5  1467    81
  48 2435.4140  788.8011    11     3     4   643   280
  49 2220.0780  789.4390    20     5     5  1410   112
  50 2422.2798  789.8486    12     4     4   709   278
  51 2206.2143  790.4006    17     4     5  1011   224
  52 2409.0667  790.8500    15     4     5   870   234
  53 2395.7131  791.8689    14     4     4   822    -1
  54 2382.4058  792.9348    13     4     4   788   248
  55 2369.1024  793.8735    15     4     5   916   206
  56 2355.7597  794.8978    15     4     4   931   200
  57 2342.1382  795.9573    16     4     5   999   213
  58 2328.8014  796.8790    16     4     5  1019   188
  59 2315.0481  797.9435    16     4     5  1039   144
  60 2498.6515  798.7424     9     3     4   483    -1
  61 2301.4880  798.9360    19     5     5  1200    95
  62 2485.6163  799.7558     9     3     4   493    -1
  63 2287.8511  799.9326    17     5     5  1132   143
  64 2472.6698  800.8019    10     4     4   553    -1
  65 2274.0050  801.0446    18     4     6  1203   375
  66 2459.6143  801.9429    12     4     4   670   298
  67 2260.2208  802.1752    20     5     6  1351   125
  68 2446.5833  803.0476    12     4     4   684   292
  69 2246.4118  803.1845    21     5     5  1424   153
  70 2433.5323  804.0484    11     3     4   643   304
  71 2232.6198  804.2090    21     5     5  1459    87
  72 2420.5200  805.0700    13     4     4   750   296
  73 2218.6407  805.2570    22     5     5  1491    71
  74 2407.2611  805.9690    14     4     4   813   261
  75 2204.8725  806.2778    17     4     5  1003   396
  76 2393.9056  807.0944    14     4     4   843   255
  77 2380.7740  808.1233    13     4     4   796   274
  78 2367.3544  809.1772    15     4     5   908   216
  79 2353.9555  810.2173    16     4     5   991   187
  80 2340.5192  811.4135    18     5     5  1108   407
  81 2326.9756  812.4228    18     4     5  1146   137
  82 2313.4960  813.5000    19     5     5  1199   109
  83 2496.7500  813.8750     8     3     4   424   358
  84 2299.9103  814.5345    18     4     5  1190   149
  85 2483.8636  814.8939    10     4     4   533   338
  86 2286.0850  815.6275    20     5     5  1306   121
  87 2470.7667  816.1000    12     4     4   645   316
  88 2272.5865  816.6066    20     5     5  1347   123
  89 2457.7143  817.1143    13     4     4   720   336
  90 2258.7960  817.6733    19     5     5  1325   105
  91 2444.8000  818.1222    13     4     4   740   319
  92 2244.9567  818.7257    20     5     5  1381   120
  93 2431.7065  819.1413    13     4     4   742   284
  94 2231.0827  819.8053    20     5     5  1393    88
  95 2418.5842  820.2053    12     4     4   695   285
  96 2217.1471  820.9399    21     5     6  1441    99
  97 2405.4407  821.5085    14     4     5   818   277
  98 2203.2297  822.0338    15     4     4   898   243
  99 2392.1786  822.6214    14     4     5   840   266
 100 2378.9803  823.6316    17     4     5  1002   227
 101 2365.6024  824.6928    17     4     5  1016   167
 102 2352.1949  825.8616    15     4     5   927   236
 103 2338.9203  826.9541    15     4     4   957   379
 104 2325.2745  827.9657    16     5     4  1004   189
 105 2494.6667  829.0000     8     3     4   424   362
 106 2311.9145  829.0043    15     4     4   984   179
 107 2298.1926  830.0741    17     5     5  1120   172
 108 2481.8929  830.2143    10     3     4   528    -1
 109 2284.5900  831.1817    19     5     5  1239   133
 110 2469.0814  831.1977    12     4     4   643   321
 111 2270.9805  832.2838    19     4     5  1283   124
 112 2456.0263  832.2895    11     4     4   607   340
 113 2257.1694  833.3602    20     5     5  1372   119
 114 2442.7923  833.5154    13     4     5   715   401
 115 2243.4215  834.4570    22     5     5  1495    79
 116 2429.9074  834.5370    12     4     5   681   283
 117 2229.6639  835.5145    22     5     5  1515    50
 118 2416.7188  835.7500    13     4     4   746   276
 119 2215.7676  836.5962    20     5     5  1426    54
 120 2403.6062  836.8717    14     4     4   813   231
 121 2202.0000  837.6034    17     4     5  1024   385
 122 2390.3852  837.8852    12     4     4   722   253
 123 2377.1689  838.9636    14     4     4   851   219
 124 2363.9294  840.0471    14     4     4   870   239
 125 2350.5857  841.0314    15     5     4   925   169
 126 2337.1195  842.1341    16     4     5  1005   193
 127 2323.8032  843.2602    17     4     5  1071   170
 128 2310.1453  844.4472    17     4     5  1115   180
 129 2492.8333  844.5000     7     3     3   377   346
 130 2479.9483  845.3276     8     3     4   429   357
 131 2296.6627  845.5271    19     5     5  1245   102
 132 2467.1957  846.2826    10     4     4   546   402
 133 2283.0506  846.6392    18     4     5  1216   108
 134 2454.1346  847.5385    11     4     4   602   306
 135 2269.3957  847.7239    20     5     5  1326   104
 136 2441.0714  848.5794    11     4     4   613   356
 137 2255.7558  848.7994    20     5     5  1344    49
 138 2428.0181  849.8133    13     4     4   733    -1
 139 2241.9857  849.9600    19     5     6  1300    94
 140 2415.0049  850.9175    14     4     4   803   297
 141 2228.1279  851.1693    21     5     6  1437    60
 142 2401.7542  852.0424    14     4     4   818   260
 143 2214.2500  852.3119    19     5     5  1354   114
 144 2388.7266  853.0312    13     4     4   778   252
 145 2200.3944  853.3820    18     5     5  1061   371
 146 2375.4562  854.0474    13     4     4   787   184
 147 2362.1646  855.2561    16     4     5   964   182
 148 2348.8179  856.3462    18     4     5  1095   186
 149 2335.4655  857.5837    17     5     5  1053    -1
 150 2322.0442  858.7920    17     4     5  1076   171
 151 2491.0172  858.9483     8     4     4   429   353
 152 2308.6570  859.8554    18     5     5  1142   190
 153 2478.2667  860.3000     9     3     4   480   318
 154 2295.0171  860.9981    16     4     4  1063   380
 155 2465.3462  861.3718     8     3     3   439   341
 156 2281.4821  862.0412    20     5     5  1279    96
 157 2452.3519  862.5185    11     4     4   604   309
 158 2267.9174  863.2072    20     5     5  1321   103
 159 2439.3923  863.6077    11     3     4   615   254
 160 2254.1098  864.3591    20     5     5  1369    63
 161 2426.3132  864.9066    12     4     4   691   310
 162 2240.4762  865.4630    22     5     5  1478    73
 163 2413.2647  865.8824    12     4     4   702   409
 164 2226.7117  866.5827    19     5     5  1361    59
 165 2400.0000  867.0776    14     4     4   816   201
 166 2212.8484  867.6313    20     5     5  1419    35
 167 2386.8615  868.1231    13     4     4   780   269
 168 2199.0871  868.8613    16     4     5   955   249
 169 2373.7826  869.2029    14     4     5   838   307
 170 2360.4296  870.5282    16     5     5   942   202
 171 2347.1747  871.7892    15     4     5   916   237
 172 2333.8155  872.9439    15     4     4   937   161
 173 2320.3981  873.9660    17     5     4  1056   372
 174 2489.0000  874.0000     8     2     4   420   335
 175 2307.0184  875.0224    16     4     4  1045   174
 176 2476.3438  875.3125     9     3     4   482   354
 177 2293.4476  876.2191    19     5     5  1217    75
 178 2463.3750  876.3750     8     3     3   440   334
 179 2279.9406  877.4188    18     4     5  1220    -1
 180 2450.4412  877.4412     9     3     3   501   322
 181 2266.2659  878.5578    21     5     5  1396   100
 182 2437.4286  878.7143    11     3     4   620   323
 183 2252.7381  879.6597    19     5     5  1307    85
 184 2424.4639  879.9458    11     3     4   633   328
 185 2238.9873  880.8662    18     4     5  1255    74
 186 2411.4789  881.0053    13     4     4   745   281
 187 2398.3727  882.0091    14     4     4   810   220
 188 2225.1753  882.0747    22     5     6  1488    39
 189 2385.2736  883.1792    13     4     4   756   210
 190 2211.3697  883.2694    20     5     5  1399    45
 191 2197.8133  884.3867    16     5     5   950    -1
 192 2371.9380  884.5083    13     4     5   771   240
 193 2358.7683  885.6301    14     4     5   823   384
 194 2345.4379  886.9414    15     5     4   895    -1
 195 2332.1615  888.0365    15     4     4   942   164
 196 2487.1500  888.8000     8     3     4   420   348
 197 2318.9128  889.0688    17     4     5  1068   134
 198 2474.2419  890.0806     8     3     4   431   411
 199 2305.3792  890.3292    19     5     5  1190   390
 200 2461.3810  891.2857     9     3     4   492   343
 201 2291.9382  891.4647    18     4     5  1183    -1
 202 2448.5189  892.5189     9     3     3   503   393
 203 2278.3454  892.7138    19     5     5  1254    82
 204 2357.9160  893.1720    15     4     5   875   225
 205 2435.5139  893.5972    10     3     4   572   273
 206 2264.8730  893.8574    18     5     5  1219    98
 207 2422.5230  895.0057    12     4     4   687   314
 208 2251.1261  895.0745    17     5     5  1179    80
 209 2409.5928  896.0670    12     4     4   697   275
 210 2237.4893  896.2807    20     5     5  1374    62
 211 2396.5748  897.0794    12     4     4   707   235
 212 2223.7988  897.4482    21     5     5  1475    34
 213 2383.4700  898.2300    12     4     4   700   250
 214 2209.9976  898.5610    19     5     5  1360    24
 215 2370.2787  899.6148    14     4     5   822   183
 216 2196.2055  899.7808    15     4     5   896    -1
 217 2362.9043  900.0319     5     3     2   297    -1
 218 2356.9646  900.9252    14     4     4   827   410
 219 2343.8750  902.0187    14     4     4   860   382
 220 2330.6304  903.0707    16     5     4   984   222
 221 2485.2500  903.5000     8     3     3   420   361
 222 2317.1742  904.3054    17     4     5  1071   156
 223 2472.5000  904.8529    10     3     4   534   301
 224 2303.8359  905.5430    18     5     5  1156   136
 225 2459.5213  906.0532    10     3     4   547   308
 226 2290.2787  906.8083    18     5     5  1153   363
 227 2446.5678  907.5000    10     3     4   559   339
 228 2276.9049  907.9296    15     4     4  1034   110
 229 2433.7143  908.6000    12     4     4   670   355
 230 2263.2342  909.1171    19     5     5  1266    89
 231 2420.6818  909.8182    13     4     4   738   272
 232 2249.7401  910.3531    21     5     5  1404    69
 233 2407.7000  911.0143    14     4     4   805   288
 234 2235.9974  911.5536    19     5     5  1342    43
 235 2394.7893  912.0950    13     4     4   771   256
 236 2222.3048  912.7000    22     5     5  1520    26
 237 2381.7645  913.1612    14     4     5   821   246
 238 2208.6034  913.8979    20     5     5  1387    21
 239 2368.5331  914.7149    14     4     5   821   223
 240 2195.0874  915.0035    14     4     4   843   374
 241 2355.3676  915.9044    13     5     4   786   205
 242 2342.1727  916.9545    15     4     4   915    -1
 243 2328.9278  918.0567    14     4     4   894   154
 244 2483.3750  918.3750     8     3     3   432   333
 245 2315.6187  919.3995    17     5     5  1069   122
 246 2470.6250  919.6250     8     3     3   440   349
 247 2302.1594  920.7795    17     4     5  1079   152
 248 2457.6071  921.0000    11     3     4   606   344
 249 2288.8906  921.9336    17     5     5  1106   130
 250 2444.7639  922.1250    13     4     4   722   315
 251 2275.2576  923.0455    18     5     5  1164   367
 252 2431.9605  923.3421    11     4     4   626   404
 253 2261.8365  924.2968    20     5     5  1315    68
 254 2419.0714  924.7747    13     4     4   741   270
 255 2248.1878  925.5304    20     5     5  1362    53
 256 2406.0575  925.9425    14     4     4   813   268
 257 2234.6508  926.7196    20     5     5  1378    31
 258 2392.9400  927.0760    14     4     4   825   259
 259 2220.9555  927.9474    18     5     5  1271    23
 260 2380.0115  928.1794    14     4     4   831   232
 261 2207.1591  929.2449    19     5     5  1346    14
 262 2366.8841  929.5066    17     4     5  1001   211
 263 2193.4252  930.4592    18     5     5  1047   386
 264 2353.7785  930.9367    15     4     4   908   113
 265 2340.5909  932.0519    13     4     4   804   383
 266 2327.3150  933.1185    16     5     5   973   127
 267 2481.3857  933.2143     9     3     4   485   342
 268 2314.0070  934.5000    17     4     5  1065   142
 269 2468.6026  934.6026     8     3     3   439   416
 270 2300.6942  935.7190    19     5     5  1192   131
 271 2455.7353  935.7353    10     4     4   551   332
 272 2443.1716  936.8881    12     4     4   667   320
 273 2287.1371  937.0081    16     5     4  1048    -1
 274 2273.8846  938.1593    18     5     5  1173    84
 275 2430.2564  938.1923    12     4     4   678   287
 276 2417.3391  939.3736    12     4     4   687   279
 277 2260.2492  939.4216    19     5     5  1269    56
 278 2246.7951  940.6605    19     5     5  1299    47
 279 2404.2757  940.7897    13     4     4   757   238
 280 2391.3595  941.9215    13     4     4   771   241
 281 2233.0833  941.9282    18     5     5  1248    -1
 282 2378.3455  943.0122    13     4     4   773   181
 283 2219.4948  943.1475    20     5     5  1383    18
 284 2365.2279  944.3309    14     4     5   836   192
 285 2205.8549  944.4456    20     5     5  1386    13
 286 2192.1549  945.7183    16     4     5   942   168
 287 2352.0904  945.7651    15     4     5   916   175
 288 2338.9740  947.0202    14     4     4   873   204
 289 2479.6212  947.6818     9     3     4   483   330
 290 2325.7905  948.1145    13     4     4   829    -1
 291 2466.6220  949.0366    10     3     4   541   408
 292 2312.4563  949.4466    18     5     5  1106    90
 293 2454.2455  950.1909    11     4     4   605   311
 294 2299.0485  950.8629    16     4     5  1037    -1
 295 2441.4524  951.5000    10     4     3   563   329
 296 2285.8569  951.9824    16     5     4  1055   135
 297 2428.4877  952.9815    11     3     4   631   302
 298 2272.2509  953.1859    19     5     5  1227    48
 299 2415.5426  954.0638    11     3     4   644   258
 300 2258.8812  954.4844    19     5     5  1270    51
 301 2402.5404  955.3182    11     3     4   649   247
 302 2245.2057  955.7673    20     5     5  1333    37
 303 2389.5165  956.7727    13     4     4   771   230
 304 2231.7802  956.9897    18     5     5  1239    30
 305 2376.6102  958.0433    12     4     4   727   212
 306 2218.1026  958.2737    20     5     5  1380    16
 307 2363.5985  959.1288    12     4     4   732   263
 308 2204.3705  959.5052    21     5     5  1436     7
 309 2350.4255  960.5497    17     5     5  1011   178
 310 2190.9191  960.7647    17     4     5   986    -1
 311 2337.2246  961.8653    13     4     4   817    -1
 312 2477.5323  962.5323     9     3     3   481   352
 313 2324.0584  963.0381    15     4     4   947   163
 314 2464.8714  963.5857     9     4     3   485   405
 315 2310.9104  964.2406    16     4     5  1012    91
 316 2452.3519  965.0556    10     3     4   554   317
 317 2297.5862  965.6853    18     5     5  1132   115
 318 2439.4538  966.2077    11     3     4   615   291
 319 2284.1310  966.9683    17     5     5  1102    97
 320 2426.6194  967.5896    10     4     3   567   299
 321 2270.9356  968.0758    17     4     5  1114    27
 322 2413.6702  968.9787    12     4     4   694   313
 323 2257.3474  969.4545    19     5     5  1258    55
 324 2400.7522  970.1174    13     4     4   765   267
 325 2243.8958  970.7689    18     5     5  1231    36
 326 2387.9417  971.3333    15     4     5   870   381
 327 2230.1944  972.0525    17     5     4  1174    40
 328 2374.9643  972.8214    14     4     4   840   233
 329 2216.6995  973.3530    21     5     5  1431     6
 330 2361.8974  974.0828    14     4     4   851   228
 331 2203.0000  974.5812    18     4     5  1282    12
 332 2348.8497  975.1933    14     4     5   863   150
 333 2189.3241  975.8981    14     4     4   808    -1
 334 2335.6813  976.6404    15     4     5   921   185
 335 2475.8438  976.8438     9     4     4   482   324
 336 2322.5492  977.9590    16     5     4   983   146
 337 2463.3537  978.3049     9     3     4   491   359
 338 2309.2811  979.1219    17     5     5  1051    83
 339 2450.4565  979.4565     9     3     3   496   331
 340 2296.0246  980.4672    18     4     5  1144    78
 341 2437.5294  980.9559    10     3     4   568   366
 342 2282.7431  981.8882    17     5     5  1105   101
 343 2424.7289  982.1506    12     4     4   683   413
 344 2269.2228  983.0468    16     5     4  1067    66
 345 2412.1044  983.4011    12     4     4   691   264
 346 2255.9365  984.3795    18     4     5  1207    44
 347 2399.1852  984.7593    13     4     4   758   244
 348 2242.3926  985.7301    20     5     5  1326    38
 349 2386.2787  985.9836    13     4     4   772   293
 350 2228.9591  986.9748    16     4     4  1118    32
 351 2373.2559  987.3031    14     4     5   827   198
 352 2215.2373  988.3016    19     5     5  1323    10
 353 2360.2391  988.8333    13     4     4   788   218
 354 2201.7225  989.5639    19     5     5  1341     5
 355 2347.1347  989.9731    14     4     4   867   165
 356 2188.1400  990.9480    14     4     4   825    -1
 357 2334.0284  991.2159    16     4     5   976   158
 358 2474.1538  991.3846     8     3     3   426   350
 359 2461.5750  992.6250     9     3     3   490   345
 360 2320.9472  992.8317    16     4     5   999   157
 361 2448.5000  993.9737    10     3     4   557   337
 362 2307.8110  994.0120    15     4     4   959    86
 363 2294.5422  995.2595    18     5     5  1137    77
 364 2435.8148  995.4630    11     4     4   604   305
 365 2423.0143  996.6000    11     4     4   620   290
 366 2281.0922  996.7588    18     4     5  1155    72
 367 2267.9091  997.9886    15     4     4  1014    57
 368 2410.3621  998.0287    12     4     4   687   286
 369 2397.4892  999.2419    11     3     4   643   265
 370 2254.4238  999.2450    19     5     5  1252    33
 371 2240.9729 1000.5873    18     4     5  1232    15
 372 2384.5000 1000.7323    11     3     4   649   226
 373 2227.4339 1001.9354    19     5     5  1283    19
 374 2371.5672 1002.0714    13     4     4   769   245
 375 2358.6591 1003.1818    13     4     4   782   214
 376 2213.9747 1003.2022    19     5     5  1306     9
 377 2200.3016 1004.5212    21     5     5  1428     0
 378 2345.5136 1004.8537    14     5     4   847   155
 379 2472.3846 1005.5769     8     3     3   426   351
 380 2186.8750 1005.8984    15     4     4   878    -1
 381 2332.4815 1006.0370    14     5     4   862   176
 382 2459.4512 1007.2073     9     3     4   491   360
 383 2319.3191 1007.3138    16     4     5   988   128
 384 2446.5889 1008.6556     8     3     3   445   347
 385 2306.1585 1008.8366    15     4     5   955   116
 386 2434.0472 1009.6887    10     4     4   553   295
 387 2292.9609 1010.0478    14     4     4   930   111
 388 2421.4394 1011.0909    10     3     4   566   391
 389 2279.7588 1011.3275    18     5     5  1155    61
 390 2408.5588 1012.5588     9     3     3   518   303
 391 2266.2623 1012.8019    19     5     5  1215    28
 392 2395.6222 1013.9333    12     4     4   690   271
 393 2253.0105 1014.0315    16     4     4  1086    65
 394 2382.8361 1015.1218    13     4     4   769   199
 395 2239.5370 1015.3981    19     5     5  1274    20
 396 2369.9839 1016.5806    15     4     5   874   215
 397 2226.0151 1016.8283    19     5     5  1282    11
 398 2356.9965 1017.9336    14     4     4   843   196
 399 2212.5510 1018.0722    19     5     5  1303     3
 400 2343.9323 1019.2032    13     4     4   805   166
 401 2198.9973 1019.4344    18     4     5  1266     1
 402 2185.4273 1020.7545    15     5     5   860    -1
 403 2330.9205 1020.8352    15     4     4   926   173
 404 2317.8608 1022.0619    15     4     4   944   129
 405 2445.0000 1022.5000     6     2     3   312   412
 406 2304.7843 1023.2665    14     4     5   897    76
 407 2432.3333 1024.1875     9     3     4   498   326
 408 2291.4220 1024.8119    17     5     5  1068    92
 409 2419.5312 1025.5312     9     3     3   514   327
 410 2278.1559 1026.0344    16     5     4  1047    67
 411 2406.6935 1026.9624    12     4     4   693   282
 412 2264.9064 1027.4435    18     4     5  1183    22
 413 2394.0566 1028.2736    13     4     4   756   251
 414 2251.5429 1028.8429    18     5     5  1180    41
 415 2381.2143 1029.7269    13     4     4   769   177
 416 2238.0831 1030.0993    17     5     5  1157    17
 417 2368.3244 1030.9733    13     4     4   781   217
 418 2224.7145 1031.5232    19     5     5  1295     4
 419 2355.2609 1032.5000    14     4     5   838   194
 420 2211.0929 1032.9425    18     5     5  1239     8
 421 2342.2935 1033.9065    13     4     4   805   364
 422 2197.6777 1034.2108    20     5     5  1332     2
 423 2329.3092 1035.1301    14     4     4   873   162
 424 2184.2500 1035.6750    14     4     5   820    -1
 425 2316.1859 1036.7042    14     4     5   891   140
 426 2303.0747 1037.9887    15     4     4   971   132
 427 2289.9915 1039.2373    16     4     5  1036    70
 428 2276.7934 1040.8099    17     4     5  1092    64
 429 2263.4351 1042.0763    17     5     4  1112    52
 430 2250.0845 1043.5035    19     5     5  1234    42
 431 2236.8102 1044.9000    16     5     4  1045    46
 432 2223.2293 1046.1288    18     5     5  1129    29
 433 2209.9010 1047.4695    17     4     5  1047    25
 434 2196.1615 1048.8231    14     4     4   830    58
