498
   0 2076.0135  761.0068    12     4     4   748   476
   1 2104.8546  763.0180    65    23     6  3611   455
   2 1837.2692  768.8462     5     2     3   276    -1
   3 1860.4905  774.8095    10     3     5   710   478
   4 2142.7394  779.3873    15     4     4   821   475
   5 2128.8836  780.1270    21     5     6  1428   465
   6 2114.5903  781.0920    24     5     6  1798   456
   7 1817.3748  781.5109   174    47     9 10258    -1
   8 2100.2659  781.9958    26     6     6  2022   451
   9 2085.8127  783.0123    27     6     6  2207   442
  10 2071.4024  783.9386    27     5     6  2344   428
  11 2056.9212  784.9606    28     6     6  2440   407
  12 2042.3854  785.9231    29     6     6  2549   376
  13 2027.7239  786.9416    30     6     6  2630   359
  14 2013.0741  787.9344    28     6     6  2567   346
  15 1998.3928  788.9059    29     6     6  2635   332
  16 1983.5633  789.9266    28     6     6  2633   327
  17 1968.7130  790.9299    30     6     6  2777   306
  18 1953.8381  791.9396    30     6     6  2840   280
  19 1938.9012  792.9442    30     6     6  2871   269
  20 1923.8649  793.9358    30     6     6  2925   240
  21 1908.8035  794.9217    30     6     6  2963   214
  22 2141.8239  794.9742    18     4     6  1113   472
  23 1893.6602  795.9249    30     6     6  2992   195
  24 2127.5560  796.0870    24     5     6  1878   454
  25 1878.4779  796.9282    31     7     6  3040   193
  26 2113.3393  797.0821    28     6     6  2240   445
  27 1863.2529  797.9629    31     6     6  3088   176
  28 2098.9831  798.1321    28     6     6  2259   440
  29 1847.9195  798.9807    30     6     6  2923   180
  30 2084.6155  799.1700    25     5     6  2159   436
  31 1832.5414  800.0297    29     6     6  2779   187
  32 2070.2337  800.1653    29     6     6  2400   427
  33 1817.2431  801.0455    30     6     6  2765   161
  34 2055.7118  801.1758    27     6     6  2337   402
  35 1801.7180  802.1480    29     6     6  2629   160
  36 2041.2302  802.1976    29     6     6  2462   390
  37 1786.4576  802.9982    24     5     6  1742   237
  38 2026.5753  803.2131    27     6     6  2413   378
  39 2011.9641  804.2057    30     6     6  2601   363
  40 1997.3333  805.2181    29     6     6  2578   334
  41 1982.5330  806.2606    27     6     6  2503   310
  42 1967.7357  807.2817    28     6     6  2605   286
  43 1952.8530  808.2822    31     6     6  2785   268
  44 1937.9689  809.3057    30     6     6  2771   246
  45 1922.9845  810.3183    31     6     6  2871   229
  46 2140.3704  811.0741    21     5     6  1266   470
  47 1907.9372  811.3442    31     6     6  2904   210
  48 2126.2624  812.0594    24     5     6  1865   453
  49 1892.7915  812.3694    30     6     6  2886   211
  50 2112.0434  813.1566    28     6     6  2230   444
  51 1877.6629  813.3924    30     6     7  2912   184
  52 2097.7097  814.1779    25     6     6  2113   439
  53 1862.4601  814.4230    32     7     7  3028   157
  54 2083.4294  815.2585    26     5     6  2207   432
  55 1847.2195  815.4831    31     6     7  3033   137
  56 2068.9518  816.3212    28     6     6  2323   417
  57 1831.8364  816.5150    32     6     7  3131   113
  58 2054.5358  817.3352    26     5     6  2277   401
  59 1816.4968  817.5760    33     7     7  3189    73
  60 2040.0337  818.3724    28     6     6  2395   396
  61 1801.1340  818.6149    31     6     7  3091    52
  62 1770.3750  819.1250     5     2     4   258    -1
  63 2025.4981  819.4089    26     5     6  2332   382
  64 1785.6404  819.6286    26     5     6  2062   182
  65 2010.8511  820.4218    27     6     6  2398   353
  66 1996.2427  821.4606    27     6     6  2442   320
  67 1981.5045  822.4982    24     5     5  2307   312
  68 1966.7007  823.5197    27     6     6  2516   283
  69 1951.8888  824.5683    28     6     6  2601   266
  70 1937.0431  825.6398    30     6     6  2752   245
  71 1922.0872  826.6932    31     6     6  2880   217
  72 2138.9955  826.9234    17     4     5  1072   473
  73 1907.0907  827.7612    31     6     6  2928   200
  74 2124.9242  827.9717    28     6     6  2053   450
  75 1891.9883  828.8085    30     6     6  2952   162
  76 2110.7524  829.0870    25     6     6  2078   438
  77 1876.8470  829.8728    30     6     6  3013   147
  78 2096.5012  830.1740    26     5     6  2168   434
  79 1861.6580  830.9291    30     6     6  3038   127
  80 2082.2125  831.2659    29     6     6  2330   422
  81 1846.4517  831.9737    31     7     6  3125   121
  82 2067.7713  832.3140    26     6     6  2203   416
  83 1831.1740  833.0208    30     6     6  3132    84
  84 2053.4204  833.3921    27     6     6  2305   400
  85 1815.7862  834.0749    32     6     6  3256    54
  86 2038.8859  834.4314    28     6     6  2377   383
  87 1800.4662  835.1126    31     7     6  3117    44
  88 2024.4146  835.4784    24     5     5  2219   365
  89 1785.0113  836.1889    27     6     6  2144   117
  90 2009.7826  836.5010    26     6     5  2344   333
  91 1995.2076  837.5852    27     6     6  2441   308
  92 1980.4719  838.6272    27     6     6  2490   318
  93 1965.7245  839.7154    30     6     6  2698   272
  94 1950.9511  840.8286    30     6     6  2757   254
  95 1936.0986  841.8884    29     6     6  2763   236
  96 2137.8047  842.6073    17     4     5  1083   469
  97 1769.3966  842.7069    29     2    25  1508    -1
  98 1921.1920  842.9703    30     6     6  2880   197
  99 2123.6608  843.7420    25     5     6  1903   449
 100 1906.2257  844.0264    30     6     6  2940   170
 101 2109.4833  844.9282    25     5     6  2086   435
 102 1891.1694  845.0988    30     6     6  2988   166
 103 2095.2467  846.0254    26     6     6  2145   418
 104 1876.0748  846.1585    30     6     6  3017   133
 105 2080.9259  847.1923    28     6     6  2271   424
 106 1860.8847  847.2462    31     6     6  3063   105
 107 2066.5935  848.2690    25     5     6  2159   414
 108 1845.6887  848.3257    29     6     6  2976    82
 109 2052.2383  849.3899    27     6     6  2267   388
 110 1830.4588  849.4349    32     7     7  3105    60
 111 2037.7321  850.4492    27     6     6  2315   368
 112 1815.1479  850.5543    31     6     7  3135    53
 113 2023.3067  851.5099    26     6     5  2309   348
 114 1799.7921  851.6679    30     6     6  3037    34
 115 2008.6777  852.5471    27     6     6  2391   330
 116 1784.5000  852.7400    24     5     6  1975   123
 117 1994.1522  853.6341    27     6     6  2431   313
 118 1979.4767  854.7351    27     6     6  2507   273
 119 1964.7128  855.8657    30     6     6  2717   249
 120 1949.9834  856.9708    28     6     6  2666   261
 121 1935.1667  858.0728    30     6     6  2832   231
 122 2136.4600  858.5489    19     5     5  1175   467
 123 1920.3223  859.1533    30     6     6  2873   204
 124 2122.3825  859.5843    23     5     5  1814   446
 125 1905.3718  860.2820    29     6     6  2831   167
 126 2108.2740  860.6710    25     6     6  2051   426
 127 1890.3523  861.3750    28     6     6  2808   153
 128 2094.0448  861.7869    28     6     6  2226   415
 129 1875.2846  862.4812    30     6     7  2939   126
 130 2079.7285  862.9791    26     6     6  2162   404
 131 1860.1637  863.6016    30     6     6  2966    98
 132 2065.4198  864.1587    26     5     6  2223   394
 133 1844.9521  864.7186    30     6     6  3046    71
 134 2051.0398  865.2983    29     6     6  2367   372
 135 1829.7307  865.8338    30     6     6  3091    68
 136 2036.5789  866.3945    26     6     6  2276   373
 137 1814.4493  866.9265    31     7     6  3168    23
 138 2022.1613  867.4950    26     6     5  2301   358
 139 1799.1873  868.0235    30     6     6  3118    14
 140 2007.5977  868.5290    25     6     5  2284   340
 141 1783.7768  869.1521    26     6     6  2102   136
 142 1993.1135  869.6173    28     6     6  2466   307
 143 1978.4340  870.7498    27     6     6  2487   284
 144 1963.7366  871.9061    30     6     6  2709   260
 145 1949.0039  873.0361    29     6     6  2724   227
 146 1934.2565  874.1836    30     6     6  2802   218
 147 2134.9823  874.3496    17     4     5  1076   468
 148 1919.4097  875.3172    28     6     6  2729   178
 149 2121.0801  875.4183    23     6     5  1774   448
 150 1904.4737  876.4346    29     6     6  2780   165
 151 2106.9962  876.5139    24     6     5  1992   431
 152 1889.4971  877.5587    31     7     6  2929   143
 153 2092.7384  877.5782    26     6     5  2118   411
 154 1874.4582  878.6911    29     7     6  2910   135
 155 2078.5377  878.7046    26     5     6  2175   393
 156 1859.3885  879.8039    30     6     6  3007   101
 157 2064.2940  879.8544    25     6     6  2153   384
 158 1844.2299  880.9529    30     6     6  3092    57
 159 2049.8294  881.0964    28     6     6  2344   369
 160 1829.0368  882.0742    30     6     6  3104    29
 161 2035.4919  882.2634    26     5     6  2289   356
 162 1813.7569  883.1921    31     6     6  3138     5
 163 2021.0452  883.3995    28     6     6  2385   328
 164 1767.9497  884.2047    76     4    56  3949    -1
 165 1798.5470  884.3087    31     7     6  3040     0
 166 2006.5319  884.4942    23     5     5  2183   339
 167 1783.3371  885.5134    25     6     5  1999   100
 168 1992.0357  885.5686    28     6     6  2449   287
 169 1977.4440  886.7037    27     6     6  2474   274
 170 1962.7327  887.8912    30     6     6  2699   264
 171 1948.0324  889.0427    29     6     6  2716   253
 172 2133.8287  889.7500    17     4     5  1066   464
 173 1933.3564  890.2212    29     6     6  2752   213
 174 2119.7326  890.9911    24     5     6  1819   441
 175 1918.4893  891.3744    27     6     6  2664   202
 176 2105.6908  892.2818    25     6     6  2052   423
 177 1903.5858  892.5172    27     6     6  2690   188
 178 2091.5167  893.4190    23     5     5  1990   419
 179 1888.6240  893.6480    29     6     6  2869   141
 180 2077.3398  894.5140    23     5     5  2005   410
 181 1873.6280  894.8228    30     6     6  2984   110
 182 2063.0902  895.5613    25     6     5  2131   370
 183 1858.5909  895.9696    30     6     6  3029    86
 184 2048.7239  896.7476    27     6     6  2279   349
 185 1843.5006  897.0959    30     7     6  3044    46
 186 2034.3908  897.9684    27     6     6  2330   360
 187 1828.3451  898.2676    30     6     6  3049    19
 188 2019.9089  899.2050    28     6     6  2410   323
 189 1813.1550  899.4441    30     6     7  3039    21
 190 2005.4817  900.3891    26     5     6  2337   314
 191 1797.8705  900.5956    29     6     6  2956    11
 192 1990.9669  901.4895    26     6     5  2343   297
 193 1782.5464  901.7487    26     5     6  2076    70
 194 1976.4224  902.5730    27     6     6  2432   258
 195 1961.7582  903.7808    30     6     6  2654   225
 196 1947.1082  904.9730    29     6     6  2693   222
 197 2132.5090  905.4821    19     5     5  1173   463
 198 1932.4179  906.1733    29     6     6  2754   198
 199 2118.4969  906.5794    23     5     5  1805   437
 200 1917.5904  907.3677    28     6     6  2738   172
 201 2104.4801  907.6737    23     5     6  1956   425
 202 1902.7404  908.5029    29     6     7  2810   139
 203 2090.3475  908.9054    25     6     6  2096   406
 204 1887.8191  909.6721    30     6     6  2929   145
 205 2076.1475  910.2297    28     6     6  2251   381
 206 1872.8490  910.8715    30     6     6  3010    94
 207 2061.8524  911.4416    25     6     5  2141   386
 208 1857.8159  912.0476    30     6     6  3045   102
 209 2047.5634  912.5172    23     5     5  2080   374
 210 1842.7295  913.2350    31     6     6  3071    47
 211 2033.3054  913.6596    26     6     6  2271   337
 212 1827.6292  914.3842    29     6     6  2952    40
 213 2018.8431  914.8722    29     6     6  2444   325
 214 1812.4265  915.6285    30     7     6  3010    36
 215 2004.4424  916.1213    27     5     6  2409   298
 216 1797.2943  916.7751    31     6     6  3062     7
 217 1989.9218  917.3597    28     6     6  2448   289
 218 1781.9929  918.0019    28     6     6  2175   103
 219 1975.4301  918.4811    25     6     5  2308   277
 220 1960.8023  919.5333    26     6     5  2352   248
 221 1946.2254  920.7940    28     6     6  2587   205
 222 2131.0367  920.9174    16     4     5  1018   466
 223 1931.4962  922.0681    28     6     6  2715   190
 224 2117.2267  922.1874    22     5     6  1711   443
 225 1916.6869  923.2923    29     6     6  2793   174
 226 2103.2205  923.3969    25     6     5  2055   405
 227 1901.8749  924.4762    29     6     6  2797   149
 228 2089.1126  924.5298    25     6     5  2089   397
 229 1887.0280  925.6341    30     6     6  2909   134
 230 2074.9251  925.6545    26     6     6  2161   371
 231 1872.0856  926.8465    29     6     6  2939   104
 232 1766.5440  926.9396    45     3    32  2341    -1
 233 2060.6935  926.9516    27     6     6  2249   343
 234 1960.4060  927.5220    29     6     6  2631   191
 235 1857.1070  928.0483    30     6     6  3052    72
 236 2046.4770  928.2330    26     5     6  2255   357
 237 1842.0208  929.2656    30     6     6  3036    67
 238 2032.1456  929.4548    26     6     5  2251   329
 239 1826.9482  930.4723    31     6     7  3065    33
 240 2017.7465  930.5396    26     6     5  2286   311
 241 1811.7671  931.6904    30     6     6  3065    22
 242 2003.4130  931.7263    27     6     6  2384   290
 243 1796.6161  932.8986    30     6     6  3033    16
 244 1988.9146  933.0023    28     6     6  2471   265
 245 1781.5222  933.9915    27     5     6  2115    93
 246 1974.4522  934.2666    26     5     6  2367   279
 247 1966.3153  934.8624    17     5     4  1424   392
 248 1959.7386  935.5193    26     6     5  2335   257
 249 2129.9459  936.2793    17     4     5  1072   460
 250 1945.2561  936.6099    28     6     6  2556   221
 251 2115.9422  937.5412    24     6     5  1831   429
 252 1930.5507  937.8784    28     6     6  2703   207
 253 2102.0082  938.6740    26     6     6  2093   389
 254 1915.8230  939.1247    28     6     6  2759   171
 255 2087.8715  940.0501    28     6     6  2229   380
 256 1901.0540  940.3759    29     6     6  2820   159
 257 2073.7086  941.3552    25     6     6  2113   391
 258 1886.2408  941.5274    28     6     6  2785   138
 259 2059.5375  942.4956    23     5     5  2056   379
 260 1871.3102  942.7471    28     6     6  2849   114
 261 2045.3758  943.6188    25     6     6  2176   344
 262 1856.3625  943.9822    30     6     6  3020    74
 263 2031.0772  944.8499    28     6     6  2346   304
 264 1841.3419  945.2181    30     6     6  3018    81
 265 2016.6841  946.2542    26     6     6  2305   302
 266 1826.2810  946.4636    28     6     6  2884    43
 267 2002.3708  947.4736    26     6     5  2322   281
 268 1811.1669  947.6809    30     6     6  3031    15
 269 1987.9352  948.5832    28     6     6  2434   244
 270 1795.9922  948.9260    30     6     6  3040     9
 271 1973.4457  949.8763    25     5     6  2337   251
 272 1780.7532  950.1558    25     6     6  2020   131
 273 1958.8519  951.2019    28     6     6  2534   230
 274 2128.7624  951.5995    17     4     5  1071   462
 275 1944.3731  952.4493    27     6     6  2493   212
 276 2114.7132  952.8473    23     5     6  1769   420
 277 1929.6523  953.5693    27     6     6  2591   208
 278 2100.7057  954.2805    26     6     6  2102   399
 279 1914.9792  954.8618    29     6     6  2771   155
 280 2086.6444  955.4666    24     6     5  2038   387
 281 1900.2461  956.1362    30     6     6  2910   132
 282 2072.5751  956.6249    24     5     5  2065   361
 283 1885.4153  957.4066    28     6     6  2770   125
 284 2058.4202  957.9235    25     5     6  2152   342
 285 1870.5166  958.5888    28     7     6  2785   109
 286 2044.2391  959.3221    27     6     6  2266   336
 287 1855.5756  959.8495    29     6     6  2918    87
 288 2029.9600  960.4895    25     6     5  2200   319
 289 1840.5762  961.1176    30     6     6  3009    61
 290 2015.6171  961.6463    26     6     6  2291   285
 291 1825.5894  962.3734    29     6     6  2927    35
 292 2001.3196  962.9255    29     6     6  2503   278
 293 1810.4682  963.6136    30     7     6  2979    28
 294 1986.8677  964.3227    27     6     6  2427   262
 295 1795.4134  964.8425    29     6     6  2939    18
 296 1972.4599  965.5137    23     5     5  2248   256
 297 1765.3235  965.5294    19     2    14   984    -1
 298 1780.3384  966.0456    26     6     6  2024    77
 299 1957.9613  966.7106    30     6     6  2649   203
 300 2127.2200  967.0600    16     5     4  1000    -1
 301 1943.4272  968.0225    28     6     6  2623   168
 302 2113.4641  968.3266    22     5     5  1740   430
 303 1928.7326  969.3647    28     6     6  2634   177
 304 2099.5441  969.5049    23     5     5  1966   408
 305 1914.1328  970.5533    28     6     6  2639   151
 306 2085.5095  970.7071    24     5     6  2045   403
 307 1899.4184  971.8205    29     6     6  2798   140
 308 2071.4246  972.1090    25     5     6  2112   345
 309 1884.5804  973.1463    29     6     6  2855   122
 310 2057.2728  973.4336    26     6     5  2189   341
 311 1869.7243  974.4094    28     6     6  2791   120
 312 2043.1232  974.5717    25     6     5  2171   347
 313 1854.8364  975.6288    29     6     6  2886    79
 314 2028.8501  975.8710    28     6     6  2357   293
 315 1839.8870  976.9381    30     6     6  3027    50
 316 2014.5709  977.2805    26     5     6  2316   301
 317 1824.8693  978.2273    30     6     6  3011    42
 318 2000.2957  978.4971    26     6     5  2333   288
 319 1809.8126  979.4777    28     6     6  2881    30
 320 1985.8968  979.6725    28     6     6  2461   238
 321 1794.7445  980.7275    30     6     6  2964    20
 322 1971.4824  981.0677    26     5     6  2438   224
 323 1779.6673  982.0479    25     5     6  1991   116
 324 2125.9789  982.2371    17     4     5  1063   458
 325 1956.9610  982.4326    28     6     6  2528   243
 326 2112.2131  983.4888    22     5     5  1724   413
 327 1942.4921  983.5726    25     5     6  2394   201
 328 2098.3646  984.6826    24     5     6  1983   377
 329 1927.8820  984.9150    30     6     6  2741   156
 330 2084.3140  986.1182    27     6     6  2162   364
 331 1913.2843  986.2787    30     6     6  2761   154
 332 2070.2876  987.4460    26     6     5  2152   350
 333 1898.5575  987.5179    26     6     5  2587   148
 334 2056.1746  988.6088    24     6     5  2082   326
 335 1883.7750  988.7787    30     6     6  2878   119
 336 2041.9766  990.0093    28     6     6  2317   300
 337 1868.9486  990.1017    29     6     6  2881    78
 338 2027.7311  991.4055    24     6     5  2152   309
 339 1854.1160  991.4319    28     6     6  2796    76
 340 2013.5229  992.5498    24     6     5  2205   282
 341 1839.2198  992.6447    28     6     6  2831    55
 342 1999.2589  993.8506    26     6     6  2341   252
 343 1824.2500  993.9576    30     6     6  3032    24
 344 1809.2028  995.2841    30     6     6  3024     4
 345 1984.8214  995.3062    26     6     6  2389   241
 346 1970.4946  996.5270    23     5     5  2261   234
 347 1794.1772  996.5444    28     6     6  2797     2
 348 2124.8505  997.2990    18     4     5  1094   447
 349 1956.0810  997.7948    28     6     6  2567   185
 350 1779.1396  997.8043    26     6     6  2013    37
 351 2110.9626  998.5969    23     6     5  1738   409
 352 1764.2391  998.6739    14     2    10   723    -1
 353 1941.5481  999.2201    27     6     6  2536   192
 354 2097.1568  999.9845    25     6     6  1993   367
 355 1926.9814 1000.5034    26     6     5  2480   179
 356 2083.1195 1001.4001    26     6     5  2091   322
 357 1912.4213 1001.7449    28     6     6  2670   144
 358 2069.1369 1002.5811    24     6     5  2051   352
 359 1897.6757 1003.1682    27     6     6  2676   158
 360 2055.0224 1003.9039    28     6     6  2269   305
 361 1882.9989 1004.4713    28     6     6  2725    99
 362 2040.8330 1005.3790    24     6     5  2101   315
 363 1868.2420 1005.6806    27     6     6  2718    97
 364 2026.6600 1006.5773    26     6     5  2244   276
 365 1853.4144 1007.0355    29     6     6  2899    66
 366 2012.4881 1007.9200    26     5     6  2312   270
 367 1838.4779 1008.3804    29     7     6  2855    39
 368 1998.2409 1009.3793    27     6     6  2361   239
 369 1823.5457 1009.6400    28     6     6  2821    27
 370 1983.9147 1010.5452    27     6     5  2411   235
 371 1808.5351 1010.9818    30     7     6  3009    25
 372 1969.5240 1011.8980    26     5     6  2423   220
 373 1793.5801 1012.3059    28     6     6  2786    32
 374 2123.5579 1012.4789    17     5     5  1040   461
 375 1955.1157 1013.3769    29     6     6  2595   196
 376 1778.5448 1013.5737    23     5     5  1842    91
 377 2109.7593 1013.6989    21     5     5  1613   412
 378 1940.6187 1014.5640    26     6     5  2471   189
 379 2095.8975 1015.2071    26     6     6  2017    -1
 380 1926.1556 1015.9003    29     6     6  2684   152
 381 2081.9501 1016.4899    25     6     5  2041   355
 382 1911.5281 1017.3521    27     6     6  2594    -1
 383 2067.9479 1017.7022    26     6     6  2106   331
 384 1896.9218 1018.5571    28     6     6  2678   106
 385 2053.8499 1019.2825    26     6     6  2146   366
 386 1882.2762 1019.9021    30     6     6  2863    83
 387 2039.7816 1020.5067    26     6     5  2202   294
 388 1867.4574 1021.3287    27     6     6  2687    96
 389 2025.5987 1021.8270    26     6     6  2242   271
 390 1852.6337 1022.5753    27     6     6  2704    69
 391 2011.4493 1023.3205    26     5     6  2286   291
 392 1837.7679 1023.9601    30     6     6  2967    49
 393 1997.2229 1024.5537    25     6     5  2275   259
 394 1822.8562 1025.3188    29     6     6  2896    41
 395 1982.9262 1025.8819    28     6     6  2463   216
 396 1807.9147 1026.6089    29     6     6  2892     3
 397 1968.5321 1027.3743    25     5     6  2340   255
 398 2122.1448 1027.5710    16     4     5   983   459
 399 1792.9174 1027.9688    30     6     6  2940     1
 400 1954.2157 1028.5748    25     6     5  2386   209
 401 2108.5517 1028.7727    21     5     5  1611   398
 402 1777.8086 1029.4002    25     6     6  1911   115
 403 1939.7093 1030.0443    28     6     6  2585   183
 404 2094.6883 1030.2950    22     5     5  1817   385
 405 1925.2792 1031.4280    27     6     6  2559   169
 406 2080.7707 1031.5420    25     6     5  2011   354
 407 1762.9286 1032.4286     8     2     5   414    -1
 408 1910.6490 1032.6546    27     6     6  2598   124
 409 2066.7593 1032.8985    25     6     6  2033   335
 410 1896.1150 1034.0976    30     6     6  2822   108
 411 2052.7352 1034.3884    24     6     5  2042   316
 412 1881.4557 1035.4642    25     6     5  2536   118
 413 2038.6642 1035.6206    25     6     5  2121   292
 414 1866.6916 1036.7540    30     6     6  2862    75
 415 2024.5426 1037.1081    25     5     6  2166   295
 416 1851.9040 1038.1999    29     6     6  2836    56
 417 2010.4271 1038.4635    23     5     5  2110   275
 418 1837.1432 1039.5066    27     6     5  2715    48
 419 1996.2281 1039.6893    26     6     6  2293   250
 420 1822.2868 1040.8015    28     6     6  2826    13
 421 1981.8908 1041.2778    26     6     6  2326   228
 422 1807.3236 1042.2301    30     6     6  2934     6
 423 2120.9751 1042.4337    17     4     5  1031   457
 424 1967.5700 1042.5410    25     6     5  2322   233
 425 1792.3766 1043.5404    26     6     5  2613    17
 426 2107.3079 1043.7806    22     5     5  1631   395
 427 1953.3135 1043.8767    27     6     6  2465   186
 428 1777.4942 1044.7915    24     5     6  1893    80
 429 2093.4986 1045.2876    23     5     6  1861   351
 430 1938.8246 1045.4162    26     6     6  2446   175
 431 2079.6111 1046.5758    23     5     5  1915   362
 432 1924.4382 1046.6312    27     6     6  2531   142
 433 2065.6407 1047.9910    24     5     6  1982   321
 434 1909.8392 1048.1544    27     6     6  2603   163
 435 2051.6151 1049.4400    22     5     5  1917   317
 436 1895.3336 1049.4937    26     6     5  2562   130
 437 2037.5938 1050.6817    24     5     6  2042   303
 438 1880.6078 1050.7895    28     6     6  2699    88
 439 2023.4784 1052.2764    24     5     6  2081   299
 440 1865.9218 1052.2914    29     6     6  2773    89
 441 2009.4032 1053.5424    23     5     5  2069   263
 442 1851.2604 1053.5538    26     6     5  2619    62
 443 1995.2397 1054.9243    26     6     6  2245   232
 444 1836.4574 1054.9278    27     6     6  2736    59
 445 1821.5579 1056.3938    29     6     6  2796    58
 446 1980.9300 1056.4446    25     6     5  2243   242
 447 2119.6026 1056.8333    13     4     4   689   471
 448 1966.6436 1057.6758    26     6     6  2324   219
 449 1806.6291 1057.6794    30     6     6  2871    10
 450 2105.9943 1058.6811    16     4     5  1065   452
 451 1791.7159 1059.1455    28     6     6  2757     8
 452 1952.3892 1059.2542    27     6     6  2424   173
 453 2092.2606 1060.1359    19     5     5  1351   433
 454 1776.7616 1060.4187    22     5     5  1727   128
 455 1937.9892 1060.5323    26     6     5  2416   181
 456 2078.4610 1061.4740    22     5     5  1638   375
 457 1923.5303 1061.9958    27     6     6  2540   199
 458 2064.5096 1062.9370    22     5     6  1727   338
 459 1909.0113 1063.4647    27     6     5  2541   150
 460 2050.5163 1064.4424    23     5     5  1949   324
 461 1894.5081 1064.7192    26     5     6  2541   112
 462 2036.4757 1065.6910    23     5     6  1972   296
 463 1879.8346 1066.2618    27     6     6  2626    -1
 464 2022.4596 1067.3449    25     5     6  2140   267
 465 1865.2619 1067.5514    26     6     5  2585    95
 466 2008.3684 1068.5845    24     6     5  2135   247
 467 1850.5156 1068.9726    27     6     6  2700    63
 468 1994.1935 1070.1045    28     6     6  2343   223
 469 1835.7102 1070.4193    28     6     6  2713    51
 470 1979.9629 1071.4990    26     6     5  2298   215
 471 1820.9427 1071.7151    29     6     6  2803    45
 472 1965.6588 1072.9108    28     6     6  2420   194
 473 1806.0398 1073.2006    30     6     6  2893    31
 474 1951.4323 1074.4117    25     6     5  2314   206
 475 1791.1961 1074.5366    26     6     5  2557    12
 476 1937.1180 1075.6933    27     6     6  2452   146
 477 1776.3849 1075.8582    25     6     6  1867    65
 478 1922.6250 1077.2577    27     6     6  2526   164
 479 2081.6757 1077.5856    54    22     6  2922   421
 480 1908.2438 1078.5620    25     6     5  2460   129
 481 1893.6516 1080.0859    28     6     6  2680   111
 482 1879.1228 1081.5008    27     6     5  2628    85
 483 1864.4939 1082.8418    27     6     6  2652    64
 484 2055.7568 1084.3378     7     3     3   424   474
 485 1849.7582 1084.3605    27     6     6  2655    90
 486 1835.1334 1085.5923    28     6     6  2592    26
 487 1820.3700 1087.0816    28     6     6  2485    38
 488 1805.4698 1088.4471    23     5     5  2077    92
 489 1790.5857 1089.7999    25     5     6  2067   107
 490 1775.7862 1091.1957    22     5     5  1376   226
 491 1817.3298 1104.2786    51    16     7  2979    -1
 492 1850.4953 1104.9575    11     3     4   762   477
 493 1805.8929 1105.4107     6     2     3   356    -1
 494 1795.4358 1106.4105    76    20     6  4314    -1
 495 1869.3987 1112.8502    50    22     5  2737    -1
 496 1856.8902 1114.5488     9     3     4   491    -1
 497 1843.8018 1115.3107    59    26     4  3119    -1
