493
   0 1123.2842  499.8744   276    73     7 14903    -1
   1 1150.1389  508.1111     6     2     4   336    -1
   2 1159.0836  525.1975    42     3    30  2381    -1
   3 1166.6479  528.8152    79     5    23  4207    -1
   4 1152.1767  735.1729    94     4    50  4966    -1
   5 1151.7000  759.9000     5     2     4   260    -1
   6 1174.2190  796.7686    14     5     8   942    -1
   7  877.9371  840.3758    22     6     5  1752   400
   8 1230.6220  841.4663    27     6     6  3129    -1
   9 1213.3305  842.7484    36     7     7  6196    -1
  10  848.4506  842.8650    20    12     4  1526   453
  11 1195.8504  843.9894    38     7     7  6497    -1
  12 1178.1094  845.1494    38     7     7  6578   198
  13 1160.4850  846.4524    40     7     7  7002   119
  14  826.9173  847.5276   276    53    19 17172   268
  15 1142.7793  847.7341    41     7     7  6765   143
  16  850.8801  848.5819     7     6     2   521    -1
  17 1124.9778  848.9890    44     8     8  6505   154
  18 1107.1167  850.2543    39     7     7  6276   144
  19 1089.1965  851.5899    41     7     7  6357   172
  20 1071.1708  852.8953    40     7     7  6022   170
  21 1053.1090  854.1268    40     8     7  5859   182
  22 1034.9581  855.4348    41     8     7  5979   210
  23 1016.7250  856.7302    41     7     7  5859   211
  24  998.4772  858.0259    40     7     8  5729   230
  25 1231.7086  858.9260    31     6     6  4623    -1
  26  980.1637  859.3080    41     8     7  5681   254
  27 1214.2164  860.1814    38     7     7  7161    -1
  28  961.6638  860.6118    40     7     7  5595   255
  29 1196.7624  861.5596    40     7     7  7121    -1
  30  943.2543  861.9325    41     7     7  5391   293
  31 1179.0997  862.8854    37     7     7  6551   133
  32  924.6381  863.1987    42     7     7  5445   306
  33 1161.5428  864.1482    41     7     7  6681    92
  34  906.0777  864.5024    44     8     7  5480   320
  35 1143.8377  865.4675    41     7     7  6480   102
  36  887.4224  865.8276    42     7     7  5232   328
  37 1126.0855  866.8335    38     7     7  6050    97
  38  868.6003  867.1161    41     7     7  4970   340
  39 1108.2284  868.0780    39     7     7  5978   121
  40  849.7918  868.4970    41     7     7  4689   346
  41 1090.4189  869.4051    39     7     7  6058   134
  42  830.9423  869.8907    41     8     7  4259   356
  43 1072.4374  870.7009    41     7     7  6043   157
  44  812.0246  871.1668    41     8     7  4004   369
  45 1054.4025  872.0289    40     7     8  5804   176
  46  793.2086  872.5430    36     6     7  2754   378
  47 1036.3449  873.3171    40     7     7  5713   193
  48 1018.1729  874.7027    40     7     7  5601   214
  49  999.8848  875.9971    38     8     7  5211   224
  50 1232.5400  876.3704    37     7     7  4952   295
  51  981.5904  877.3255    42     7     7  5618   250
  52 1215.1190  877.8101    37     7     7  6965   426
  53  963.2838  878.6293    41     7     7  5468   262
  54 1197.7315  879.0727    38     7     7  6824    -1
  55  944.8008  879.9647    38     7     7  5042   275
  56 1180.1129  880.4333    39     7     7  6701   248
  57  926.3420  881.2769    41     7     7  5246   289
  58 1162.5545  881.7945    41     7     7  6709    79
  59  907.6931  882.6094    40     7     7  5144   301
  60 1144.9297  883.0780    37     7     7  6158    85
  61  889.1212  883.9644    41     8     7  4888   318
  62 1127.2147  884.4491    41     7     7  6393   273
  63  870.4154  885.2776    41     7     7  4968   326
  64 1109.4186  885.7990    41     7     7  6274   109
  65  851.6159  886.6212    40     7     7  4829   339
  66 1091.5845  887.1352    41     7     7  6132   126
  67  832.7598  887.9632    41     8     7  4602   353
  68 1073.6381  888.4771    40     7     7  6062   312
  69  813.8921  889.2932    43     8     7  4718   363
  70 1055.7041  889.8421    39     7     7  5771   164
  71  795.1443  890.7387    37     7     7  3115   377
  72 1037.6513  891.1700    41     7     7  5798   189
  73 1019.5245  892.5255    38     7     7  5658   323
  74 1001.3389  893.8944    40     7     7  5570   225
  75 1233.3096  893.9065    34     7     6  4662   217
  76 1216.0298  895.1555    36     6     7  6740   428
  77  983.1033  895.1720    40     8     7  5421   233
  78  964.7294  896.5788    41     7     7  5538   349
  79 1198.6046  896.5850    37     7     7  6829    -1
  80  946.4084  897.9440    39     7     7  5292   252
  81 1181.0482  897.9818    36     7     7  6393   220
  82  927.9159  899.2333    41     8     7  5241   277
  83 1163.5725  899.3287    39     7     7  6667    72
  84  909.4317  900.6273    42     7     7  5306   376
  85 1145.9710  900.7586    37     7     7  6239    61
  86  890.7950  901.9869    39     8     6  4848   314
  87 1128.2380  902.0425    38     7     7  6156   246
  88  872.2311  903.3399    41     8     7  5036   329
  89 1110.5570  903.4262    39     7     7  6285    89
  90  853.4771  904.7407    41     7     7  4929   397
  91 1092.7882  904.8355    39     7     7  5989   108
  92  834.6195  906.0599    40     7     7  4704   350
  93 1074.9141  906.1053    38     7     7  5771   285
  94  815.7657  907.4818    42     8     7  4791   357
  95 1056.9623  907.5377    40     8     7  5922   149
  96 1038.9604  908.9344    40     8     7  5582   169
  97  797.1250  908.9535    34     7     6  2948   449
  98 1020.8848  910.2239    40     7     7  5633   317
  99 1234.0788  911.1261    30     6     6  4287   192
 100 1002.7246  911.6776    40     7     7  5655   196
 101 1216.9486  912.6471    39     7     7  6776   283
 102  984.5549  913.0383    39     7     7  5500   209
 103 1199.5618  913.9934    38     7     6  6673   286
 104  966.3261  914.4118    40     7     7  5526   338
 105 1182.0669  915.3232    39     7     7  6543   104
 106  947.9359  915.8563    40     8     7  5292   245
 107 1164.6022  916.8019    39     7     7  6537   292
 108  929.5293  917.1640    41     7     7  5365   266
 109 1146.9991  918.0950    38     8     7  6216   304
 110  911.0881  918.5695    42     8     7  5324   355
 111 1129.4017  919.5742    39     7     7  6395   139
 112  892.5362  919.9654    39     7     7  5044   287
 113 1111.7585  920.9751    38     7     7  6055   310
 114  873.9135  921.3028    43     8     7  5122   380
 115 1093.9428  922.3077    38     7     7  5983   327
 116  855.2911  922.7561    42     7     7  4943   394
 117 1076.1209  923.8300    38     7     7  5857   174
 118  836.5094  924.0972    39     7     7  4703   333
 119 1058.2090  925.1123    39     7     7  5778   335
 120  817.6685  925.5428    40     7     7  4712   425
 121 1040.3116  926.5696    40     7     7  5880   347
 122  799.1036  926.9548    35     7     6  3034   386
 123 1022.2264  927.9783    38     7     7  5548   229
 124 1235.0088  928.4149    34     6     7  4438   168
 125 1004.1872  929.3303    40     7     7  5629   354
 126 1217.8720  929.9190    38     7     7  6578   265
 127  986.0072  930.8421    40     8     7  5464   367
 128 1200.4429  931.2894    39     7     7  6699   256
 129  967.7733  932.1415    40     7     7  5406   263
 130 1183.0298  932.8042    37     7     7  6374    65
 131  949.4874  933.5915    41     7     7  5548   291
 132 1165.6153  934.1251    38     7     7  6429   284
 133  931.1511  935.0011    38     8     6  5047   387
 134 1148.0528  935.6084    39     7     7  6340   278
 135  912.6666  936.3920    40     7     7  5260   308
 136 1130.4677  936.9875    38     7     6  6228    98
 137  894.2388  937.8569    40     7     7  5032   431
 138 1112.8226  938.3687    40     7     7  6256   305
 139  875.6298  939.2084    41     7     7  5040   445
 140 1095.0944  939.9016    38     7     7  5929   298
 141  857.0694  940.7026    43     8     7  5018   344
 142 1077.3236  941.2326    40     7     7  6047   161
 143  838.3788  942.0525    39     7     7  4714   382
 144 1059.4758  942.6818    41     7     7  6065   319
 145  819.5940  943.5102    41     7     7  4784   438
 146 1041.5827  944.0930    39     7     7  5805   332
 147  801.0819  944.9570    35     7     6  3063   384
 148 1023.5734  945.5319    39     7     7  5778   203
 149 1235.8285  945.7294    32     6     7  4264   152
 150 1005.5563  946.9827    38     7     6  5561   341
 151 1218.7618  947.0299    38     7     7  6518    53
 152  987.4620  948.4133    39     7     7  5583   440
 153 1201.3728  948.5329    38     7     7  6618    36
 154  969.2661  949.8852    39     7     7  5366   251
 155 1184.0050  949.9980    33     6     6  6080    54
 156  951.0301  951.2106    40     8     7  5352   366
 157 1166.5802  951.4222    38     7     7  6478    74
 158  932.6861  952.7424    40     7     7  5342    -1
 159 1149.0541  952.9522    37     7     7  6122    70
 160  914.3527  954.1211    40     7     7  5217   294
 161 1131.5625  954.3120    39     7     7  6334    93
 162  895.8643  955.6193    42     8     7  5243   336
 163 1113.9634  955.8513    38     7     7  5985   101
 164  877.4204  957.0158    38     7     6  4915   313
 165 1096.2408  957.1747    39     7     7  6020   127
 166  858.7832  958.4743    42     8     7  5056   337
 167 1078.5432  958.6681    41     7     7  6196   140
 168  840.2091  959.9841    40     8     7  4681   451
 169 1060.7904  960.0814    39     7     7  5834   159
 170  821.4982  961.3650    42     7     7  4849   371
 171 1042.8688  961.6162    41     7     7  5881   167
 172 1236.7501  962.8523    32     7     6  4251   120
 173  803.0119  962.9077    35     7     6  3094   389
 174 1024.9437  963.0174    35     7     6  5293   195
 175 1219.5816  964.1495    37     7     7  6492    34
 176 1006.9417  964.5096    41     8     7  5704   206
 177 1202.2431  965.7235    39     7     7  6567    27
 178  988.8989  965.9937    36     7     6  5199   218
 179 1184.9727  967.0673    36     7     7  6249    56
 180  970.7146  967.4134    40     7     7  5532   236
 181 1167.5705  968.6373    37     7     7  6374    52
 182  952.5494  968.9129    39     7     7  5389   247
 183 1150.0800  970.0385    36     7     7  6017    62
 184  934.3257  970.3177    40     7     7  5374   264
 185 1132.6178  971.5877    37     7     7  6204    80
 186  915.9724  971.8830    40     8     7  5154   271
 187 1115.0295  973.0004    35     7     6  5771   111
 188  897.5744  973.2502    41     7     7  5224   288
 189 1097.4479  974.5269    37     7     7  6093   116
 190  879.1534  974.8067    40     8     7  4980   316
 191 1079.8078  976.0018    36     7     6  5790   112
 192  860.5870  976.1646    40     7     7  4931   324
 193 1061.9837  977.4651    40     8     7  5926   145
 194  842.0281  977.7608    40     8     7  4772   334
 195 1044.1195  978.9715    36     7     6  5516   160
 196  823.4000  979.1165    39     7     7  4680   360
 197 1237.5308  979.8619    33     7     6  4311    99
 198 1026.3089  980.4228    40     7     7  5768   186
 199  804.8707  980.6824    37     7     7  3215   395
 200 1220.3688  981.1943    39     7     7  6494    25
 201 1008.2821  981.9440    37     7     6  5411   191
 202 1203.1295  982.8191    37     7     7  6357    17
 203  990.3482  983.4164    40     7     7  5624   207
 204 1185.9316  984.1632    36     7     7  6242    40
 205  972.1920  984.9540    38     7     7  5312   208
 206 1168.5651  985.7777    39     7     7  6404    37
 207  954.0978  986.3604    42     8     7  5516   241
 208 1151.1235  987.1620    38     7     7  6152    63
 209  935.8695  987.9627    39     7     7  5181   242
 210 1133.7323  988.8004    38     7     7  6141    73
 211  917.5746  989.3628    40     7     7  5338   260
 212 1116.1568  990.1818    38     7     7  6017    87
 213  899.2629  990.9267    38     7     7  4996   267
 214 1098.6014  991.7808    39     7     7  6120    88
 215  880.7970  992.3110    41     8     7  5097   299
 216 1080.9474  993.1636    38     7     7  5854   125
 217  862.3766  993.9027    39     7     7  4883   303
 218 1063.2127  994.8259    38     7     7  5791   113
 219  843.7986  995.3181    41     8     7  4887   321
 220 1045.4545  996.2404    41     7     7  5786   137
 221 1238.2125  996.7460    33     7     7  4276    55
 222  825.2600  996.9202    40     8     7  4663   352
 223 1027.6108  997.7645    38     7     7  5446   166
 224 1221.1982  998.1477    37     7     7  6340    21
 225  806.7613  998.2574    36     7     7  3193   391
 226 1009.6904  999.2461    39     7     7  5538   416
 227 1204.0526  999.8136    36     7     7  6223    11
 228  991.7464 1000.8695    39     7     7  5468   194
 229 1186.9017 1001.1688    37     7     7  6294    32
 230  973.6730 1002.2859    39     7     7  5477   204
 231 1169.5471 1002.8126    39     7     7  6387    33
 232  955.5768 1003.8758    39     7     7  5388    -1
 233 1152.1480 1004.2314    38     7     7  6170    47
 234  937.4338 1005.3386    40     7     7  5401   228
 235 1134.8159 1005.8868    38     7     7  6114    44
 236 1028.2915 1006.4097    48     7     7  6927   117
 237  919.2008 1006.9273    38     7     7  5078   244
 238 1117.2701 1007.3123    40     7     7  6198    67
 239  900.8770 1008.3263    41     8     7  5204    -1
 240 1099.7971 1008.9364    37     7     7  5906    86
 241  882.5351 1009.9280    39     7     7  5027   280
 242 1082.1415 1010.3592    39     7     7  5933    95
 243  864.1794 1011.3726    42     8     7  5060   315
 244 1064.4578 1011.9545    39     7     7  5884    96
 245  845.6357 1012.9665    38     7     6  4738   421
 246 1046.7228 1013.4588    40     7     7  5712   410
 247 1239.0034 1013.4933    32     6     7  4123    91
 248 1036.7818 1014.3254    26     7     6  3511   276
 249  827.1422 1014.4404    42     8     7  4867   359
 250 1028.9389 1015.0305    35     7     6  5177   412
 251 1222.0421 1015.0451    34     7     6  6103    10
 252  808.7433 1015.9639    37     7     6  3223   392
 253 1011.0798 1016.6108    38     7     7  5367   165
 254 1204.9921 1016.6916    37     6     7  6223     7
 255  993.1228 1018.0271    37     7     7  5278   411
 256 1187.8491 1018.1087    36     7     7  6203    29
 257  975.1852 1019.7098    40     7     7  5418   442
 258 1170.5308 1019.7689    38     7     7  6322    18
 259  957.0965 1021.1017    39     8     7  5244   419
 260 1153.1701 1021.2031    38     7     7  6147    -1
 261  938.9766 1022.8092    40     8     7  5273    -1
 262 1135.8766 1022.9129    37     7     7  6006    48
 263  920.7730 1024.1774    39     7     7  5155   243
 264 1118.3780 1024.3568    37     7     7  6081    59
 265  902.5389 1025.8348    40     7     7  5187   257
 266 1100.9424 1025.9845    35     7     6  5744    -1
 267  884.2770 1027.2911    40     7     7  5054   452
 268 1083.3471 1027.4912    38     7     7  5980    84
 269  865.8795 1028.9691    38     8     6  4733   417
 270 1065.7586 1029.0371    37     7     6  5713   110
 271 1239.9650 1030.1874    31     6     6  4090   447
 272  847.4530 1030.4370    39     7     7  4825   422
 273 1048.0135 1030.7021    39     8     7  5543    -1
 274 1222.9611 1031.9300    34     6     7  6100     5
 275  828.9605 1031.9901    39     8     6  4580   430
 276 1030.2124 1032.1171    38     7     7  5454   150
 277 1205.9118 1033.4020    38     7     7  6249    13
 278  810.6051 1033.5298    37     7     7  3258   393
 279 1012.4266 1033.7835    39     7     7  5559   178
 280 1188.7877 1034.9963    36     7     6  6128    -1
 281  994.5697 1035.2730    39     7     7  5523   408
 282 1171.4984 1036.6035    37     7     7  6294    28
 283  976.6132 1036.9111    39     7     7  5368   199
 284 1154.1553 1038.1068    37     7     7  6062    -1
 285  958.5807 1038.4228    39     7     7  5384   216
 286 1136.9066 1039.8359    38     7     7  6044    -1
 287  940.5330 1039.9964    38     7     6  5230   448
 288 1119.4750 1041.3097    38     7     7  6146    60
 289  922.4201 1041.5903    39     7     7  5229   420
 290 1102.0141 1042.9739    34     7     6  5680   405
 291  904.1970 1043.0661    39     7     7  5013   272
 292 1084.5078 1044.4830    37     7     7  5956   361
 293  885.9273 1044.7876    39     8     7  4906   374
 294 1066.9503 1046.0237    35     7     6  5550   409
 295  867.6196 1046.2082    41     7     7  4977   432
 296 1240.7745 1046.9162    32     6     6  4183    -1
 297 1049.2659 1047.7155    39     7     7  5764   138
 298  849.2421 1047.9002    37     7     7  4591   370
 299 1223.8458 1048.6146    38     7     7  6247   404
 300 1031.5824 1049.1983    38     7     7  5639   158
 301  830.7565 1049.3631    41     8     7  4767   433
 302 1206.8281 1050.1038    36     7     7  6164   402
 303 1013.8243 1050.9082    38     7     7  5391   388
 304  812.3871 1050.9235    35     7     6  3096   385
 305 1189.7035 1051.8274    38     7     7  6225    -1
 306  995.9419 1052.3883    39     8     7  5317   181
 307 1172.4413 1053.3467    37     7     7  6228    -1
 308  978.0324 1053.9977    38     8     6  5153   348
 309 1155.1564 1054.9939    35     7     6  5982    35
 310  960.1135 1055.6902    41     8     7  5341   351
 311 1137.9457 1056.6345    38     7     7  5988    -1
 312  942.0619 1057.1068    39     8     7  5139   223
 313 1120.6116 1058.1411    37     7     7  6015    -1
 314  923.9952 1058.8878    40     8     7  5110   237
 315 1103.1240 1059.8788    37     7     7  5863    66
 316  905.8046 1060.3238    40     7     7  5070   269
 317 1085.6877 1061.3592    39     7     7  6005   368
 318  887.6289 1061.9829    38     7     6  4903   307
 319 1068.0859 1062.9963    35     7     6  5556   322
 320  869.4000 1063.5864    40     7     7  4941   296
 321 1241.5750 1063.6342    35     7     7  4202     9
 322 1050.5313 1064.6403    37     7     7  5685   122
 323  851.0175 1065.0521    40     8     7  4717   330
 324 1224.7056 1065.1227    37     7     7  6242   436
 325 1032.8908 1066.1279    37     7     7  5430   325
 326  832.6079 1066.7888    40     7     7  4725   372
 327 1207.7244 1066.8742    37     7     7  6190   403
 328 1015.1273 1067.9295    36     7     7  5269   153
 329  814.3594 1068.1839    34     7     6  2994   396
 330 1190.5747 1068.4478    37     7     7  6257    14
 331  997.3523 1069.4863    40     7     7  5494   162
 332 1173.3878 1070.0562    38     7     6  6161    -1
 333  979.5015 1071.0583    38     7     6  5285   343
 334 1156.1847 1071.7879    38     7     7  6131    30
 335  961.5642 1072.7432    40     7     7  5363   201
 336 1139.0037 1073.2498    36     6     7  5880    51
 337  943.6097 1074.2677    39     7     7  5260   222
 338 1121.7300 1074.9704    37     7     6  5902   231
 339  925.5600 1075.9492    38     7     6  5081   235
 340 1104.2760 1076.6420    39     7     7  6000    69
 341  907.4733 1077.5508    38     7     7  5008   258
 342 1086.8962 1078.1342    37     7     7  5724   100
 343  889.2937 1079.0885    39     7     7  4878   290
 344 1069.3143 1079.9018    37     7     7  5668   106
 345 1242.1941 1080.0737    32     7     6  4042     1
 346  871.0934 1080.8691    40     8     7  4777   358
 347 1051.7899 1081.4951    40     7     7  5694   135
 348 1225.5096 1081.7880    37     7     7  6204     6
 349  852.7431 1082.3297    40     7     7  4748   381
 350 1034.1403 1083.0582    37     7     7  5397   147
 351 1208.5208 1083.3705    37     7     7  6228     8
 352  834.4487 1083.9923    38     7     6  4612   379
 353 1016.4684 1084.8241    38     7     7  5445   155
 354 1191.4848 1085.0306    37     7     6  6121    19
 355  816.2378 1085.7149    35     7     7  2997    -1
 356  998.7199 1086.3992    39     7     7  5374   185
 357 1174.3684 1086.7607    38     7     7  6169    24
 358  980.9344 1088.0235    35     7     6  5007   187
 359 1157.2079 1088.2896    37     7     7  5961    38
 360  963.0680 1089.8011    39     8     7  5165   183
 361 1140.0066 1090.0066    32     6     6  5668    43
 362  945.1378 1091.2589    38     7     7  5061   239
 363 1122.7729 1091.7235    38     7     7  5891    71
 364  927.1081 1092.9764    35     7     6  4802   364
 365 1105.3822 1093.2760    36     7     7  5756    78
 366  909.1066 1094.6994    41     8     7  5014    -1
 367 1088.0065 1094.9927    34     7     6  5528    90
 368  890.9534 1096.1425    40     8     7  4845   311
 369 1242.9938 1096.5060    32     6     7  3949     3
 370 1070.5751 1096.6616    37     7     7  5686   105
 371  872.8079 1097.9482    37     7     6  4637   446
 372 1226.2540 1098.1550    37     7     7  6090     2
 373 1053.0400 1098.1934    37     7     7  5422   131
 374  854.5350 1099.5296    38     7     7  4670   434
 375 1209.3554 1099.9310    36     7     6  6067     4
 376 1035.4553 1099.9610    38     7     6  5505   141
 377  836.2406 1101.0879    37     7     6  4456    -1
 378 1192.4011 1101.5634    37     7     7  6139    20
 379 1017.8326 1101.7035    38     7     7  5310   156
 380  818.1348 1102.8970    32     6     6  2887   441
 381 1175.2991 1103.1941    37     7     7  5992    22
 382 1000.1270 1103.2151    38     7     7  5224   188
 383  982.3295 1104.9617    37     7     6  5175   184
 384 1158.1670 1104.9651    35     7     6  5846    31
 385 1141.0471 1106.6607    38     7     7  5839    49
 386  964.5190 1106.6711    39     7     7  5269   200
 387 1123.8992 1108.1947    36     7     7  5750    75
 388  946.6598 1108.2232    39     7     7  5155   232
 389 1106.5454 1109.9702    38     7     6  5822    77
 390  928.7421 1109.9790    37     7     6  4902   234
 391  910.6727 1111.6443    39     7     7  4944   238
 392 1089.1510 1111.7225    39     7     7  5721    82
 393 1243.8243 1112.8987    32     6     6  4073   124
 394  892.6238 1113.2001    39     7     7  4858   309
 395 1071.8034 1113.2510    39     7     7  5701   115
 396 1227.0792 1114.6118    37     7     7  6009     0
 397  874.4862 1114.9391    38     7     6  4726   365
 398 1054.2391 1115.0029    36     7     6  5411   128
 399 1210.2253 1116.2222    37     7     7  6018    12
 400  856.3569 1116.6219    39     7     7  4648    -1
 401 1036.7726 1116.7635    38     7     7  5392   136
 402 1193.2595 1118.0078    35     7     6  5903    15
 403  838.0610 1118.1349    39     8     7  4492    -1
 404 1019.1722 1118.3565    37     7     7  5230   173
 405 1176.2563 1119.7738    39     7     7  6074    26
 406  820.0351 1119.9332    34     7     6  2995    -1
 407 1001.5185 1120.0612    38     7     6  5309   177
 408 1159.2044 1121.3631    37     7     7  5839    41
 409  983.7966 1121.8621    37     7     7  5087   179
 410 1142.0510 1123.0591    33     7     6  5574    57
 411  966.0088 1123.4594    39     8     7  5081   215
 412 1124.9399 1124.9037    36     7     7  5612    68
 413  948.1501 1125.0674    35     7     6  4845   226
 414 1107.6691 1126.5363    38     7     7  5761    83
 415  930.2413 1126.8892    37     7     7  4915   221
 416 1090.2903 1128.1634    38     7     7  5643   107
 417  912.3475 1128.5310    39     7     7  4913   259
 418 1244.6920 1129.0858    33     6     6  3900   401
 419 1072.9850 1129.9743    32     6     6  5235   118
 420  894.2738 1130.1403    37     7     7  4666   302
 421 1227.9495 1130.9354    32     6     6  5711   142
 422 1055.5484 1131.6866    37     7     7  5488   132
 423  876.1902 1131.9262    36     7     6  4531   362
 424 1211.0757 1132.6735    37     7     7  5901    16
 425 1038.0318 1133.2860    37     7     7  5242   151
 426  858.0678 1133.5964    40     8     7  4573    -1
 427 1194.1803 1134.2978    35     7     7  5776    23
 428 1020.4971 1135.0567    38     7     6  5342   175
 429  839.8377 1135.1348    39     8     7  4491    -1
 430 1177.1835 1136.0578    35     7     6  5766    46
 431 1002.8943 1136.8961    37     7     7  5094   180
 432  821.8211 1136.9203    35     7     6  3030   444
 433 1160.1496 1137.8899    36     7     7  5750    45
 434  985.2048 1138.5244    40     7     7  5191   190
 435 1143.0856 1139.5585    37     7     7  5629    64
 436  967.4723 1140.1819    39     7     7  5166   219
 437 1126.0013 1141.1768    35     6     7  5512    81
 438  949.7166 1141.9594    37     7     6  4939   240
 439 1108.8158 1142.9834    35     7     6  5505   103
 440  931.8106 1143.6962    38     7     7  4846   249
 441 1091.4809 1144.7927    38     7     7  5621   114
 442  913.8898 1145.2395    39     7     7  4787   274
 443 1245.3667 1145.2468    30     7     6  3060   398
 444 1074.1283 1146.4605    38     7     7  5395   130
 445 1228.8227 1146.9527    32     6     6  4646   407
 446  895.9329 1147.0196    35     7     6  4529   331
 447 1056.8274 1148.1244    37     7     7  5372   146
 448  877.8956 1148.8340    38     7     7  4562   375
 449 1211.9453 1148.8550    32     6     6  5011    39
 450 1039.2667 1149.9616    36     7     6  5238   163
 451  859.7645 1150.4162    40     7     7  4590    -1
 452 1195.0376 1150.6299    35     6     7  5336    42
 453 1021.8239 1151.7619    38     7     7  5188   197
 454  841.6788 1152.1067    36     7     6  4345    -1
 455 1178.1135 1152.3299    36     7     7  5722    50
 456 1004.2341 1153.3933    38     7     7  5116   205
 457  823.6075 1153.8637    34     7     6  2984    -1
 458 1161.1189 1154.0978    34     7     6  5673    58
 459  986.6358 1155.1147    37     7     7  5089   213
 460 1144.0814 1155.9147    34     7     6  5592    76
 461  968.9359 1156.9547    34     7     6  4781   261
 462 1127.0022 1157.7241    36     6     7  5611    94
 463  951.1791 1158.7062    39     7     7  4923   279
 464 1109.8966 1159.3947    37     7     7  5630   123
 465  933.3709 1160.3218    38     7     7  4835   282
 466 1092.6549 1161.1042    37     7     7  5685   129
 467  915.5024 1162.0493    38     7     6  4782   297
 468 1075.2774 1162.9574    36     7     6  5506   148
 469  897.5603 1163.8499    37     7     6  4619   345
 470 1057.9822 1164.7669    37     7     7  5342   171
 471  879.5577 1165.5503    38     7     7  4584   383
 472 1040.5626 1166.4466    38     7     7  5476   202
 473  861.5416 1167.2118    37     7     7  4449    -1
 474 1023.0847 1168.1256    38     7     7  5252   212
 475  843.4111 1168.9629    38     7     6  4408    -1
 476 1005.6031 1169.9808    38     7     6  5257   227
 477  825.3837 1170.7418    33     7     6  2845    -1
 478  987.9962 1171.8349    39     8     7  5130   253
 479  970.3424 1173.5003    38     7     7  5130   281
 480  952.6645 1175.1837    37     7     7  4986   300
 481 1169.7465 1175.7724    15     5     5  1253    -1
 482  934.8990 1177.0015    35     7     6  4715   342
 483  917.0715 1178.8584    36     7     7  4596   418
 484  899.1941 1180.4508    38     7     7  4460   373
 485  881.2240 1182.1003    35     7     6  4047   390
 486  863.1947 1183.8840    35     7     6  3758    -1
 487  845.1337 1185.6735    35     7     7  3508    -1
 488  827.2163 1187.3080    29     6     6  2148    -1
 489 1196.0632 1191.6105    18     2    15  1090   443
 490  919.9629 1201.3552    16     4     5  1325   399
 491  889.0768 1204.0431    17    10     4  1117    -1
 492  862.2421 1204.2553   323    49    18 20364   270
