480
   0  630.5000  849.0781     9     4     4   514    -1
   1  635.6789  857.7351    19    14     2  1235   415
   2  601.0950  859.3643    23     6     5  1629   349
   3  666.2990  859.7367   232    56    12 13953   352
   4  700.7535  878.7883    38     7     7  2965    -1
   5  305.5333  879.3500    10     4     4   560    -1
   6  681.5158  880.1132    38     7     6  3865    -1
   7  662.0042  881.5544    44     8     7  4203    -1
   8  642.4536  882.9607    41     7     7  4075    -1
   9  622.7755  884.3069    46     8     7  4434    -1
  10  603.1153  885.7306    46     8     7  4486   364
  11  583.3885  887.1238    42     8     7  4144    -1
  12  563.5015  888.5529    43     7     7  4171    -1
  13  543.5443  889.9693    39     7     7  3755    73
  14  523.5333  891.4340    44     8     7  4002    26
  15  503.4762  892.8673    41     7     7  3689    17
  16  483.2729  894.2787    43     8     7  3709    28
  17  462.9627  895.7425    44     8     7  3635    29
  18  702.9959  897.0537    35     7     6  3081    -1
  19  442.5650  897.1185    42     8     7  3408    24
  20  683.8015  898.4952    44     8     7  4684    -1
  21  422.2340  898.5911    45     8     7  3502    40
  22  664.4333  899.9526    41     7     7  4330   372
  23  401.6187  900.0027    40     8     6  3104    54
  24  644.8429  901.3898    46     8     7  4569   373
  25  381.1050  901.4837    43     8     7  3193    89
  26  625.3295  902.8810    42     8     7  4247    -1
  27  360.4653  902.9832    38     7     6  2821    87
  28  605.6085  904.2993    43     8     7  4307    -1
  29  339.6360  904.3710    40     7     7  2853   183
  30  585.9005  905.7745    43     8     7  4205    -1
  31  318.8436  905.8957    39     8     7  2698   184
  32  566.1766  907.1964    43     8     7  4064    -1
  33  298.0750  907.2615    39     8     7  2583   385
  34  546.3293  908.6980    44     8     7  3998    41
  35  277.0435  908.9777    35     7     7  2221   234
  36  526.3576  910.0953    41     8     7  3651     6
  37  256.0091  910.4512    33     6     7  1978   291
  38  506.3190  911.5965    44     8     7  3775     4
  39  234.9089  912.2182    35     7     6  2041   233
  40  486.1710  913.0481    40     8     6  3383     7
  41  465.9172  914.5453    43     8     7  3497    11
  42  705.2878  915.3605    39     7     7  3420    -1
  43  445.5926  915.9812    38     7     6  3099    27
  44  686.1657  916.8787    43     8     7  4606   365
  45  425.3409  917.4675    42     8     7  3269    48
  46  666.6814  918.3298    44     8     7  4626    -1
  47  404.7708  918.9476    40     8     6  3012    51
  48  647.3005  919.8586    42     8     7  4381    -1
  49  384.3469  920.4100    41     7     7  3017    65
  50  627.7108  921.3011    45     8     7  4518    -1
  51  363.6538  921.9225    37     7     6  2702    92
  52  608.2069  922.8445    43     8     7  4330    -1
  53  342.9788  923.3896    41     8     7  2829   108
  54  588.4789  924.2580    42     7     7  4232    -1
  55  322.2749  924.9940    38     7     6  2562   125
  56  568.7828  925.8395    41     8     7  3991   362
  57  301.3801  926.3551    39     7     7  2592   151
  58  548.9607  927.2501    44     8     7  4021    44
  59  280.4982  927.9294    36     7     6  2345   280
  60  529.0427  928.8091    44     8     7  3840     8
  61  259.4599  929.3838    38     7     7  2399   207
  62  509.0930  930.2382    42     8     7  3643     0
  63  238.3782  930.9660    35     7     6  2177   216
  64  488.9499  931.8062    42     8     7  3547     2
  65  468.8036  933.2275    44     8     7  3547    10
  66  707.4589  933.6352    39     7     7  3459    -1
  67  448.5950  934.8406    40     7     7  3242    22
  68  688.4475  935.0799    40     7     7  4533    -1
  69  428.2911  936.2283    40     8     7  3163    33
  70  669.0773  936.6553    44     8     7  4672    57
  71  407.8491  937.8646    39     8     7  2984    25
  72  649.6009  938.1405    42     8     7  4448    -1
  73  387.4076  939.2543    39     7     7  2935    52
  74  630.2224  939.7440    44     8     7  4520    -1
  75  366.8176  940.8867    39     8     7  2819    75
  76  610.6268  941.1601    42     8     7  4395    58
  77  346.2817  942.2591    39     7     7  2747   110
  78  591.0723  942.7670    44     8     7  4421    -1
  79  325.5928  943.9262    36     7     6  2511   164
  80  571.3717  944.2317    42     7     7  4150    -1
  81  304.7601  945.3536    38     7     7  2542   131
  82  551.6001  945.8210    41     7     7  3919   371
  83  283.8706  946.9388    37     8     6  2422   375
  84  531.7238  947.2721    43     8     7  3866     3
  85  263.0187  948.3743    39     8     7  2459   246
  86  511.7856  948.8793    41     8     7  3608   313
  87  241.9756  949.9780    35     8     6  2181   228
  88  491.7732  950.3403    45     8     7  3747   111
  89  709.7151  951.9170    37     7     7  3296    91
  90  471.6651  951.9200    40     8     7  3357    23
  91  690.6428  953.2925    43     8     7  4748    94
  92  451.5123  953.4260    41     7     7  3347     9
  93  671.4426  954.9278    40     7     7  4457    34
  94  431.3568  955.0148    40     8     6  3152    32
  95  652.0303  956.4114    44     8     7  4672    -1
  96  410.9444  956.5461    43     8     7  3257    49
  97  632.5887  957.9859    38     7     6  4244    -1
  98  390.5080  958.0155    38     7     6  2899    47
  99  613.1491  959.5416    43     8     7  4504    -1
 100  370.0429  959.6271    41     8     7  2947    79
 101  593.5665  961.0437    39     7     7  4159   226
 102  349.4714  961.0746    38     7     6  2704    90
 103  573.9481  962.6786    43     8     7  4250    -1
 104  328.8347  962.8128    41     8     7  2779   114
 105  308.1882  964.1344    38     8     7  2551   236
 106  554.2686  964.1416    43     8     7  4008   370
 107  534.4884  965.8012    42     7     7  3830   232
 108  287.3724  965.9318    36     7     6  2372   162
 109  514.5486  967.2706    42     7     7  3726   167
 110  266.4512  967.3336    38     7     7  2453   208
 111  494.5798  968.9245    39     7     7  3441   121
 112  245.4767  968.9820    36     7     6  2273   295
 113  711.9224  969.9803    37     8     6  3268   105
 114  474.5585  970.4268    41     7     7  3470    39
 115  692.9589  971.3906    44     8     7  4852    78
 116  454.4689  972.0031    38     7     6  3188    46
 117  673.6605  972.9903    40     8     6  4474   152
 118  434.3032  973.5988    43     8     7  3344    55
 119  654.4139  974.5857    42     7     7  4609   103
 120  413.9986  975.0655    40     8     6  3061    59
 121  635.0525  976.1179    41     8     7  4421    -1
 122  393.6532  976.8206    37     7     7  2842    76
 123  615.6086  977.7973    41     7     7  4445    60
 124  373.2379  978.1963    40     8     7  2912   101
 125  596.1098  979.2879    42     8     7  4335   123
 126  352.6932  979.9192    36     7     6  2623   104
 127  576.5426  980.9578    39     7     7  3990     5
 128  332.1880  981.4280    41     8     7  2800   165
 129  556.8523  982.5167    44     8     7  4119    20
 130  311.4639  983.0231    38     7     6  2592   248
 131  537.1531  984.0746    41     8     6  3745   276
 132  290.7051  984.7196    38     7     7  2524   191
 133  517.3466  985.7225    43     8     7  3786   157
 134  269.9554  986.1337    36     8     6  2316   252
 135  497.4057  987.2113    40     7     7  3517   171
 136  714.1200  987.9007    35     7     6  3200   199
 137  249.0486  987.9039    36     8     6  2263   393
 138  477.4778  988.9599    39     7     6  3348   180
 139  695.2499  989.3917    43     8     7  4801    67
 140  457.3990  990.4588    42     8     7  3436   193
 141  676.0218  991.0218    42     8     6  4549   132
 142  437.2437  992.0702    38     8     6  3082   347
 143  656.7209  992.6664    41     8     7  4580    83
 144  416.9886  993.7661    41     8     7  3151   318
 145  637.4249  994.2058    41     7     7  4514   160
 146  396.6609  995.2329    41     7     7  3057    81
 147  618.0813  995.9267    40     8     6  4367    72
 148  376.4001  996.9650    38     7     6  2801   113
 149  598.5931  997.4697    40     7     7  4277   376
 150  355.9287  998.5156    42     8     7  2935   117
 151  579.0950  999.0651    42     8     7  4105   214
 152  335.3725 1000.0572    36     7     6  2561   270
 153  559.5064 1000.7893    42     7     7  3984    13
 154  314.7951 1001.8285    38     8     7  2588   185
 155  539.7651 1002.2940    43     8     7  3893    -1
 156  294.1406 1003.2205    37     7     7  2451   263
 157  520.0280 1003.9915    42     8     6  3689    -1
 158  273.3406 1004.9692    36     7     6  2352   387
 159  500.2084 1005.6077    45     8     7  3800   249
 160  716.3069 1005.7535    36     7     7  3307   176
 161  252.5318 1006.6511    37     7     7  2353   368
 162  480.2811 1007.1384    39     8     7  3366    70
 163  697.4505 1007.2841    42     7     7  4749   361
 164  234.0556 1008.3889     7     2     4   359    -1
 165  460.2777 1008.9259    40     8     6  3282    69
 166  678.3329 1008.9892    40     8     6  4508   359
 167  440.2217 1010.4756    41     8     7  3279   268
 168  659.0801 1010.6642    44     8     7  4734   355
 169  420.0217 1012.0429    39     8     6  3035   102
 170  639.8286 1012.2061    41     8     7  4524   155
 171  399.7421 1013.8502    39     8     7  2958   283
 172  620.5008 1013.9610    38     7     6  4338   360
 173  379.4726 1015.3470    40     7     7  2948   341
 174  601.1078 1015.5944    44     8     7  4510   169
 175  359.1407 1017.0311    39     8     6  2771   271
 176  581.5921 1017.1199    41     7     7  4102   323
 177  338.6286 1018.7375    39     7     7  2712   187
 178  562.0856 1018.9058    42     8     7  3941   137
 179  318.0942 1020.1793    38     8     7  2558    -1
 180  542.4652 1020.4888    41     7     7  3831    45
 181  297.4852 1021.9811    37     7     6  2457   224
 182  522.6939 1022.0687    40     8     6  3609   274
 183  718.4502 1023.4646    37     7     7  3375   358
 184  276.8257 1023.7069    36     7     7  2322   251
 185  502.9301 1023.8687    41     8     7  3566    -1
 186  699.6134 1025.0909    39     7     7  4568   215
 187  256.0179 1025.1737    33     7     6  2125   367
 188  483.0881 1025.4133    43     8     7  3592    88
 189  237.2000 1026.4000     7     2     5   360   410
 190  680.5473 1026.8904    39     7     7  4509   357
 191  463.1210 1027.0638    38     8     6  3177   381
 192  661.3968 1028.4961    41     7     7  4609   189
 193  443.0739 1028.8843    41     8     7  3247   336
 194  642.2266 1030.1050    42     8     7  4609   129
 195  423.0183 1030.4367    42     8     7  3221   266
 196  622.9173 1031.8922    39     8     6  4344   198
 197  402.7807 1032.0654    40     8     6  3001   136
 198  603.5544 1033.5375    42     7     7  4417    37
 199  382.5942 1033.8854    37     7     6  2784   345
 200  584.1695 1035.1454    41     8     7  4083   289
 201  362.2818 1035.4284    40     7     7  2866   257
 202  564.6279 1036.9350    38     7     6  3769   141
 203  341.8462 1037.0464    37     8     6  2604   205
 204  545.0987 1038.5834    44     8     7  3999   237
 205  321.4069 1038.8768    37     7     6  2548   227
 206  525.4392 1040.1642    40     7     7  3644    -1
 207  300.8029 1040.4357    36     7     7  2391   379
 208  720.6797 1041.1012    35     7     6  3197   146
 209  505.6494 1041.9613    39     8     6  3396   292
 210  280.1334 1042.0825    36     7     6  2291   231
 211  701.8602 1042.9402    41     8     7  4635    16
 212  485.8160 1043.5715    42     8     7  3372   109
 213  259.4443 1043.9004    36     7     6  2267   287
 214  682.7891 1044.6218    43     8     7  4727    12
 215  240.9286 1045.1429     9     3     5   464    -1
 216  465.9952 1045.2182    41     8     7  3306   106
 217  663.6785 1046.2280    42     8     7  4593   209
 218  446.0059 1047.0167    38     8     6  3096   333
 219  644.5562 1047.9938    38     7     6  4409   235
 220  425.9723 1048.7964    41     8     7  3170   304
 221  625.3384 1049.7408    41     7     7  4396   133
 222  405.7970 1050.3306    40     8     7  3027    -1
 223  606.0448 1051.3352    44     8     7  4487   275
 224  385.6317 1052.0237    38     7     6  2849   390
 225  487.3372 1052.7016    50     8     7  4251   177
 226  586.6266 1053.0526    38     7     6  3898    64
 227  365.4334 1053.8820    38     7     6  2756   396
 228  567.2646 1054.9016    43     8     7  3985   158
 229  345.0901 1055.4949    41     8     7  2838   195
 230  547.6671 1056.5426    41     8     7  3833    86
 231  324.5986 1057.1236    37     7     6  2570   210
 232  528.1286 1058.1602    41     8     7  3695   306
 233  722.8033 1058.9421    35     7     6  3184   353
 234  304.1809 1058.9523    35     7     6  2358   253
 235  508.4343 1059.9748    38     7     6  3347   408
 236  704.1015 1060.5348    44     8     7  4845    14
 237  283.6290 1060.7296    37     7     7  2377   414
 238  497.4593 1061.0057    26     7     6  2184    -1
 239  488.5808 1061.8199    37     7     7  3113    62
 240  262.9069 1062.1724    34     7     6  2167   273
 241  685.0946 1062.1818    41     8     7  4561    19
 242  468.7624 1063.3389    39     8     7  3204    -1
 243  244.2778 1063.6111     6     2     4   309    -1
 244  666.0337 1063.9910    40     8     6  4387   354
 245  448.9285 1065.0615    40     8     6  3195    -1
 246  646.9131 1065.7781    41     8     7  4495   278
 247  428.9021 1066.9290    38     8     6  3019   163
 248  627.6937 1067.4351    39     7     7  4216   269
 249  408.8217 1068.6179    41     8     7  3085   314
 250  608.5005 1069.1099    39     7     7  4134   247
 251  388.6899 1070.2264    38     7     7  2832   211
 252  589.2063 1070.9457    41     8     6  4011   217
 253  368.5044 1072.0155    38     7     6  2802   369
 254  569.7430 1072.7263    42     8     7  3960   174
 255  348.2676 1073.8512    38     7     6  2683    -1
 256  550.3329 1074.3573    41     8     7  3809   284
 257  327.8930 1075.4622    39     8     7  2665   324
 258  530.7210 1076.0793    40     8     6  3602   138
 259  724.9276 1076.1709    36     7     7  3201   356
 260  307.4613 1077.1399    36     7     6  2472   225
 261  511.1469 1077.9624    41     8     6  3486   128
 262  706.2959 1078.0351    38     7     6  4492    99
 263  286.9964 1079.0036    35     8     6  2306   285
 264  491.4661 1079.7258    39     7     7  3336   374
 265  687.3512 1079.8938    39     7     7  4436    21
 266  266.3580 1080.8280    35     7     6  2250   309
 267  471.5855 1081.3418    40     7     7  3321   334
 268  668.3369 1081.6357    41     8     7  4490   135
 269  247.9000 1082.1667     9     3     5   465    -1
 270  451.7618 1083.0800    40     8     6  3207   143
 271  649.2963 1083.2950    42     8     7  4461   147
 272  431.8472 1084.9296    38     8     6  3029    -1
 273  630.1275 1085.0579    41     8     6  4262   213
 274  411.8375 1086.7498    41     8     7  3087   196
 275  610.9474 1086.9344    39     8     6  4022    82
 276  391.7503 1088.3413    39     8     7  2889   366
 277  591.6416 1088.7032    42     8     7  4078   212
 278  371.6033 1090.1129    38     7     6  2781   223
 279  572.3500 1090.3564    41     8     7  3923   186
 280  351.4371 1091.9538    38     7     6  2711   240
 281  552.9166 1092.0846    39     8     6  3623   272
 282  331.1826 1093.7893    35     7     6  2462   305
 283  727.0532 1093.8824    35     7     6  3178    15
 284  533.4283 1093.9675    38     7     6  3532   119
 285  310.7789 1095.4260    37     7     7  2499   319
 286  708.4522 1095.5432    41     7     7  4667    31
 287  513.7969 1095.8246    41     8     7  3569   256
 288  290.3239 1097.1329    36     7     6  2402   294
 289  689.5357 1097.2672    40     7     7  4522    36
 290  494.2158 1097.5119    40     8     7  3432   403
 291  269.8359 1099.0107    35     7     6  2265   405
 292  670.5982 1099.0597    38     7     6  4314    56
 293  474.4394 1099.1977    38     7     7  3220   181
 294  251.1364 1100.5000     8     2     5   411    -1
 295  651.5636 1100.9340    38     7     6  4227    66
 296  454.6287 1101.0390    38     7     6  3104   168
 297  632.4995 1102.7745    41     7     7  4250    98
 298  434.7658 1102.9282    38     8     6  3021   188
 299  613.3888 1104.4813    39     7     7  4037   154
 300  414.8145 1104.7407    41     8     7  3093   399
 301  594.1577 1106.1938    41     8     7  4013   203
 302  394.7678 1106.3555    39     8     7  2891   242
 303  574.8412 1108.0485    40     8     6  3814   194
 304  374.7242 1108.1315    38     7     6  2752    -1
 305  555.4924 1109.9203    38     7     6  3618   172
 306  354.5892 1109.9939    38     7     6  2718   244
 307  729.1015 1111.0569    35     7     6  3208    30
 308  536.1042 1111.7653    42     8     7  3664   150
 309  334.3545 1111.8664    36     7     6  2515   321
 310  710.5720 1112.9453    38     7     6  4512    18
 311  516.4967 1113.4724    40     7     7  3521   202
 312  314.0204 1113.6179    38     8     7  2536   303
 313  691.7549 1114.7706    40     8     7  4483    93
 314  496.9023 1115.1735    42     8     7  3512   159
 315  293.6217 1115.2548    36     7     7  2375   337
 316  672.8360 1116.5504    44     8     7  4599    50
 317  477.2231 1117.0607    38     8     6  3218   259
 318  273.1867 1117.0648    36     7     6  2317   315
 319  653.8840 1118.2854    42     8     7  4407   144
 320  254.8750 1118.8125     9     3     5   466    -1
 321  457.4769 1118.9480    38     7     6  3112   190
 322  634.8715 1120.1017    40     8     7  4164   100
 323  437.6459 1120.8261    37     7     7  2960   218
 324  615.7689 1122.0213    40     8     6  4064   118
 325  417.7669 1122.5667    39     7     7  2984   245
 326  596.5725 1123.8914    39     7     7  3935   134
 327  397.7967 1124.2513    39     8     7  2887   411
 328  577.3859 1125.7178    41     7     7  3891   148
 329  377.8001 1126.0967    38     8     6  2753   282
 330  558.0891 1127.4610    44     8     7  3894   173
 331  357.7403 1127.9994    36     7     6  2603   297
 332  731.2828 1128.2773    35     7     7  3205    38
 333  538.6494 1129.2173    40     7     7  3560   153
 334  337.5235 1129.8522    36     7     6  2524   307
 335  712.7399 1130.1191    37     7     7  4389   115
 336  519.1986 1131.0887    38     8     6  3383   377
 337  317.3032 1131.7144    37     7     7  2475   335
 338  693.9707 1132.0191    38     8     6  4339    61
 339  499.6318 1132.9938    38     7     6  3342   206
 340  296.9568 1133.3957    38     8     7  2456   340
 341  675.1494 1133.9414    38     8     6  4279    68
 342  480.0526 1134.9115    38     8     6  3183   243
 343  276.6226 1135.1732    35     7     6  2264   327
 344  656.2433 1135.8264    41     8     7  4372    77
 345  460.4038 1136.7477    39     7     7  3125   239
 346  258.1364 1137.1364     8     2     4   411    -1
 347  637.2735 1137.6191    41     8     7  4284   107
 348  440.5543 1138.5109    38     7     7  3004   264
 349  618.2190 1139.4006    42     8     7  4182   127
 350  420.7083 1140.2544    38     7     7  2918   255
 351  599.0744 1141.1931    41     8     7  3979   308
 352  400.8351 1142.0824    37     8     6  2772   279
 353  579.8569 1143.0722    38     8     6  3679   170
 354  380.8962 1144.0283    37     8     6  2698    -1
 355  560.6046 1144.9877    38     7     6  3612   395
 356  733.3527 1145.5375    36     7     7  3212    42
 357  360.8056 1145.9179    36     7     6  2592   300
 358  541.2847 1146.9032    37     7     6  3415   166
 359  714.8713 1147.3128    42     8     7  4621    35
 360  340.6952 1147.7626    36     7     6  2512   343
 361  521.8392 1148.7955    41     8     7  3539   262
 362  696.1773 1149.1859    40     8     7  4448    53
 363  320.5016 1149.5915    36     7     7  2434    -1
 364  502.3798 1150.6252    39     7     7  3348   339
 365  677.3769 1151.0735    38     7     6  4329   116
 366  300.2343 1151.3564    35     7     7  2307    -1
 367  482.7738 1152.4150    40     8     7  3282   238
 368  658.4896 1153.0089    38     7     6  4313    97
 369  279.9114 1153.1375    35     8     6  2241   344
 370  463.1966 1154.2309    40     8     7  3193   258
 371  261.5833 1154.8333     7     3     4   362    -1
 372  639.5672 1154.9243    38     7     6  4191   122
 373  443.4839 1156.1377    37     7     6  2968   413
 374  620.5562 1156.8428    39     7     7  4103   139
 375  423.6842 1158.0400    38     7     6  2937   250
 376  601.5041 1158.7122    38     7     7  3832   156
 377  403.8696 1159.9587    38     8     6  2820   277
 378  582.4022 1160.5463    39     7     7  3698   391
 379  383.9381 1161.8714    38     8     6  2740   328
 380  563.1751 1162.3775    39     8     7  3575   197
 381  735.4301 1162.6624    35     7     7  3123    63
 382  363.9382 1163.7218    36     8     6  2544   409
 383  543.8497 1164.1871    41     8     7  3600   192
 384  717.0551 1164.4874    42     8     7  4559    43
 385  343.8774 1165.5391    36     8     7  2465   312
 386  524.5080 1166.1358    38     7     6  3399   201
 387  698.3713 1166.3708    40     7     7  4439    85
 388  323.6951 1167.2836    35     7     6  2360   317
 389  505.0428 1168.0232    37     8     6  3228   230
 390  679.6139 1168.2283    39     7     7  4346    95
 391  303.5279 1169.1981    35     7     6  2323    -1
 392  485.5589 1169.9902    38     7     6  3224   229
 393  660.7828 1170.1382    38     8     7  4244   112
 394  283.2539 1171.0630    36     7     6  2308    -1
 395  466.0237 1171.9509    37     8     6  3032   241
 396  641.8941 1172.0646    38     8     6  4199   124
 397  265.1000 1173.3000     7     2     4   360    -1
 398  446.3245 1173.8528    37     7     6  2927    -1
 399  622.9450 1174.0245    37     8     6  4012   149
 400  426.5925 1175.7251    36     7     7  2795    -1
 401  603.9530 1175.9845    39     8     6  3886   161
 402  406.7956 1177.5872    38     7     7  2783   322
 403  584.8755 1177.9135    39     8     6  3689    -1
 404  386.9436 1179.4160    37     8     7  2648   293
 405  737.4984 1179.6230    35     7     7  3035    74
 406  565.6171 1179.8175    37     7     6  3472   363
 407  367.0370 1181.2589    36     8     6  2530   311
 408  719.1744 1181.5148    41     8     7  4409    71
 409  546.4459 1181.7244    37     7     7  3383   204
 410  346.9948 1183.1519    36     8     6  2475   320
 411  700.5110 1183.4332    38     7     7  4265    80
 412  527.1879 1183.6176    40     8     7  3429   222
 413  326.9330 1185.0509    35     8     6  2369   350
 414  681.7910 1185.3238    41     8     7  4383    84
 415  507.7153 1185.5075    40     8     7  3333    -1
 416  306.8488 1187.0427    34     7     6  2262   346
 417  663.0522 1187.2465    40     8     7  4260   120
 418  488.3442 1187.3935    38     7     7  3158   397
 419  286.5970 1188.9614    35     7     6  2255   332
 420  644.2510 1189.2013    39     7     7  4203   142
 421  468.7271 1189.2555    38     8     7  3045   281
 422  268.2500 1190.2500     6     2     5   308    -1
 423  625.2716 1191.1015    37     7     6  3820   145
 424  449.2168 1191.1981    37     8     6  2920   288
 425  606.3190 1193.0735    38     7     6  3872   179
 426  429.5354 1193.1704    36     7     6  2789   299
 427  587.3079 1195.0297    38     7     6  3665   200
 428  409.8115 1195.0745    35     7     6  2636   296
 429  739.6073 1196.3699    29     7     5  2242   126
 430  568.1729 1196.9769    38     8     6  3502   220
 431  389.9605 1197.0232    35     8     6  2547   316
 432  721.2343 1198.3101    36     7     7  3475    96
 433  370.1395 1198.9503    34     7     6  2424   325
 434  549.0298 1198.9841    36     8     6  3310   254
 435  702.6323 1200.2762    36     7     7  3592   175
 436  350.1947 1200.9045    34     7     6  2365   330
 437  529.7586 1200.9137    36     7     6  3219   265
 438  684.0050 1202.2757    39     8     7  3867   221
 439  330.2017 1202.8458    34     8     6  2290   338
 440  510.3867 1202.8489    37     7     6  3200   261
 441  665.3025 1204.2284    36     7     7  3932   130
 442  310.1192 1204.7500    34     7     6  2220   348
 443  491.0610 1204.8927    38     8     6  3130   260
 444  646.5532 1206.3250    37     7     7  3844   140
 445  289.9485 1206.6545    32     7     6  2066   406
 446  471.5260 1206.7958    36     7     6  2956   301
 447  627.5561 1208.2496    36     7     7  3653   178
 448  452.0302 1208.7695    38     8     6  2928   302
 449  272.0000 1209.0000     6     2     4   308    -1
 450  608.7274 1210.1777    37     7     7  3842   182
 451  432.3890 1210.6966    35     7     7  2696   290
 452  589.7293 1212.1423    36     7     6  3645   404
 453  412.7067 1212.6058    36     7     7  2632   402
 454  570.6894 1214.1206    37     7     6  3571   219
 455  392.9745 1214.5483    36     8     7  2546   331
 456  551.5682 1216.0911    38     7     6  3514   298
 457  373.1603 1216.4636    36     7     7  2486   342
 458  532.3446 1218.0570    38     7     6  3399   267
 459  353.2694 1218.4179    34     7     6  2333    -1
 460  710.6250 1219.2703   246    48    15 15173     1
 461  513.0483 1220.0014    37     8     6  3238   286
 462  333.3512 1220.3668    34     7     6  2278    -1
 463  493.7515 1222.0579    37     7     6  3162   386
 464  313.2695 1222.2829    34     7     6  2225    -1
 465  474.2774 1223.9992    38     7     6  3122   310
 466  293.1134 1224.2041    32     7     6  2063    -1
 467  454.8477 1226.0333    37     8     6  2960   329
 468  275.1667 1226.1667     6     2     4   309    -1
 469  682.9588 1226.4882     9     8     2   535   400
 470  435.2354 1227.9648    36     7     6  2824   326
 471  657.0205 1228.7705    14     5     4   944   351
 472  415.6631 1229.9449    36     7     6  2744   384
 473  395.9685 1231.9673    36     8     6  2641    -1
 474  376.1931 1233.9083    34     7     6  2469    -1
 475  356.2879 1235.7871    35     7     6  2377    -1
 476  336.3996 1237.6900    33     7     6  2108    -1
 477  316.3925 1239.5423    31     7     6  1857    -1
 478  296.2934 1241.4174    31     7     6  1792    -1
 479  380.7097 1257.5161    12     5     3   662    -1
