459
   0 2069.9896  728.3333    21     8     5  1146    -1
   1 2056.0075  729.3706    47    20     4  2551    86
   2 2296.4429  729.5286     9     3     3   520    -1
   3 2284.8710  730.2097    13     4     4   774    -1
   4 2273.3136  731.0085    12     4     4   777    -1
   5 2261.5139  731.8333    13     5     4   866   403
   6 2249.8490  732.5078    15     4     5  1005   353
   7 2238.0986  733.2359    15     4     4  1034    -1
   8 2226.2690  734.0611    16     5     4  1103   238
   9 2214.4720  734.9193    17     5     4  1172   279
  10 2202.5299  735.7725    17     5     4  1184    -1
  11 2190.6903  736.4432    17     5     5  1202   218
  12 2178.7720  737.1773    16     5     5  1175   220
  13 2166.7646  738.0340    16     5     4  1212   175
  14 2154.7540  738.9342    17     5     4  1283   256
  15 2142.6371  739.7215    19     5     5  1424   144
  16 2130.5613  740.4308    20     5     5  1506   122
  17 2118.3805  741.1660    19     5     5  1477   197
  18 2306.5375  741.8250     9     3     4   530    -1
  19 2106.1503  742.0028    16     5     4  1329   188
  20 2295.2184  742.6609    13     4     4   824    -1
  21 2093.9737  742.9172    16     4     5  1313   187
  22 2283.5359  743.5180    12     4     4   767    -1
  23 2081.7295  743.6762    19     5     5  1438   405
  24 2271.8738  744.3155    13     4     4   856    -1
  25 2069.4165  744.4361    19     5     5  1357   377
  26 2260.3145  745.1018    15     4     4   971   373
  27 2057.0610  745.1883    16     4     5  1185   181
  28 2248.5167  745.9667    14     5     4   940    -1
  29 2044.8759  746.1069    15     4     4  1040   260
  30 2236.8053  746.8511    15     4     4  1012   286
  31 2032.4420  746.9928    12     4     4   669   354
  32 2225.0166  747.6328    15     4     5  1021   327
  33 2213.1868  748.3043    16     4     5  1081   249
  34 2201.3399  749.0654    17     5     4  1156   252
  35 2189.4325  749.9571    16     5     4  1126   196
  36 2177.4972  750.9274    17     5     4  1201   178
  37 2165.5543  751.6929    19     5     5  1318   160
  38 2153.5668  752.4280    17     5     5  1239   151
  39 2141.5482  753.1265    19     5     5  1365   173
  40 2129.4161  754.0147    17     5     4  1291   203
  41 2117.2215  754.9518    17     5     4  1306   225
  42 2305.3000  755.3923     8     3     3   465   376
  43 2105.0549  755.7333    18     5     5  1410   215
  44 2293.7703  756.0568    13     4     4   835    -1
  45 2092.9359  756.4835    18     4     5  1446   170
  46 2282.2538  756.9171    13     4     4   849    -1
  47 2080.7301  757.2428    20     5     5  1552   138
  48 2270.5688  757.7698    12     4     4   789    -1
  49 2068.4099  758.0633    19     5     5  1527   114
  50 2258.9537  758.5878    14     4     5   905   360
  51 2056.0942  758.9737    17     5     4  1439   100
  52 2247.2511  759.4050    13     4     4   871   419
  53 2043.8620  759.8144    19     5     5  1497   106
  54 2235.5887  760.1210    15     5     4   998   305
  55 2031.4704  760.6576    16     5     5  1003   370
  56 2223.7589  761.0603    15     4     4  1032   277
  57 2211.9727  761.9373    15     4     4  1061   251
  58 2200.1201  762.7890    15     4     5  1058   245
  59 2188.2188  763.5938    17     5     5  1170    39
  60 2176.2665  764.2575    19     5     5  1284   142
  61 2164.3978  765.0753    17     5     4  1222   214
  62 2152.4297  766.0156    17     5     4  1234   176
  63 2140.3337  766.9156    18     5     4  1309   199
  64 2128.2547  767.7547    18     5     5  1324   179
  65 2116.1284  768.4436    18     5     5  1379   153
  66 2303.9062  768.5156    10     4     3   564    -1
  67 2104.0266  769.1967    17     5     5  1338   123
  68 2292.4329  769.3523    10     3     4   649   418
  69 2091.9286  770.0476    17     5     4  1354   140
  70 2280.8384  770.1515    13     4     4   848   333
  71 2079.7136  770.9688    17     5     4  1379   124
  72 2269.2915  771.0403    14     4     4   911   319
  73 2067.3905  771.8796    20     5     5  1548   174
  74 2257.6226  771.9481    14     4     4   912    -1
  75 2055.0646  772.6650    19     5     5  1538   103
  76 2245.9730  772.8237    15     4     4   991   303
  77 2042.9355  773.4252    19     5     5  1485   131
  78 2234.2090  773.6680    14     4     5   944   374
  79 2030.6351  774.1162    13     5     4   835   424
  80 2222.5040  774.3406    17     5     5  1101   283
  81 2210.7784  775.1529    13     4     4   941   423
  82 2198.9206  776.0483    14     4     4  1021   276
  83 2187.0159  777.0014    14     4     4  1047   222
  84 2175.1400  777.8971    14     4     4  1050   183
  85 2163.1930  778.7282    16     5     5  1155   129
  86 2151.2358  779.5078    18     5     5  1286   108
  87 2139.2659  780.2171    19     5     5  1360   193
  88 2127.1797  781.0806    16     5     4  1234   209
  89 2302.5312  781.6406     8     3     3   464   367
  90 2115.1043  782.0196    17     5     4  1310   150
  91 2291.1159  782.5366    12     4     4   764   346
  92 2102.9937  782.9454    16     4     4  1276   382
  93 2279.5417  783.4345    13     4     4   818   330
  94 2090.9008  783.7471    19     5     5  1464   116
  95 2267.9084  784.2853    13     4     4   841   375
  96 2078.6519  784.5500    19     5     5  1490    84
  97 2256.3732  785.1479    14     4     4   913   338
  98 2066.4078  785.3463    19     5     5  1503    92
  99 2244.6833  786.0500    14     4     4   940   351
 100 2054.1451  786.1888    19     5     5  1522    68
 101 2232.9483  786.9559    14     4     4   961   341
 102 2041.9990  787.0513    17     5     4  1347   219
 103 2221.2269  787.8432    13     4     4   921   344
 104 2029.6535  787.9505    14     4     4   902   357
 105 2209.4057  788.6736    15     5     5  1015   263
 106 2197.7361  789.3819    15     4     5  1038   290
 107 2185.8834  790.1994    16     4     5  1126   192
 108 2174.0178  791.0808    15     4     4  1115   184
 109 2162.0666  792.0196    15     4     4  1133   147
 110 2150.1045  792.9726    15     4     4  1152   236
 111 2138.1034  793.9088    16     5     4  1211   202
 112 2126.0561  794.7609    16     4     5  1237   206
 113 2301.2273  794.9242    10     3     4   566    -1
 114 2114.0363  795.4829    18     4     5  1368   177
 115 2289.6603  795.7821    13     4     4   806   425
 116 2101.9823  796.2277    17     4     5  1331   115
 117 2278.2778  796.5643    12     4     4   771   355
 118 2089.8862  797.0996    18     5     5  1392   141
 119 2266.6136  797.5341    11     4     4   726    -1
 120 2077.6804  798.0039    18     5     4  1410    77
 121 2255.0174  798.3856    14     4     4   901   274
 122 2065.4278  798.9791    18     5     4  1426   121
 123 2243.3920  799.2371    13     4     4   863   314
 124 2053.1175  799.8825    19     5     5  1499    51
 125 2231.7383  800.0859    13     4     4   906   318
 126 2040.9922  800.7190    17     4     5  1366    93
 127 2219.9724  801.0310    14     4     4   990   273
 128 2028.6959  801.4485    15     4     5   944   395
 129 2208.2188  801.9375    15     4     4  1038   347
 130 2196.4164  802.8980    15     5     4  1049   250
 131 2184.6903  803.7710    17     5     4  1160   292
 132 2172.8746  804.5413    17     4     5  1189   143
 133 2160.9355  805.3495    15     4     5  1122   223
 134 2149.0272  806.1906    16     4     5  1204   195
 135 2137.0411  807.0870    15     4     4  1164   167
 136 2299.6212  807.9394    10     4     4   566   368
 137 2125.0515  808.0446    15     4     4  1187   200
 138 2288.4817  808.9268    11     3     4   714    -1
 139 2112.9826  808.9696    16     4     4  1260   171
 140 2276.8422  809.8155    14     4     4   887   335
 141 2100.9559  809.9013    16     4     5  1276   148
 142 2265.3769  810.7154    13     4     4   845   325
 143 2088.8413  810.7560    19     5     5  1454    83
 144 2076.6664  811.5684    19     5     5  1491    53
 145 2253.7103  811.5974    12     4     4   795   317
 146 2064.4483  812.3819    19     5     5  1492    81
 147 2242.1291  812.4765    15     4     5   963   301
 148 2052.2071  813.2782    19     5     5  1527    54
 149 2230.4509  813.3259    13     4     4   874   312
 150 2040.0297  814.1176    16     4     5  1289   105
 151 2218.7463  814.1903    13     4     4   918   337
 152 2027.8351  815.0722    14     4     4   894   415
 153 2206.9983  815.0920    15     4     4  1049   261
 154 2195.2403  816.0097    16     5     4  1108   253
 155 2183.4694  816.9832    17     5     4  1177   399
 156 2171.6765  817.9147    16     5     4  1140   161
 157 2159.8016  818.8668    16     5     4  1168   247
 158 2147.9470  819.7119    17     4     5  1237    -1
 159 2135.9693  820.5307    17     4     5  1274   162
 160 2298.3356  821.1849    10     3     4   573   361
 161 2124.0000  821.3281    17     4     5  1298   128
 162 2287.1141  821.9674    13     4     4   834   348
 163 2111.9784  822.2035    17     4     5  1312   111
 164 2275.5056  822.9190    12     4     4   779   426
 165 2099.9301  823.0911    18     5     5  1372    74
 166 2264.0755  823.8585    13     4     4   862   299
 167 2087.8490  824.0306    17     5     4  1340    89
 168 2252.4851  824.7587    13     5     4   851   313
 169 2075.6800  824.9951    17     5     4  1361    78
 170 2240.8937  825.6538    14     4     4   921   342
 171 2063.4812  825.9662    18     5     4  1432    91
 172 2229.2269  826.6057    14     4     5   927   268
 173 2051.2148  826.9053    19     5     5  1483    65
 174 2217.5747  827.3672    16     5     5  1041   237
 175 2039.0536  827.7540    18     5     5  1404    94
 176 2205.8121  828.2340    13     4     4   932   349
 177 2026.8660  828.5309    16     4     5   994   412
 178 2194.0776  829.1667    15     4     4  1053   216
 179 2182.2549  830.0882    15     4     4  1056   182
 180 2170.5533  831.0385    16     5     4  1138    -1
 181 2158.6748  832.0186    16     5     4  1149   242
 182 2146.8221  832.9519    15     4     4  1135   185
 183 2134.9091  833.9091    15     4     4  1168   180
 184 2297.2612  834.1866    10     4     4   567   359
 185 2122.9260  834.8257    16     4     5  1239   384
 186 2285.7432  835.0135    13     4     4   835   339
 187 2110.9200  835.7452    17     4     5  1319   107
 188 2274.2310  835.9518    13     4     4   847   345
 189 2098.8707  836.5794    18     5     5  1391    98
 190 2262.6818  836.9697    13     4     4   848   315
 191 2086.8248  837.4134    19     5     5  1458    97
 192 2251.1697  837.8439    13     4     4   871   413
 193 2074.6864  838.2942    19     5     5  1465    37
 194 2239.5474  838.7844    12     4     4   811   310
 195 2062.5208  839.2064    19     5     5  1478    72
 196 2227.9750  839.7250    14     4     4   940   363
 197 2050.2944  840.1309    19     5     5  1519    41
 198 2216.2805  840.6829    13     4     4   896   266
 199 2038.1085  841.0598    15     4     4  1243   259
 200 2204.6111  841.4921    16     5     5  1052   241
 201 2025.9706  842.0833    14     4     4   904   288
 202 2192.8993  842.3669    15     4     5  1028   234
 203 2181.1295  843.2639    15     4     4  1055   172
 204 2169.3596  844.1507    15     5     4  1042    -1
 205 2157.6192  845.1279    16     5     4  1144   389
 206 2145.7480  846.0831    15     5     4  1117    -1
 207 2133.8047  847.0602    16     5     4  1207   158
 208 2295.6562  847.0781    10     3     4   564   369
 209 2121.8695  848.0150    16     5     4  1233   134
 210 2284.4408  848.0562    13     4     4   819   428
 211 2272.9359  848.9462    14     4     4   895   336
 212 2109.8742  848.9645    15     4     4  1215   136
 213 2261.4585  849.9145    12     3     4   793   254
 214 2097.8588  849.9412    17     5     4  1335   101
 215 2085.7790  850.8910    17     5     4  1341    85
 216 2168.7500  850.9023    16     4     5  1148   213
 217 2249.8825  850.9654    14     4     4   917   407
 218 2073.6581  851.8048    19     5     5  1475    55
 219 2238.2883  851.8694    13     4     4   872   296
 220 2061.5503  852.7197    19     5     5  1487    57
 221 2226.6956  852.7933    15     4     4   975   281
 222 2049.3304  853.6089    21     5     5  1610    18
 223 2215.1440  853.7440    13     4     4   900   255
 224 2037.1738  854.4883    19     5     5  1462   117
 225 2203.4077  854.7038    15     5     5  1010   228
 226 2025.0167  855.2273    15     4     5   959   343
 227 2191.7078  855.5667    16     4     5  1055   211
 228 2179.9878  856.4895    15     4     5  1037   165
 229 2170.1329  857.3118    24     9     5  1625    36
 230 2156.4591  858.3428    17     5     5  1168    -1
 231 2144.6536  859.2151    16     5     5  1158   186
 232 2294.4429  860.0000    10     3     4   570   421
 233 2132.7564  860.1564    16     5     5  1190   406
 234 2283.1704  860.9190    13     4     4   829   420
 235 2120.8112  861.1033    17     5     4  1271   145
 236 2271.6167  861.9556    12     4     4   780   293
 237 2108.8125  862.0856    17     5     4  1282   109
 238 2260.1731  862.9327    13     4     4   858   334
 239 2096.8348  863.0464    17     5     4  1313    80
 240 2248.5718  863.9258    13     4     4   859   306
 241 2084.8178  864.0061    16     5     4  1294    75
 242 2237.0639  864.8436    13     4     4   877   272
 243 2072.7091  864.9990    17     5     4  1357    66
 244 2225.4598  865.7902    13     5     4   874   291
 245 2060.5612  865.9627    17     5     4  1373    64
 246 2213.8774  866.7335    15     4     4  1007   233
 247 2048.3889  866.9520    18     5     4  1431    44
 248 2202.2106  867.7711    13     4     4   923   235
 249 2036.2088  867.9368    18     5     4  1367    52
 250 2190.5388  868.7132    16     5     4  1058   224
 251 2024.1900  868.8550    13     4     4   850   156
 252 2178.8500  869.6500    16     4     5  1080   169
 253 2167.0541  870.5852    15     4     5  1055    -1
 254 2155.2726  871.5966    18     5     5  1221   133
 255 2143.4629  872.4600    17     5     5  1200   130
 256 2293.1818  872.9091    11     4     4   616   350
 257 2131.6176  873.3503    17     5     5  1224   104
 258 2281.7151  873.9012    12     4     4   772   414
 259 2119.7935  874.2886    17     5     5  1252   118
 260 2270.3865  874.8568    13     4     4   835   332
 261 2107.8086  875.2262    16     5     5  1231   135
 262 2258.8793  875.8350    14     4     4   903   304
 263 2095.8573  876.1906    16     5     5  1259    60
 264 2247.3679  876.8208    13     4     4   862   287
 265 2083.8531  877.1321    18     5     5  1373    63
 266 2235.8067  877.8333    15     4     4   975   271
 267 2071.7541  878.0820    19     5     5  1438    16
 268 2224.2561  878.7967    13     4     4   896   416
 269 2059.6449  879.0714    18     5     4  1397    38
 270 2212.6322  879.7893    14     4     4   942   289
 271 2047.4774  880.0736    17     5     4  1380    31
 272 2201.0551  880.7794    14     4     4   972   229
 273 2035.3268  881.0381    17     5     4  1335    42
 274 2189.3530  881.7545    14     5     4   979   246
 275 2023.1853  881.9112    15     4     4   947    -1
 276 2177.6905  882.7313    16     5     4  1094   232
 277 2165.9604  883.7134    16     4     5  1128    -1
 278 2154.1416  884.7139    15     4     5  1082   194
 279 2142.3187  885.6170    17     5     5  1192   401
 280 2291.5781  885.6562     9     4     3   514   427
 281 2130.5301  886.5246    18     5     5  1266   110
 282 2280.5184  886.6902    12     4     4   763   372
 283 2118.6667  887.4652    19     5     5  1352   113
 284 2269.0795  887.7045    13     4     4   826   356
 285 2106.7617  888.4322    19     5     5  1378    73
 286 2257.6099  888.6978    13     4     4   832   422
 287 2094.8201  889.3874    18     5     5  1353    33
 288 2246.1445  889.7038    13     4     4   861   324
 289 2082.8650  890.3650    18     5     5  1374    47
 290 2234.5957  890.7201    12     4     4   809   320
 291 2070.7988  891.3028    19     5     5  1442    21
 292 2223.1144  891.7542    13     4     4   886   269
 293 2058.6815  892.3108    19     5     5  1468    19
 294 2211.4631  892.7049    14     5     4   944   258
 295 2046.6004  893.2803    20     5     5  1528    20
 296 2199.8911  893.6697    15     4     4  1021   189
 297 2034.4938  894.2313    19     5     5  1430     3
 298 2188.1975  894.7384    13     4     4   931   231
 299 2022.3693  895.2159    14     4     4   876    -1
 300 2176.4653  895.7153    15     5     4  1038   207
 301 2164.8344  896.7251    16     4     5  1111   210
 302 2153.0529  897.7059    15     4     5  1090    -1
 303 2290.4851  898.5746     9     3     3   517   366
 304 2141.2820  898.7297    15     5     5  1094   388
 305 2279.3158  899.4803    11     4     3   702   316
 306 2129.4153  899.6638    17     5     5  1204   390
 307 2267.7331  900.5920    12     4     4   763   275
 308 2117.5510  900.6403    19     5     5  1342    95
 309 2256.3857  901.5000    11     4     3   725   321
 310 2105.7126  901.5911    19     5     5  1378    58
 311 2244.8684  902.5421    13     4     4   840   386
 312 2093.7746  902.5804    19     5     5  1398    67
 313 2081.8383  903.5809    19     5     5  1420    32
 314 2233.3878  903.5829    12     4     4   805   358
 315 2069.8569  904.5343    19     5     5  1446    24
 316 2221.8524  904.5969    13     4     4   877   267
 317 2057.7442  905.5423    19     5     5  1470    23
 318 2210.2884  905.6452    13     4     4   891   208
 319 2045.6259  906.5056    19     5     5  1482     7
 320 2198.7041  906.5898    14     4     4   945   163
 321 2033.5726  907.5043    18     5     5  1368   379
 322 2187.0068  907.6293    15     4     5  1044   205
 323 2021.4688  908.3937    14     4     5   860   166
 324 2175.2986  908.6945    15     5     5  1043   270
 325 2163.7450  909.6510    17     4     5  1148   198
 326 2151.9896  910.6573    15     4     5  1087    -1
 327 2289.2742  911.3710     8     3     3   462   402
 328 2140.1870  911.7435    15     4     5  1095   204
 329 2277.8235  912.3118    13     4     4   820   378
 330 2128.3927  912.7147    16     5     5  1154    87
 331 2266.4753  913.4259    10     3     4   662   328
 332 2116.4974  913.6628    19     5     5  1337    96
 333 2255.1364  914.3610    12     4     4   787   300
 334 2104.6718  914.6551    19     5     5  1369    -1
 335 2243.6244  915.4171    13     4     4   843   285
 336 2092.7902  915.6942    19     5     5  1398    56
 337 2232.2000  916.3905    13     4     4   860   244
 338 2080.8435  916.6739    18     5     5  1360    40
 339 2220.6284  917.4128    13     4     4   868   307
 340 2068.8394  917.7101    19     5     5  1445    70
 341 2209.0959  918.3816    13     4     4   895   248
 342 2056.8140  918.7016    19     5     5  1466    11
 343 2197.5244  919.4228    15     5     5   996    -1
 344 2044.7230  919.7193    19     5     5  1488     9
 345 2185.8957  920.4604    15     4     5  1028   221
 346 2032.6627  920.7299    19     5     5  1411    14
 347 2174.2554  921.5504    14     4     5   978    -1
 348 2020.4876  921.8106    12     4     4   761    -1
 349 2162.6294  922.5000    16     5     5  1086   132
 350 2150.9307  923.5542    16     4     5  1132   149
 351 2287.7833  923.8000    10     4     4   560   364
 352 2139.1158  924.6384    16     4     5  1154   112
 353 2276.5602  925.0301    12     4     4   766   329
 354 2127.3023  925.6638    15     5     5  1104   146
 355 2265.3478  926.0326    12     4     4   784   311
 356 2115.4844  926.6688    19     5     5  1335    88
 357 2253.7770  927.0822    13     4     4   863   297
 358 2103.6550  927.6598    19     5     5  1363    76
 359 2242.3971  928.1127    13     4     4   854   278
 360 2091.8080  928.6719    19     5     5  1398    62
 361 2230.9000  929.1542    14     4     4   940   262
 362 2079.8685  929.7435    18     5     5  1364    45
 363 2219.4558  930.1903    14     5     4   926   239
 364 2067.9103  930.7454    18     5     5  1385     8
 365 2207.8518  931.2036    13     4     4   903   240
 366 2055.8540  931.7940    19     5     5  1450    17
 367 2196.3911  932.2218    14     5     4   948   212
 368 2043.8152  932.7889    19     5     5  1483     1
 369 2184.7832  933.2343    13     4     4   936   352
 370 2031.7774  933.8333    19     5     5  1415    15
 371 2173.0902  934.2705    15     4     4  1055   155
 372 2019.6163  934.7907    12     4     4   772    -1
 373 2161.5304  935.3074    15     5     4  1046   152
 374 2149.8589  936.3589    15     4     5  1076   154
 375 2286.5167  936.6167     8     3     3   460   398
 376 2138.0380  937.4775    16     4     5  1155   120
 377 2275.3903  937.5839    13     4     4   805   298
 378 2126.2486  938.5452    18     5     5  1254    61
 379 2263.9819  938.6867    13     4     4   816   295
 380 2114.4817  939.5444    18     5     5  1283    82
 381 2252.5958  939.7754    12     4     4   767   326
 382 2102.6916  940.5663    19     5     5  1357    22
 383 2241.2024  940.8610    13     4     4   855   322
 384 2090.8636  941.6189    18     5     5  1329    30
 385 2229.7207  941.9366    14     4     4   913   280
 386 2078.9207  942.6784    17     4     5  1304    28
 387 2218.2500  942.9871    13     4     4   882   284
 388 2066.9528  943.7474    17     4     5  1327    -1
 389 2206.7097  944.0242    14     4     4   948   265
 390 2054.9456  944.7661    17     4     5  1346    10
 391 2195.1877  945.0093    15     4     4  1019   191
 392 2042.9260  945.8156    17     4     5  1357     4
 393 2183.6703  946.0942    15     5     4  1026   226
 394 2030.9235  946.8703    16     4     5  1251    -1
 395 2171.9658  947.0896    15     4     4  1057   190
 396 2018.8315  947.8708    15     4     4   928    -1
 397 2160.3922  948.1078    16     5     4  1106    -1
 398 2148.7795  949.1646    13     4     4   972   159
 399 2285.2895  949.3947     8     3     3   457   365
 400 2136.9956  950.2168    14     4     4  1039   119
 401 2274.1338  950.3662    11     4     4   692   331
 402 2125.2029  951.2743    18     5     5  1250    90
 403 2262.7244  951.5064    12     4     4   756   393
 404 2113.5334  952.3607    16     5     5  1159    99
 405 2251.4024  952.4817    11     4     3   714   308
 406 2101.7103  953.3487    18     5     5  1290    25
 407 2239.9581  953.5447    12     4     3   779   383
 408 2089.8747  954.4367    17     4     5  1261    35
 409 2228.5054  954.6087    11     4     4   734   309
 410 2077.9508  955.5394    17     4     5  1307    26
 411 2217.1136  955.6909    13     4     4   870   264
 412 2065.9749  956.6444    17     4     5  1328     6
 413 2205.5415  956.7074    12     4     4   817   282
 414 2054.0000  957.7429    17     4     5  1340    13
 415 2194.0448  957.8396    14     4     4   968   243
 416 2041.9822  958.7787    17     4     5  1356     2
 417 2182.4706  958.9118    14     5     4   972   227
 418 2029.9966  959.8423    16     4     5  1247   381
 419 2170.8893  959.9933    14     4     4   998   157
 420 2018.0517  960.8908    14     4     4   874   126
 421 2159.2532  961.0032    15     4     4  1066   164
 422 2147.6780  962.0786    15     5     4  1087   127
 423 2272.5833  962.7083     9     3     4   498   371
 424 2135.9641  963.1050    15     4     4  1112    -1
 425 2261.4512  963.9756    10     3     4   582   362
 426 2124.1622  964.1515    16     5     4  1173    79
 427 2250.1850  965.0906    12     4     4   727   340
 428 2112.4974  965.1877    17     5     4  1231    71
 429 2238.6600  966.0543    13     4     4   825   302
 430 2100.7242  966.1753    14     5     4  1088    49
 431 2227.2554  967.2283    13     4     4   834   294
 432 2088.8885  967.3010    15     4     5  1167    29
 433 2215.8255  968.3160    13     4     4   862    -1
 434 2076.9773  968.3963    16     4     5  1263    46
 435 2204.3762  969.3571    12     4     4   810   257
 436 2065.0086  969.4936    16     4     5  1266     5
 437 2192.8447  970.4021    14     4     4   935   230
 438 2053.0248  970.5950    16     4     5  1284    12
 439 2181.3319  971.5431    14     4     5   932   217
 440 2041.0339  971.7191    18     5     5  1402     0
 441 2169.7490  972.5735    13     4     4   895   201
 442 2029.0888  972.7593    16     4     5  1228   380
 443 2158.1700  973.7593    13     4     4   947   168
 444 2017.1557  973.7678    13     4     4   833    -1
 445 2146.5064  974.8505    17     5     4  1161   125
 446 2134.9088  975.8971    15     4     4  1090   137
 447 2123.1361  976.9259    15     4     4  1121   102
 448 2111.4000  977.9868    17     5     4  1230    50
 449 2099.7067  979.0504    15     5     4  1137    59
 450 2087.8937  980.0773    15     4     4  1164    43
 451 2075.9680  981.1305    15     4     4  1156    48
 452 2064.0315  982.1959    15     4     4  1115    34
 453 2052.0769  983.2885    15     4     5  1062    27
 454 2040.1217  984.4401    16     4     5  1067    69
 455 2028.1854  985.5506    13     4     5   828   139
 456 2016.8125  986.2500     8     3     3   416   409
 457 2048.2647  997.7521    27    13     4  1469   323
 458 2033.0833  999.0000    12     6     3   624    -1
