493
   0 1912.9631  734.5604     9     4     3   599   407
   1 1942.9456  735.5939   128    31     7  7540   249
   2 1693.9667  740.8000    10     5     3   530    -1
   3 1725.1044  746.3489    11     4     4   775   403
   4 1972.7234  750.2766    13     4     4   744   409
   5 1960.1991  751.0959    16     5     4  1139    -1
   6 1686.1013  751.5179   223    45    15 14117    -1
   7 1947.8390  751.9247    18     5     5  1484    -1
   8 1935.1410  752.7693    22     5     5  1813   387
   9 1922.6580  753.5756    21     5     5  1949    -1
  10 1909.9885  754.4312    23     6     5  2153    -1
  11 1897.3134  755.2472    22     5     5  2156   340
  12 1884.5892  756.0928    23     5     6  2238   376
  13 1871.8291  756.8481    23     6     6  2259   442
  14 1859.0230  757.6706    24     6     5  2372   302
  15 1846.2002  758.5359    23     6     5  2374    -1
  16 1833.2884  759.4449    22     5     5  2371    -1
  17 1820.3302  760.3388    24     5     5  2484   268
  18 1807.3525  761.1464    24     5     6  2515   326
  19 1794.3399  761.9364    24     5     6  2568    -1
  20 1781.2958  762.7194    25     6     6  2690   220
  21 1768.1547  763.5823    24     6     5  2706   191
  22 1980.9561  763.6754    19     2    11  1007    -1
  23 1971.9507  763.9824    14     4     4   984   405
  24 1754.9594  764.4869    25     6     5  2778   447
  25 1959.5350  764.9027    20     5     5  1658    -1
  26 1741.7100  765.4029    24     6     5  2776   176
  27 1947.0597  765.6945    22     6     5  1979   443
  28 1728.5310  766.2753    24     5     6  2780   432
  29 1934.4990  766.5818    22     5     5  2053   462
  30 1715.2442  767.0932    26     6     6  2711    -1
  31 1921.9398  767.4804    23     6     5  2121   368
  32 1701.8957  767.8678    24     6     6  2456   166
  33 1909.2722  768.3372    22     5     5  2101   452
  34 1688.5793  768.6946    22     5     5  2323   342
  35 1896.6454  769.2181    22     5     5  2118   385
  36 1675.2405  769.6327    22     5     5  2102   356
  37 1883.9629  770.0271    23     6     6  2146    -1
  38 1661.8724  770.6646    19     5     5  1436   304
  39 1871.2400  770.8748    23     5     6  2204    -1
  40 1858.4485  771.7138    22     5     5  2246   438
  41 1845.6093  772.5902    23     5     5  2348   322
  42 1832.7177  773.4785    22     5     5  2308    -1
  43 1819.7858  774.4093    23     6     5  2385   424
  44 1806.8191  775.3116    25     6     6  2513   450
  45 1793.8310  776.0921    26     6     6  2587    -1
  46 1780.7857  776.8820    24     6     6  2530   420
  47 1767.7031  777.7238    25     5     6  2653   226
  48 1971.0543  777.9070    13     4     4   908   401
  49 1754.5660  778.5904    23     5     5  2665   431
  50 1958.7887  778.7106    19     5     5  1629    -1
  51 1741.3941  779.5153    23     5     5  2718   160
  52 1946.2698  779.5651    22     5     5  2021   360
  53 1728.1941  780.4322    25     6     5  2783   397
  54 1933.8058  780.4810    22     5     5  2045    -1
  55 1714.8604  781.3543    25     6     6  2815   433
  56 1921.2023  781.3583    20     5     5  1974   339
  57 1701.5788  782.2094    24     5     6  2824   114
  58 1908.6185  782.2414    22     5     5  2113   331
  59 1688.2977  782.9941    26     6     6  2921    70
  60 1896.0087  783.1146    23     6     6  2123   382
  61 1674.9375  783.8131    25     6     6  2665   416
  62 1883.3185  783.9928    23     5     6  2197   296
  63 1661.6506  784.6810    22     5     5  1890   202
  64 1870.6006  784.7927    21     5     5  2133   293
  65 1857.8324  785.6746    22     6     5  2228   358
  66 1845.0163  786.5730    23     6     5  2314   246
  67 1832.1821  787.4794    23     6     5  2361   236
  68 1819.2751  788.4216    23     5     5  2413   460
  69 1806.3366  789.3272    23     5     5  2429   377
  70 1793.3633  790.1959    23     5     6  2452   177
  71 1780.3653  791.0119    23     5     6  2494   234
  72 1970.2761  791.6351    16     5     5  1059   400
  73 1767.3255  791.8286    24     5     6  2621   353
  74 1957.9731  792.4701    18     4     5  1570   372
  75 1754.2003  792.6843    25     6     6  2715   121
  76 1945.5656  793.3698    22     5     5  2014   348
  77 1740.9970  793.6044    25     6     5  2763   144
  78 1933.0623  794.2773    22     6     5  2007   359
  79 1727.7677  794.5323    25     6     5  2800    99
  80 1920.4989  795.1614    21     5     5  1998   332
  81 1714.5470  795.4682    23     5     5  2787   123
  82 1907.9611  796.0508    21     6     6  1976   323
  83 1701.3266  796.4099    25     6     5  2859    78
  84 1895.3478  796.9438    22     5     6  2105   328
  85 1978.9932  797.2738    82     4    57  4321   384
  86 1687.9589  797.2968    25     6     6  2869   117
  87 1882.7029  797.7986    21     5     5  2095   308
  88 1674.6338  798.1773    24     5     6  2672   374
  89 1869.9495  798.6899    23     6     5  2240   271
  90 1661.2716  799.0203    21     5     6  1790   218
  91 1857.2429  799.6040    22     5     5  2263   281
  92 1844.4570  800.5227    22     5     5  2333   244
  93 1831.6368  801.4586    22     5     5  2357   233
  94 1818.7324  802.3953    22     5     5  2361   253
  95 1805.8221  803.3022    24     6     5  2479   196
  96 1792.8815  804.1954    25     6     6  2550   172
  97 1779.8917  805.0361    26     6     6  2643   180
  98 1969.7479  805.1261    13     4     4   888   398
  99 1766.8251  805.8723    23     6     6  2528   131
 100 1957.1864  806.1432    19     5     5  1575   370
 101 1753.7314  806.7683    25     6     6  2685   113
 102 1944.8455  807.0645    20     5     5  1822   349
 103 1740.6114  807.6488    24     5     5  2726   109
 104 1932.3069  807.9989    21     5     6  1920   367
 105 1727.4644  808.5918    22     5     5  2701    -1
 106 1919.8177  808.8745    21     5     5  1966   327
 107 1714.2781  809.5250    23     6     5  2750    51
 108 1907.2820  809.8224    22     5     5  2077   301
 109 1700.9747  810.4706    25     6     5  2849    67
 110 1894.7037  810.7211    21     5     5  2081   324
 111 1687.6319  811.4245    22     5     5  2768   415
 112 1882.0309  811.6152    23     6     5  2218   277
 113 1674.4340  812.3727    23     5     5  2619    -1
 114 1869.3472  812.5646    22     5     5  2245   269
 115 1661.0651  813.2530    18     4     5  1645   206
 116 1856.6582  813.4941    22     5     5  2288   284
 117 1843.8572  814.4486    23     6     5  2337   227
 118 1831.0830  815.3613    22     6     5  2311   223
 119 1818.2298  816.2969    24     6     5  2436   188
 120 1805.3257  817.2287    23     5     6  2418   183
 121 1792.4101  818.1070    24     5     6  2523   161
 122 1779.4496  818.9923    24     5     6  2569   217
 123 1968.8423  819.0231    15     4     4  1010    -1
 124 1766.4164  819.8860    25     5     6  2662   106
 125 1956.4901  819.8941    20     5     5  1609   366
 126 1944.0772  820.7399    22     6     5  1942   330
 127 1753.3763  820.7529    24     5     6  2655    90
 128 1740.2852  821.6554    23     6     5  2649    82
 129 1931.6555  821.7007    21     5     5  1957   299
 130 1919.1132  822.5988    21     5     5  1991   369
 131 1727.1162  822.6123    24     6     5  2740    33
 132 1906.6114  823.5572    21     5     5  2064   303
 133 1713.8670  823.5671    25     6     5  2814    47
 134 1894.0126  824.4923    22     6     5  2134   251
 135 1700.6345  824.5036    23     5     5  2800    44
 136 1881.3785  825.4469    22     5     5  2211   274
 137 1687.4311  825.4727    23     5     5  2833    -1
 138 1674.1794  826.4059    24     6     5  2635    -1
 139 1868.7393  826.4075    22     5     5  2224   265
 140 1856.0669  827.3370    22     6     5  2229   205
 141 1660.8553  827.3642    21     5     5  1838   147
 142 1843.3000  828.2675    22     5     5  2270   314
 143 1830.5041  829.2291    22     5     5  2311   204
 144 1817.6843  830.1297    24     5     6  2426   389
 145 1804.8100  831.0390    26     6     6  2545   158
 146 1791.9357  831.9246    24     6     6  2467   143
 147 1968.0077  832.6038    16     4     5  1060   381
 148 1778.9802  832.8685    25     6     6  2566   350
 149 1955.7748  833.4528    20     5     5  1615   365
 150 1765.9723  833.7602    25     6     6  2622   179
 151 1976.7619  833.8333    23     2    16  1192   457
 152 1943.3176  834.3614    21     5     5  1916   335
 153 1752.9360  834.7000    24     6     5  2615    81
 154 1930.9009  835.3422    21     5     5  1918   288
 155 1739.8456  835.6541    23     6     5  2617   337
 156 1918.3946  836.2783    21     5     5  1970   364
 157 1726.7145  836.5952    25     6     5  2784    30
 158 1905.9220  837.2470    22     6     5  2029   319
 159 1713.5389  837.5586    23     5     5  2770    24
 160 1893.3342  838.2083    21     5     5  2051   245
 161 1700.3842  838.5115    22     5     5  2749    23
 162 1880.7567  839.1412    22     5     5  2109   310
 163 1687.1593  839.4951    25     6     5  2870    80
 164 1868.1356  840.1365    21     6     5  2079   252
 165 1673.8487  840.4616    24     6     5  2634   449
 166 1855.4361  841.0529    23     5     6  2246   461
 167 1660.5390  841.4086    21     5     5  1871   100
 168 1842.7362  841.9618    22     5     6  2226   209
 169 1829.9792  842.9167    23     6     6  2302   190
 170 1817.2087  843.8673    24     6     6  2398   159
 171 1804.3780  844.7992    22     5     5  2370   391
 172 1791.4697  845.7511    22     5     5  2422   105
 173 1967.2119  845.9958    14     4     4   936   399
 174 1778.5474  846.6889    22     5     5  2471   355
 175 1954.9565  846.9867    16     4     4  1363   362
 176 1765.5643  847.6426    22     5     5  2531   136
 177 1942.6449  847.9676    20     5     5  1787   344
 178 1752.5441  848.6214    22     5     5  2575    79
 179 1930.1650  848.9429    20     5     5  1815   351
 180 1739.4857  849.6004    22     5     5  2634    92
 181 1917.7497  849.8705    21     5     5  1919   320
 182 1726.4045  850.5522    22     5     5  2671    63
 183 1905.2184  850.8980    21     5     5  1952   297
 184 1713.2809  851.5242    23     6     5  2720     8
 185 1892.7188  851.8117    21     5     5  2019   318
 186 1700.0732  852.4885    25     6     5  2820    18
 187 1880.1292  852.7674    23     6     5  2156   256
 188 1686.7891  853.4895    25     6     5  2862    11
 189 1867.5220  853.7516    22     5     5  2193   242
 190 1673.6018  854.4531    22     5     5  2593   459
 191 1854.8318  854.7020    22     6     5  2209   215
 192 1660.3144  855.3418    19     5     5  1715    87
 193 1842.2095  855.6526    22     5     5  2253   182
 194 1829.4565  856.6412    22     5     5  2318   174
 195 1816.6717  857.6182    22     5     5  2335   163
 196 1803.8267  858.6030    23     6     5  2402   126
 197 1966.5000  859.4863    15     5     5   969   451
 198 1790.9735  859.5748    23     6     5  2434   110
 199 1954.1469  860.4835    19     5     5  1556   357
 200 1778.0915  860.5379    24     6     5  2544    94
 201 1941.8998  861.4879    20     5     5  1828   334
 202 1765.1655  861.5273    24     6     5  2593    74
 203 1929.4740  862.4548    21     5     5  1934   347
 204 1752.1697  862.4951    23     6     5  2573    57
 205 1917.0507  863.4532    21     6     5  1947   254
 206 1739.1262  863.4925    25     6     5  2708   411
 207 1904.5844  864.4464    22     5     5  2071   282
 208 1726.0230  864.4740    25     6     5  2751     7
 209 1892.0455  865.4417    21     6     5  2027   309
 210 1712.8824  865.4696    25     6     5  2798    16
 211 1879.4790  866.4274    22     5     5  2147   436
 212 1699.7026  866.4704    23     6     5  2739   440
 213 1866.9059  867.4253    23     6     5  2207   232
 214 1686.5412  867.4327    22     5     5  2750    -1
 215 1854.2669  868.3799    22     5     5  2224   380
 216 1673.4030  868.4093    22     5     5  2512   455
 217 1660.1383  869.3610    18     5     5  1605   419
 218 1841.6207  869.4000    22     5     5  2260   195
 219 1828.8983  870.4103    24     6     5  2360   178
 220 1816.1761  871.2853    21     6     5  2177   148
 221 1803.3523  872.3701    21     5     5  2289   295
 222 1965.7934  873.0455    15     4     4   992   378
 223 1790.5053  873.3817    22     5     5  2427   115
 224 1953.4739  874.0026    18     5     4  1475   354
 225 1777.6065  874.3832    22     5     5  2461    -1
 226 1941.1261  874.9592    20     5     5  1773   333
 227 1764.6738  875.3702    22     5     5  2487   112
 228 1974.3333  875.8889    17     3    13   886   408
 229 1928.8120  875.9365    19     5     5  1761   278
 230 1751.7068  876.3727    22     5     5  2522    56
 231 1916.3626  876.9846    20     5     5  1844   393
 232 1738.6840  877.3700    22     5     5  2562   441
 233 1903.9146  877.9676    19     5     5  1799   294
 234 1815.8226  878.2995    27     6     6  2562   185
 235 1725.6341  878.3665    22     5     5  2606   138
 236 1891.3800  878.9833    20     5     5  1900   453
 237 1712.5463  879.3554    22     5     5  2656    15
 238 1878.8704  879.9579    22     6     6  2026   248
 239 1699.4675  880.3567    22     5     5  2670   270
 240 1866.3082  880.9841    20     5     5  1975   241
 241 1686.3067  881.3424    25     6     5  2792    42
 242 1853.7130  881.9492    22     5     6  2133   212
 243 1673.1506  882.3204    22     6     5  2431   444
 244 1841.0728  882.9921    21     6     6  2066   390
 245 1659.9542  883.2489    19     5     5  1659   417
 246 1828.3839  883.9729    22     5     6  2151   186
 247 1821.3188  884.5509    14     5     4  1329   338
 248 1815.5775  885.0514    20     5     5  2032   187
 249 1802.8803  885.9577    23     6     6  2286   184
 250 1964.8586  886.1751    14     4     4   937   373
 251 1790.0647  887.0309    24     6     6  2383   132
 252 1952.8427  887.2996    20     5     5  1569   341
 253 1777.2101  888.0623    23     6     6  2402    89
 254 1940.4335  888.3186    21     5     5  1877   325
 255 1764.3051  889.0633    22     5     6  2403   122
 256 1928.0900  889.3590    21     6     5  1894   258
 257 1751.3396  890.0522    23     5     6  2490    37
 258 1915.6875  890.4211    22     5     5  2012   247
 259 1738.3587  891.0739    24     5     6  2594    27
 260 1903.1983  891.4052    21     5     5  1978   290
 261 1725.3460  892.0784    23     5     6  2566    61
 262 1890.8051  892.4824    21     5     5  2017    -1
 263 1712.2729  893.1053    24     6     6  2644    10
 264 1878.2303  893.4734    22     5     5  2116   396
 265 1699.1710  894.1030    24     6     6  2656    20
 266 1865.7353  894.4981    22     5     5  2154   225
 267 1686.0158  895.1042    25     6     6  2733     3
 268 1853.1237  895.5019    22     6     5  2171   199
 269 1672.8310  896.1128    25     6     6  2549   439
 270 1840.4982  896.5305    22     5     5  2213   201
 271 1659.6617  897.0579    20     5     5  1674    -1
 272 1827.8312  897.5743    22     6     5  2217   167
 273 1815.1418  898.5632    23     6     5  2289   149
 274 1802.3821  899.5860    22     5     5  2321   133
 275 1964.1121  899.8405    14     4     5   932   388
 276 1789.5972  900.6034    22     5     5  2376   111
 277 1951.9558  900.7582    17     4     5  1427   371
 278 1776.7515  901.6289    23     5     5  2446    88
 279 1939.7676  901.7567    19     5     5  1776   321
 280 1763.8530  902.6587    22     6     5  2423    50
 281 1927.3800  902.8109    21     5     5  1883   307
 282 1750.9359  903.6635    24     6     5  2558    29
 283 1915.0054  903.8414    20     6     5  1829   287
 284 1737.9708  904.6816    24     6     5  2604     1
 285 1902.6132  904.8655    20     5     5  1892   285
 286 1724.9715  905.7024    24     6     5  2623     5
 287 1890.1185  905.9300    20     5     5  1886   272
 288 1711.9146  906.7150    23     6     5  2578     0
 289 1877.6528  906.9295    21     5     5  1986   237
 290 1698.8363  907.7335    22     6     5  2539    14
 291 1865.1106  907.9745    20     6     5  1940   235
 292 1685.7239  908.7815    24     6     6  2674    -1
 293 1852.5505  909.0136    21     5     6  2041   210
 294 1672.6245  909.8072    23     5     6  2475    -1
 295 1839.9493  910.0386    22     6     6  2097   306
 296 1659.4926  910.8952    19     5     5  1623    -1
 297 1827.2697  911.1407    22     5     6  2177   181
 298 1814.5971  912.1278    21     5     5  2173   150
 299 1963.4442  912.9930    14     5     4   915   386
 300 1801.8912  913.2106    24     6     5  2330   170
 301 1972.0822  913.8099    87     5    64  4563   395
 302 1951.2059  914.0383    17     5     4  1411   448
 303 1789.1517  914.2447    22     6     5  2283   101
 304 1939.0342  915.0224    20     6     5  1760   300
 305 1776.3111  915.3143    23     5     5  2410    85
 306 1926.7525  916.0396    20     5     5  1808   298
 307 1763.4699  916.3533    22     5     5  2463   130
 308 1914.3000  917.1503    19     5     5  1805   283
 309 1750.5554  917.3975    22     5     5  2525    36
 310 1901.9647  918.1902    20     6     5  1865   250
 311 1737.5969  918.4381    22     5     5  2555    26
 312 1889.4821  919.2624    22     5     5  2051   261
 313 1724.6121  919.4671    22     5     5  2590    76
 314 1877.0770  920.3283    22     6     5  2067   221
 315 1711.5890  920.4935    22     5     5  2628    17
 316 1864.5171  921.4239    22     5     5  2151   230
 317 1698.5574  921.5084    22     5     5  2651    19
 318 1851.9786  922.4620    23     6     5  2203   203
 319 1685.4683  922.5330    22     5     5  2676     9
 320 1839.3963  923.5018    22     5     5  2219   164
 321 1672.4017  923.5405    22     5     5  2483    -1
 322 1659.1232  924.5425    20     5     5  1682    -1
 323 1826.7750  924.5734    22     5     5  2231   175
 324 1814.1302  925.5874    22     5     5  2233   151
 325 1962.7832  926.1327    13     4     4   876   383
 326 1801.4300  926.6533    22     5     5  2300    -1
 327 1950.5454  927.1407    19     5     5  1501    -1
 328 1788.6873  927.7087    23     5     5  2362   103
 329 1938.2924  928.2715    19     5     5  1764   316
 330 1775.8686  928.7669    21     6     5  2249    65
 331 1926.0305  929.3778    22     6     5  1935   276
 332 1763.0634  929.8371    24     6     5  2446   102
 333 1913.6905  930.4846    22     5     5  2008   275
 334 1750.2144  930.8965    25     6     6  2521    45
 335 1901.2540  931.5503    22     5     5  2035   259
 336 1737.2759  932.0122    22     5     6  2412    13
 337 1888.8490  932.6358    21     6     5  2007   239
 338 1724.3070  933.0762    22     5     6  2452    69
 339 1876.4033  933.6994    22     5     5  2103   243
 340 1711.3036  934.1446    23     5     6  2540    28
 341 1863.8972  934.7655    21     6     5  2037   222
 342 1698.2660  935.2205    23     5     6  2556    43
 343 1851.3963  935.8679    22     5     5  2122   193
 344 1685.2078  936.2730    22     6     5  2527    31
 345 1838.8434  936.8748    21     6     5  2072   315
 346 1672.1495  937.3030    22     6     5  2364    -1
 347 1826.2602  938.0019    21     5     6  2080   165
 348 1659.0813  938.3528    19     4     5  1602    -1
 349 1813.6330  939.0777    21     5     5  2125   145
 350 1961.8728  939.1886    14     4     4   928   375
 351 1800.9640  940.1550    23     6     5  2234   435
 352 1949.8660  940.4037    18     5     5  1471   329
 353 1788.2209  941.2591    20     5     5  2150   116
 354 1937.6576  941.5542    21     5     5  1881   311
 355 1775.4333  942.3444    22     5     5  2360    93
 356 1925.3073  942.6492    22     5     5  1951   280
 357 1762.6236  943.4340    22     5     5  2419   142
 358 1912.9716  943.7719    21     6     5  1896   336
 359 1749.7673  944.4792    22     5     5  2443    52
 360 1900.6678  944.8424    20     5     5  1882   266
 361 1736.8646  945.5308    24     6     5  2563    34
 362 1888.2258  945.9562    20     5     5  1890   260
 363 1723.9495  946.5733    24     6     5  2577    54
 364 1875.8363  946.9817    18     5     4  1801   240
 365 1710.9640  947.6392    24     6     5  2601     6
 366 1863.3086  948.0931    21     5     5  2001   216
 367 1697.9542  948.6937    23     6     5  2570    77
 368 1850.8642  949.1451    21     5     5  2022   197
 369 1684.8919  949.7648    22     6     5  2501    12
 370 1838.2771  950.2629    20     5     5  2050   267
 371 1671.8650  950.8080    22     6     6  2311   414
 372 1825.7264  951.3832    22     5     5  2204   162
 373 1658.7950  951.9133    17     5     4  1467   421
 374 1813.1328  952.4483    22     6     5  2222   127
 375 1961.1195  952.5929    14     4     5   926   402
 376 1800.4690  953.5469    22     5     5  2294   157
 377 1949.0026  953.6839    17     4     5  1421   343
 378 1787.7779  954.6647    20     5     5  2184   119
 379 1936.9142  954.7516    20     5     5  1787   289
 380 1774.9945  955.7304    24     6     5  2389    98
 381 1924.6648  955.8727    19     5     5  1763   363
 382 1762.2738  956.8279    22     5     5  2329   108
 383 1912.3247  956.9886    20     5     5  1833   279
 384 1749.4189  957.9024    22     5     6  2370    66
 385 1900.0144  958.0096    19     6     4  1784   255
 386 1736.5357  959.0450    24     5     6  2488    58
 387 1887.6368  959.0984    21     5     5  1949   224
 388 1723.6044  960.1439    23     5     6  2481    48
 389 1875.2114  960.2429    19     5     5  1903   238
 390 1710.6495  961.2467    22     5     5  2478   410
 391 1862.7660  961.3920    22     5     5  2100   200
 392 1697.6343  962.3567    22     5     5  2545   104
 393 1850.2733  962.4721    22     5     5  2141   273
 394 1684.6134  963.4255    22     5     5  2590     4
 395 1837.7737  963.6020    22     5     5  2178   171
 396 1969.1286  963.7857    45     4    34  2355   312
 397 1671.5895  964.5045    22     5     5  2429    53
 398 1825.2268  964.7021    22     5     5  2169   156
 399 1658.5749  965.5277    21     5     5  1771   418
 400 1960.3836  965.7222    13     4     5   839   394
 401 1812.6485  965.7942    21     5     5  2141   173
 402 1948.2814  966.8441    18     5     5  1426   346
 403 1799.9856  966.9175    22     6     5  2173   422
 404 1936.1640  967.9147    20     5     5  1762   305
 405 1787.3096  968.0603    22     5     6  2203   412
 406 1923.9897  968.9845    19     6     4  1726   286
 407 1774.5933  969.1361    22     5     5  2290   118
 408 1911.7113  970.0221    20     5     5  1814   257
 409 1761.8509  970.2734    24     6     5  2431   120
 410 1899.3493  971.1758    19     5     5  1826   262
 411 1749.0601  971.3759    22     6     5  2373    91
 412 1887.0362  972.3149    22     6     5  1997   219
 413 1736.2194  972.4540    23     6     5  2497    59
 414 1874.6265  973.4858    21     5     5  2038   198
 415 1723.3418  973.5376    22     5     5  2510    39
 416 1862.1781  974.5696    22     5     5  2091   192
 417 1710.4043  974.6295    22     5     5  2521    49
 418 1697.4322  975.7152    22     5     5  2531    25
 419 1849.7552  975.7208    19     5     5  1969   425
 420 1684.4287  976.8252    23     5     6  2552     2
 421 1837.2075  976.8678    21     5     5  2045    -1
 422 1824.7323  977.9487    21     5     5  2053   413
 423 1671.4169  977.9761    21     5     6  2241    68
 424 1959.6789  978.7316    14     4     4   890   379
 425 1658.3125  979.0757    17     5     4  1458   140
 426 1812.1514  979.1134    20     5     5  2027   194
 427 1947.6505  979.9110    17     5     4  1395   352
 428 1799.5248  980.2230    22     5     5  2230   153
 429 1935.5226  980.9741    18     5     4  1653   317
 430 1786.8854  981.3954    23     6     5  2297   135
 431 1923.2593  982.0429    18     5     4  1681   291
 432 1774.1933  982.4753    22     5     5  2316   139
 433 1911.0374  983.1362    20     5     5  1789   264
 434 1761.4670  983.5714    22     5     5  2402   124
 435 1898.7666  984.3204    22     5     5  1974   229
 436 1748.6837  984.6845    23     5     5  2440    75
 437 1886.3729  985.4850    21     5     5  1986   214
 438 1735.8309  985.8054    21     6     5  2301    71
 439 1874.0129  986.6562    22     6     5  2028   213
 440 1722.9741  986.9453    23     6     6  2403    64
 441 1861.6390  987.8122    20     5     5  1964   426
 442 1710.1011  988.1423    22     6     6  2386    40
 443 1849.1628  988.9679    20     5     5  1949   430
 444 1697.1754  989.2472    21     6     5  2387    35
 445 1836.7281  990.0468    20     5     5  1982    -1
 446 1684.1893  990.3583    23     6     5  2547    22
 447 1824.2018  991.2038    20     5     5  2033   208
 448 1671.2097  991.4297    21     5     5  2259    62
 449 1958.7642  991.6509    11     4     4   603   404
 450 1811.6679  992.3702    22     5     5  2202   168
 451 1658.0303  992.5000    18     4     5  1528   129
 452 1947.0131  992.8296    15     4     4  1017   392
 453 1799.0732  993.4928    22     6     5  2213   146
 454 1934.8540  993.9646    16     5     4  1252   361
 455 1786.4473  994.6238    22     5     5  2295   141
 456 1922.6273  995.0112    17     5     4  1384   345
 457 1773.7699  995.7801    20     5     5  2178   137
 458 1910.3154  996.1395    19     5     5  1638   313
 459 1761.0700  996.9283    22     6     5  2265   107
 460 1898.0744  997.3659    19     5     5  1763   292
 461 1748.2796  998.0979    22     5     6  2316    97
 462 1885.7511  998.5282    21     5     5  1938   263
 463 1735.5008  999.2509    22     5     5  2425    95
 464 1873.4107  999.7338    22     5     5  2041   228
 465 1722.6445 1000.3988    22     5     5  2463    86
 466 1861.0093 1000.9164    21     6     5  1965   231
 467 1709.7391 1001.5158    22     5     5  2493    41
 468 1848.6420 1002.0093    20     5     5  1972   211
 469 1696.8207 1002.6095    24     6     5  2597    32
 470 1836.1847 1003.1808    20     5     5  2015   207
 471 1683.8678 1003.7105    22     6     5  2511    21
 472 1823.6696 1004.3669    22     5     5  2167   169
 473 1670.8988 1004.8316    21     6     5  2211    55
 474 1811.1560 1005.5038    22     5     5  2164   152
 475 1657.9700 1005.9300    17     5     4  1450    84
 476 1798.6149 1006.6777    21     5     5  2164   154
 477 1785.9517 1007.8467    22     6     5  2176   155
 478 1773.3275 1009.0040    21     5     6  2163   128
 479 1929.3673 1009.4166   101    29     9  5841   125
 480 1760.6439 1010.1789    22     5     5  2302    73
 481 1747.9343 1011.3433    24     6     5  2432    83
 482 1735.1495 1012.4486    24     6     5  2484    60
 483 1722.3575 1013.5601    22     5     5  2398    38
 484 1903.0586 1014.5901     6     2     3   411   406
 485 1709.5017 1014.7313    22     5     5  2293    46
 486 1696.5876 1015.8609    20     5     5  2039    72
 487 1683.6300 1016.9940    20     5     5  1923    96
 488 1670.6992 1018.1185    20     5     5  1713   134
 489 1657.7963 1019.1768    16     5     5  1097   189
 490 1913.1667 1022.1667     5     3     2   259   465
 491 1680.9123 1032.5666   170    43     8 10632    -1
 492 1688.6154 1039.5769    10     3     4   526    -1
