494
   0 1103.6899  511.1473    68    18     4  3658    -1
   1 1117.9000  518.8000     6     2     3   310    -1
   2 1111.0644  532.2556   302    25    24 17244    -1
   3 1125.3195  535.5677    32     3    23  1733    -1
   4 1132.0435  537.5000    37     4    13  1942    -1
   5 1127.3919  701.5961   325     9    83 16583    -1
   6 1142.8449  710.4421   310     9    74 15932    -1
   7 1135.9348  711.9957    87     5    68  4465    -1
   8 1138.5980  761.5294    13     3    10   752    -1
   9  888.6883  798.0816    12     4     4   839   399
  10  865.5237  799.8077    10     5     3   669    -1
  11 1187.0663  800.3876    24     6     5  2090    -1
  12 1172.2456  801.4454    27     6     6  3052    -1
  13 1157.3265  802.4108    28     6     6  3429    -1
  14 1142.3492  803.3732    28     6     6  3568   198
  15  846.0065  803.9670   158    33    14  9523   199
  16 1127.3470  804.3410    29     6     6  3771   127
  17 1112.3342  805.3668    29     6     6  3778   134
  18  863.4388  805.4796    11    10     2   697    -1
  19 1097.2465  806.3904    30     6     6  3808   146
  20 1082.1199  807.4268    28     6     6  3723   142
  21 1066.9747  808.4647    28     6     6  3694    -1
  22 1051.7828  809.4626    30     6     7  3664   416
  23 1036.4513  810.4946    29     7     7  3504   417
  24 1021.0728  811.5124    29     6     7  3620   114
  25 1005.7805  812.5614    30     6     6  3568   136
  26  990.2234  813.5958    30     6     6  3546   147
  27  974.8525  814.6064    30     6     6  3540   173
  28 1187.6745  815.2986    26     6     6  2601    -1
  29  959.1902  815.6336    29     6     6  3448   184
  30 1172.9916  816.3278    28     6     6  3833    -1
  31  943.6902  816.6964    30     6     6  3414   195
  32 1158.1788  817.3659    29     6     6  3919   405
  33  928.0157  817.6533    29     6     6  3426   226
  34 1143.2626  818.3950    29     6     6  3784   103
  35  912.2733  818.7434    30     6     6  3353   241
  36 1128.3080  819.4442    29     6     6  3690    67
  37  896.5824  819.8186    32     7     6  3383   321
  38 1113.2893  820.4798    29     6     6  3633    65
  39  880.7838  820.8058    30     6     6  3181   325
  40 1098.2430  821.5286    29     6     6  3617    86
  41  864.9654  821.8702    31     6     6  3052   383
  42 1083.1293  822.5365    28     6     6  3593   116
  43  849.1028  822.9965    30     6     6  2789   341
  44 1068.0170  823.5620    28     6     6  3611   144
  45  833.2253  824.1293    28     6     6  2452   362
  46 1052.8389  824.6152    29     6     6  3595   160
  47  817.3045  825.2025    25     6     6  1603   361
  48 1037.5776  825.7146    31     7     6  3572   163
  49 1022.2713  826.7055    30     6     6  3568   186
  50 1006.9143  827.7529    30     6     6  3619   193
  51  991.5094  828.8928    30     7     6  3524   202
  52  976.0600  829.9030    31     6     6  3632   224
  53 1188.5329  830.2769    25     5     6  2586   419
  54  960.5469  830.9647    30     7     6  3482   245
  55 1173.7685  831.2649    28     6     6  3769    -1
  56  944.9920  832.0254    32     6     6  3604   259
  57 1159.0145  832.3412    28     6     6  3913   243
  58  929.3829  833.0506    28     6     6  3296   276
  59 1144.1310  833.4170    28     6     6  3823   112
  60  913.7002  834.1103    30     6     6  3358   282
  61 1129.2038  834.4637    28     6     6  3713    40
  62  898.0135  835.2270    30     6     6  3317   299
  63 1114.2199  835.5103    28     6     6  3642    54
  64  882.2083  836.2612    29     6     6  3154   314
  65 1099.2230  836.5612    29     6     6  3674    82
  66  866.4129  837.3026    30     7     6  3096   330
  67 1084.1658  837.5979    29     6     6  3688    92
  68  850.6326  838.3879    30     7     6  3016   339
  69 1069.0587  838.6495    29     6     6  3698   205
  70  834.8221  839.4563    28     6     6  2797   360
  71 1053.8968  839.7182    29     6     6  3668   211
  72  818.8697  840.5341    25     6     5  1837   372
  73 1038.6485  840.8478    29     6     6  3592   218
  74 1023.4251  841.9291    28     6     6  3537   233
  75 1008.0831  842.9870    32     6     6  3785   246
  76  992.6675  844.0440    29     6     6  3575   262
  77 1189.4109  845.0421    26     5     6  2691    -1
  78  977.3222  845.1225    29     6     6  3503   283
  79 1174.5613  846.1433    28     6     6  3749    -1
  80  961.8319  846.2431    30     6     6  3540   271
  81 1159.8444  847.2469    29     6     6  3927    -1
  82  946.2603  847.2902    29     6     6  3361   423
  83 1145.0020  848.3488    28     6     6  3840    76
  84  930.7628  848.3624    29     6     6  3303   425
  85 1130.1253  849.4383    28     6     6  3767    60
  86  915.0530  849.4814    28     6     6  3230   305
  87 1115.1651  850.4856    27     6     6  3643    26
  88  899.3816  850.5042    30     7     6  3172   285
  89 1100.1937  851.5416    28     6     6  3633    74
  90  883.7539  851.5620    29     6     6  3112   307
  91 1085.1692  852.5946    29     6     6  3681    90
  92  867.9374  852.6276    30     6     6  3201   353
  93 1070.0853  853.6781    29     6     6  3707   101
  94  852.0886  853.7072    29     6     6  3110   334
  95 1054.9659  854.7724    29     6     6  3678   121
  96  836.3133  854.8529    30     6     6  3016   349
  97 1039.7301  855.9117    29     6     6  3636   140
  98  820.6095  855.9460    26     5     6  1939   394
  99 1024.5396  857.0012    28     6     6  3547   157
 100 1009.2920  858.0933    29     6     6  3589   169
 101  993.9250  859.2457    30     6     6  3627   174
 102 1190.2820  859.6842    23     5     6  2393    -1
 103  978.5318  860.2814    30     7     6  3449   196
 104 1175.4429  860.9296    26     5     6  3630    -1
 105  963.0574  861.4446    28     6     6  3422   207
 106 1160.6744  862.0577    28     6     6  3860    -1
 107  947.6299  862.4881    29     7     5  3297   231
 108 1145.8603  863.2031    29     6     6  3848    52
 109  932.0360  863.5214    29     6     6  3366   250
 110 1131.0231  864.3269    28     6     6  3780    44
 111  916.4406  864.6640    31     7     6  3300   265
 112 1116.1210  865.4388    28     6     6  3719    38
 113  900.8396  865.7233    29     6     6  3264   278
 114 1101.1632  866.5054    26     6     5  3539    48
 115  885.1368  866.8411    30     6     6  3309   298
 116 1086.1583  867.5553    28     6     6  3624    80
 117  869.4015  867.9809    30     7     6  3226   304
 118 1071.1313  868.6444    29     6     6  3693    95
 119  853.6294  869.0800    31     7     6  3212   308
 120 1056.0316  869.7517    29     6     6  3679   109
 121  837.8587  870.2474    30     6     6  3036   335
 122 1040.8428  870.9081    30     6     6  3688   130
 123  822.0749  871.4281    26     6     5  1954   350
 124 1025.6215  872.0353    28     6     6  3565   141
 125 1010.4223  873.1420    29     6     6  3534   162
 126  995.0979  874.3286    29     6     6  3579   170
 127 1191.0371  874.5546    25     6     5  2531    -1
 128  979.8034  875.4083    29     6     6  3457   176
 129 1176.2995  875.6433    28     6     6  3584    -1
 130  964.2946  876.5005    28     6     5  3299   201
 131 1161.5329  876.8112    27     6     6  3718   421
 132  948.9263  877.5525    28     6     6  3361   219
 133 1146.7176  877.9612    29     6     6  3835    94
 134  933.3521  878.7192    29     6     6  3302   234
 135 1131.9144  879.1301    30     6     6  3841    27
 136  917.8151  879.7987    30     6     6  3385   249
 137 1117.0571  880.2749    29     6     6  3778   401
 138  902.2385  880.9661    30     6     6  3343   263
 139 1102.1341  881.4102    29     6     6  3732    31
 140  886.5660  882.0779    30     7     6  3258   292
 141 1087.1388  882.5004    26     6     5  3526    59
 142  870.8854  883.2795    29     6     6  3173   290
 143 1072.1390  883.5509    28     6     6  3602    77
 144  855.0776  884.4215    29     6     6  3093   303
 145 1057.0688  884.6590    29     6     6  3658   104
 146  839.3291  885.4883    29     7     5  2907   338
 147 1041.9575  885.8151    30     6     6  3690   113
 148  823.6680  886.5620    23     5     5  1763   356
 149 1026.7356  886.9986    28     6     6  3552   135
 150 1011.5538  888.1333    28     6     6  3481   148
 151  996.2832  889.3114    29     6     6  3475   153
 152 1191.5835  889.3664    23     6     5  2348   395
 153 1177.1110  890.4569    27     6     6  3553   247
 154  980.9738  890.4777    28     6     6  3462   168
 155 1162.4425  891.5297    26     6     5  3491   402
 156  965.6290  891.5437    29     7     6  3326   192
 157  950.1611  892.6162    29     6     6  3412   214
 158 1147.5942  892.6366    28     6     6  3640   404
 159  934.6988  893.7962    29     6     6  3351   225
 160 1132.8052  893.8056    30     6     6  3797    -1
 161  919.2147  894.9596    30     6     6  3393   232
 162 1117.9752  894.9825    32     6     6  3940   438
 163  903.6310  896.1058    29     6     6  3251   251
 164 1103.1020  896.1979    29     6     6  3724    37
 165  888.0070  897.3118    30     6     6  3275   266
 166 1088.1562  897.3610    29     6     6  3681   345
 167  872.2756  898.4112    29     6     6  3072   281
 168 1073.1501  898.4853    26     6     5  3478   342
 169 1058.1187  899.5337    28     6     6  3566    87
 170  856.6584  899.5368    29     7     5  2997   315
 171  840.9444  900.6085    29     6     6  2980   320
 172 1043.0421  900.6779    28     6     6  3575   238
 173  825.2234  901.7644    27     6     6  2008   364
 174 1027.8797  901.8661    30     6     6  3644   102
 175 1012.6764  903.0585    28     6     6  3520   120
 176 1192.4773  903.7681    24     5     6  2431   328
 177  997.4635  904.2238    29     7     6  3423   397
 178 1177.8583  905.0690    27     6     6  3538   312
 179  982.1620  905.4373    29     6     6  3444   158
 180 1163.3031  906.2524    28     6     6  3690    22
 181  966.9017  906.5076    26     6     5  3274   183
 182 1148.5065  907.4082    26     5     6  3447   313
 183  951.4588  907.6730    31     7     6  3371   351
 184 1133.6954  908.5110    28     6     6  3575   317
 185  936.0340  908.7903    30     6     6  3429   221
 186 1118.9092  909.6420    29     6     6  3718   333
 187  920.5405  910.0027    30     7     6  3350   239
 188 1104.0573  910.8302    30     6     6  3768   327
 189  905.0167  911.2249    30     6     6  3325    -1
 190 1089.1601  912.0660    30     6     6  3742   336
 191  889.4042  912.3493    30     7     6  3139   436
 192 1074.2028  913.2826    29     6     6  3630   343
 193  873.8717  913.5006    28     6     5  3060   287
 194 1059.1678  914.4625    28     6     6  3531   424
 195  858.0867  914.5849    29     6     6  3110    -1
 196 1044.0958  915.5160    26     6     5  3430   347
 197  842.4446  915.8175    31     7     6  3049    -1
 198 1029.0079  916.6666    28     6     6  3495   352
 199  826.6928  916.9819    28     6     6  2064   354
 200 1013.8338  917.8976    30     6     6  3570   367
 201 1193.3995  918.4884    22     5     5  2224    66
 202  998.6225  919.1052    28     6     6  3416   374
 203 1178.6062  919.5483    26     6     6  3371    28
 204  983.3870  920.3066    28     6     6  3329   382
 205 1164.1353  920.7640    28     6     6  3703    21
 206  968.0622  921.4930    26     6     5  3294   390
 207 1149.4232  921.9848    28     6     6  3704    -1
 208  952.7742  922.5967    29     6     6  3332   435
 209 1134.5749  923.2508    28     6     6  3603    33
 210  937.3479  923.7848    29     6     6  3311    -1
 211 1119.8017  924.4408    27     6     6  3561    57
 212  921.8888  924.9947    32     6     6  3480    -1
 213 1104.9976  925.5067    26     6     5  3553   370
 214  906.3823  926.1849    29     6     6  3208    -1
 215 1090.1255  926.6841    29     6     6  3645    99
 216  890.8701  927.4327    29     6     6  3174    -1
 217 1075.2326  927.9223    28     6     6  3588   252
 218  875.1646  928.5207    27     6     5  2996   291
 219 1060.2480  929.1603    29     6     6  3593   260
 220  859.6287  929.7038    30     7     6  3070   427
 221 1045.1921  930.4025    29     6     6  3532   137
 222  843.9789  930.8615    31     6     6  3091   385
 223 1030.0986  931.5039    26     6     5  3343    -1
 224  828.3769  932.1738    27     6     6  2000    -1
 225 1014.9895  932.5654    27     6     6  3307   393
 226 1194.1111  932.8952    25     6     6  2366    88
 227  999.7854  933.9009    30     6     6  3483   180
 228 1179.4757  934.1982    26     5     6  3401    11
 229  984.5902  935.1421    28     6     6  3384    -1
 230 1164.9019  935.4164    28     6     6  3674     5
 231  969.3264  936.3675    28     6     6  3272   410
 232 1150.2847  936.5386    25     6     5  3428    23
 233  954.0134  937.4974    26     6     5  3246   220
 234 1135.4907  937.7077    26     5     6  3442    34
 235  938.6596  938.6724    28     6     6  3192    -1
 236 1120.6913  938.9790    28     6     6  3611    47
 237  923.2599  939.9036    30     6     6  3341   384
 238 1015.5865  940.1271    35     7     6  3957   117
 239 1105.9333  940.2445    28     6     6  3588    56
 240  907.7382  941.1441    30     6     6  3276   270
 241 1091.0963  941.4643    27     6     6  3535    64
 242  892.2226  942.3805    29     6     6  3141   279
 243 1076.2092  942.5483    27     6     6  3441   105
 244  876.7423  943.5201    28     6     5  2989   433
 245 1061.2918  943.7652    28     6     6  3504   106
 246  861.0659  944.6530    29     6     6  3090   324
 247 1046.3077  945.0210    28     6     6  3496   132
 248  845.4947  945.9274    30     7     6  3009   355
 249 1031.2717  946.2987    28     6     6  3362   138
 250 1022.8807  946.9809    16     5     5  1898   286
 251  829.8408  947.2182    26     6     6  1928   437
 252 1194.6741  947.3941    23     6     5  2264    55
 253 1016.0989  947.5047    26     6     5  3227   181
 254 1180.3403  948.5527    24     6     5  3154    16
 255 1000.9913  948.5922    28     6     6  3364   182
 256 1165.7174  949.7657    28     6     6  3617     6
 257  985.7726  949.8760    30     6     6  3492   177
 258 1151.1235  951.0757    30     6     6  3718    10
 259  970.5586  951.1316    29     7     6  3377   188
 260 1136.4575  952.3511    26     6     6  3396    19
 261  955.2592  952.3874    28     6     6  3256   200
 262 1121.6452  953.5000    25     6     5  3295    29
 263  939.9589  953.5095    26     6     5  3187   228
 264 1106.8875  954.6719    29     6     6  3602    63
 265  924.5641  954.7483    30     7     6  3248    -1
 266 1092.1010  955.9461    30     6     6  3623    75
 267  909.1603  955.9958    30     6     6  3293   274
 268 1077.2333  957.2548    29     6     6  3542    79
 269  893.6516  957.2567    29     6     6  3119   269
 270 1062.3012  958.4609    27     6     5  3347    97
 271  878.0981  958.4801    26     6     5  2957    -1
 272 1047.3480  959.6104    28     6     6  3348   119
 273  862.5816  959.6297    29     7     6  2969   306
 274  846.9977  960.8148    30     6     6  3009   346
 275 1032.3548  960.8573    28     6     6  3376   152
 276 1195.5343  961.6364    22     5     5  2178    -1
 277 1017.2802  962.1914    29     6     6  3388   154
 278  831.5226  962.2044    25     5     6  1869   388
 279 1181.1152  962.9665    27     6     6  3382     4
 280 1002.1376  963.4608    28     6     6  3315   159
 281 1166.5497  964.3221    25     5     6  3403     1
 282  986.9926  964.5330    27     6     6  3319   185
 283 1151.9433  965.4866    26     6     5  3547   392
 284  971.7630  965.8105    30     6     6  3416   189
 285 1137.3490  966.6731    28     6     6  3526    25
 286  956.5420  967.1032    29     7     6  3330   215
 287 1122.5328  967.9986    27     6     6  3512    36
 288  941.2290  968.4007    29     6     6  3273   216
 289 1107.7857  969.3148    28     6     6  3500    -1
 290  925.9215  969.5199    26     6     5  3110   253
 291 1093.0384  970.4986    26     6     5  3464    73
 292  910.5059  970.7700    30     7     6  3204   264
 293 1078.2454  971.6702    28     6     6  3462    98
 294  895.0417  972.0886    31     6     6  3276   284
 295 1063.3611  972.9726    28     6     6  3480   363
 296  879.5780  973.3319    28     7     6  2965   296
 297 1048.4297  974.3049    28     6     6  3363   110
 298  864.0092  974.5025    26     6     5  2926   301
 299 1033.4025  975.4995    26     6     5  3167   139
 300  848.5263  975.7091    28     7     6  2806   358
 301 1196.3615  976.1615    24     5     6  2290    83
 302 1018.3972  976.7004    28     6     6  3306   309
 303  833.0159  977.0127    26     6     6  1930   391
 304 1181.8253  977.4161    26     6     5  3338     0
 305 1003.3453  978.0056    28     6     6  3372   171
 306 1167.4305  978.5695    26     6     6  3373     9
 307  988.1776  979.3602    29     6     6  3345   175
 308 1152.7701  979.8278    28     6     6  3566    14
 309  973.0184  980.5010    26     6     5  3231   340
 310 1138.2039  981.1964    28     6     6  3538    18
 311  957.7861  981.7155    29     6     6  3334   222
 312 1123.5056  982.4363    26     5     6  3278    35
 313  942.5282  983.0508    30     7     6  3341   408
 314 1108.7344  983.5970    28     6     6  3461    51
 315  927.2110  984.3876    29     6     6  3239   254
 316 1094.0238  984.9210    29     6     6  3533    62
 317  911.8831  985.5219    27     6     5  3086   268
 318 1079.2434  986.2801    29     6     6  3496    70
 319  896.4372  986.7785    29     7     6  3105    -1
 320 1064.3716  987.4900    26     6     5  3208   107
 321  880.9901  988.1245    30     6     6  3175   373
 322 1049.4639  988.6896    26     6     6  3209   123
 323  865.4553  989.3853    29     7     6  2950   297
 324 1034.4985  990.0397    27     6     6  3329   131
 325 1197.2277  990.3883    24     6     5  2265    30
 326  850.0135  990.5182    26     6     5  2786   428
 327 1019.5055  991.3560    27     7     6  3176    -1
 328 1182.5811  991.5329    25     6     5  3198    -1
 329  834.5667  991.7098    24     5     6  1815   429
 330 1004.4417  992.5543    26     6     5  3085   172
 331 1168.2606  992.8504    27     6     6  3539     7
 332  989.3743  993.8351    28     6     6  3286   187
 333 1153.6096  994.2804    27     6     6  3486     8
 334  974.2333  995.2001    30     6     6  3367   406
 335 1139.0622  995.5082    26     6     5  3495    -1
 336  959.0399  996.4768    26     6     5  3193   210
 337 1124.4381  996.6905    26     6     6  3353    -1
 338  943.8070  997.6098    29     6     6  3271   240
 339 1109.6738  998.1174    28     6     6  3483    58
 340  928.5266  998.9612    30     7     6  3267    -1
 341 1094.9628  999.4255    27     6     6  3431   244
 342  913.2194 1000.3354    29     6     6  3157   257
 343 1080.2471 1000.5671    27     6     6  3347   430
 344  897.8588 1001.5138    26     6     5  2964   280
 345 1065.4155 1001.8820    28     6     6  3400   133
 346  882.3998 1002.7473    27     6     6  2927   376
 347 1050.5111 1003.2891    25     5     6  3142   255
 348  866.9118 1004.1378    30     6     6  3093   322
 349 1035.5678 1004.5078    26     6     5  3099   273
 350 1197.7881 1004.5477    24     6     5  2290   115
 351  851.4800 1005.4067    28     7     5  2751   348
 352 1020.5923 1005.7407    29     6     6  3324   166
 353 1183.4360 1005.7482    25     5     6  3188   396
 354  835.9469 1006.5703    25     6     5  1890   389
 355 1005.5968 1007.1556    28     6     6  3270   295
 356 1169.0328 1007.2043    29     6     6  3614    -1
 357  990.5592 1008.4379    26     6     5  3023   311
 358 1154.5055 1008.4691    25     5     5  3258    41
 359  975.4495 1009.6456    25     6     6  2974   209
 360 1139.9220 1009.7025    28     6     6  3523    -1
 361  960.3103 1010.9872    28     6     6  3229   329
 362 1125.3630 1011.0948    28     6     6  3488   432
 363  945.0916 1012.3807    29     6     6  3252   230
 364 1110.6025 1012.4308    25     6     5  3202   378
 365  929.8577 1013.5297    27     6     5  3100   256
 366 1095.9370 1013.6142    28     6     6  3457   316
 367  914.5528 1014.8478    29     7     6  3135   359
 368 1081.2263 1014.9850    28     6     6  3406   236
 369  899.2249 1016.2471    29     6     6  3115   319
 370 1066.4416 1016.3800    26     6     6  3183   403
 371  883.8559 1017.4956    26     6     5  2907   371
 372 1051.5454 1017.5587    25     6     5  3056   294
 373 1198.4942 1018.5955    22     5     5  2126    32
 374  868.3849 1018.7099    28     6     6  2920   377
 375 1036.6328 1018.9031    28     6     6  3298   289
 376 1184.2778 1020.0085    28     6     6  3290    12
 377  852.9802 1020.0964    30     6     6  2937   381
 378 1021.7020 1020.3160    28     6     6  3237   156
 379 1169.7753 1021.4040    25     6     5  3364   400
 380  837.5711 1021.4222    22     5     5  1691   426
 381 1006.7390 1021.5150    27     6     5  3153   302
 382 1155.4087 1022.5869    26     6     6  3326    46
 383  991.6898 1022.8339    28     6     6  3212   310
 384 1140.7603 1024.0259    28     6     6  3482    24
 385  976.6305 1024.2662    27     6     6  3112   204
 386 1126.2620 1025.3910    28     6     6  3446    50
 387  961.5373 1025.4976    27     7     5  3010   332
 388 1111.5366 1026.5655    26     6     6  3238    81
 389  946.3735 1026.7494    27     6     6  3066   344
 390 1096.8744 1027.9877    28     6     6  3395    91
 391  931.1577 1028.1968    29     6     6  3165   235
 392 1082.1931 1029.3856    28     6     6  3358    85
 393  915.8981 1029.4794    26     6     5  3003   357
 394 1067.4372 1030.5766    25     6     5  3065   122
 395  900.5840 1030.6687    27     6     6  2921   369
 396 1052.5595 1031.9350    28     6     6  3299   128
 397  885.2442 1032.1125    29     6     6  3045   366
 398 1199.3672 1032.6008    22     5     5  2132   420
 399 1037.6987 1033.3779    27     6     6  3177   126
 400  869.8485 1033.4629    26     6     5  2838   375
 401 1185.0209 1034.1599    26     6     6  3170     2
 402 1022.8245 1034.5447    27     6     5  3205   179
 403  854.4789 1034.6145    26     6     6  2628   422
 404 1170.6055 1035.4653    24     6     5  3219    13
 405 1007.8820 1035.9639    30     6     6  3330   165
 406  839.0923 1036.0158    24     6     6  1801   386
 407 1156.2474 1036.7334    27     6     6  3428   288
 408  992.8974 1037.3723    28     6     6  3217   191
 409 1141.6195 1038.2439    27     6     6  3392    20
 410  977.8544 1038.5508    27     6     5  3142   217
 411 1127.1488 1039.5086    26     6     5  3387    49
 412  962.7456 1039.9551    28     6     6  3147   213
 413 1112.4823 1040.7751    26     5     6  3274    72
 414  947.6287 1041.3731    27     6     6  2997   237
 415 1097.7992 1042.2664    27     6     6  3302    71
 416  932.4525 1042.5729    28     7     5  2978   261
 417 1083.2092 1043.5356    26     6     5  3267   100
 418  917.2514 1043.9158    28     6     6  3057   275
 419 1068.4644 1044.8188    26     5     6  3182   125
 420  901.9630 1045.3883    28     6     6  3020   300
 421 1053.6092 1046.3326    27     6     6  3172   118
 422  886.6496 1046.5637    26     6     5  2791   379
 423 1200.2149 1046.7516    22     5     5  2054    15
 424 1038.7840 1047.5211    26     6     5  3145   145
 425  871.2834 1047.9068    28     6     6  2919    -1
 426 1185.7108 1048.2886    26     6     6  3131     3
 427 1023.9533 1048.9182    29     6     6  3272   164
 428  855.9573 1049.3663    28     6     6  2769    -1
 429 1171.4765 1049.5271    23     5     5  3104    17
 430 1009.0314 1050.3851    27     6     6  3151   167
 431  840.6278 1050.4737    21     5     5  1621    -1
 432 1157.0633 1050.8639    26     6     6  3331    39
 433  994.0817 1051.5753    26     6     5  3093   206
 434 1142.5307 1052.3722    24     5     6  3156    45
 435  979.0633 1053.0009    29     6     6  3179   208
 436 1128.0334 1053.5866    26     6     5  3321    69
 437  964.0000 1054.4314    26     6     5  3048   212
 438 1113.4621 1055.0026    26     5     6  3254    84
 439  948.9055 1055.6080    28     6     6  3094   229
 440 1098.7233 1056.4169    25     6     5  3176    78
 441  933.7330 1057.1074    28     6     6  3048   258
 442 1084.2025 1057.6648    27     6     6  3249   124
 443  918.5651 1058.4435    26     6     5  2821   277
 444 1069.4768 1059.1564    27     6     6  3201   111
 445  903.3429 1059.6649    28     6     6  2934   337
 446 1054.6379 1060.4672    26     6     5  3069   143
 447 1200.7247 1060.6630    20     5     5  1583    89
 448  888.0329 1061.1542    29     6     6  3000   365
 449 1039.8736 1061.7733    29     6     6  3254   155
 450 1186.5092 1062.2510    22     5     5  2293    43
 451  872.7188 1062.4679    27     6     5  2785    -1
 452 1025.0308 1063.2976    29     6     6  3234   149
 453 1172.3943 1063.5104    24     6     5  2742    53
 454  857.4147 1063.6935    27     6     6  2663    -1
 455 1010.2119 1064.5532    26     6     5  3067   194
 456 1157.7982 1064.8934    26     6     6  2960    42
 457  842.0976 1065.2143    22     6     5  1674   434
 458  995.2551 1065.9144    27     6     6  3073   178
 459 1143.4311 1066.4086    26     6     6  3159    61
 460  980.2858 1067.4168    28     6     6  3095   190
 461 1128.8457 1067.6310    27     6     6  3343    68
 462  965.2594 1068.6160    26     6     6  2946   227
 463 1114.3750 1069.0976    28     6     6  3336    93
 464  950.1754 1070.1035    30     6     6  3142   223
 465 1099.6606 1070.4633    25     6     5  3187    96
 466  935.0488 1071.4695    26     6     5  2971   267
 467 1085.1439 1071.8039    26     6     6  3235   108
 468  919.8869 1072.7199    29     6     6  3037   272
 469 1070.4752 1073.3268    25     6     6  3103   129
 470  904.6662 1074.2428    27     6     6  2878   323
 471 1055.6299 1074.5418    25     6     5  3067   151
 472  889.4207 1075.5071    27     6     5  2763   380
 473 1040.9167 1076.0426    28     6     6  3219   150
 474  874.1481 1076.8320    28     6     6  2858    -1
 475 1026.1396 1077.4535    26     6     5  3126   161
 476  858.8579 1078.3420    29     6     6  2741    -1
 477 1011.2999 1078.7218    27     6     6  3099   203
 478  843.6243 1079.4876    21     5     5  1613    -1
 479  996.3880 1080.2883    27     6     6  3055   197
 480  981.4313 1081.5546    26     6     5  2930   242
 481  966.4452 1082.9652    28     6     6  3096   248
 482  951.4229 1084.4286    25     6     5  2846   293
 483  936.3357 1085.6599    27     6     6  2926   331
 484 1136.3269 1086.4231     7     4     3   454   441
 485  921.2093 1087.1765    29     6     6  3005   318
 486  906.0212 1088.4711    26     6     5  2789   368
 487  890.7940 1089.7571    27     6     6  2544   387
 488  875.5313 1091.3309    23     5     5  2108    -1
 489  860.4309 1092.4975    23     6     5  1961    -1
 490  845.0000 1093.8553    20     6     4  1228    -1
 491  923.5652 1106.6902     9     3     3   634   398
 492  875.6666 1107.8185   140    33     9  8573   326
 493  897.8832 1108.8084     7     3     3   457   439
