464
   0  679.3182  804.9848     6     3     2   333    -1
   1  654.9565  813.2935    11     4     4   642    -1
   2  705.4145  814.1640   138    53     7  8034    58
   3  737.9082  830.1353    25     6     6  1664    -1
   4  721.8548  831.1298    30     6     6  2540    -1
   5  705.5797  832.2647    31     7     6  2604    -1
   6  689.2041  833.3449    29     6     6  2643    -1
   7  672.8809  834.4430    28     6     6  2752    -1
   8  656.4334  835.5089    30     7     5  2852    -1
   9  639.9956  836.5504    28     6     6  2750    -1
  10  623.4472  837.6487    32     7     6  2831    -1
  11  606.8796  838.7347    30     6     6  2646   114
  12  590.2010  839.8628    30     6     6  2597    38
  13  573.5296  840.9842    30     7     6  2512    22
  14  556.7865  842.0917    30     6     6  2460    15
  15  539.9532  843.2584    30     6     6  2398    18
  16  523.0493  844.3624    29     6     6  2271    33
  17  506.1466  845.4777    27     6     5  2114    37
  18  739.7879  845.5295    26     6     5  2012    -1
  19  489.1806  846.5153    27     6     5  2070    41
  20  723.7564  846.6479    30     6     6  2900   363
  21  472.1248  847.5355    27     6     5  2027    81
  22  707.5076  847.8070    31     7     6  2993   362
  23  455.0563  848.6537    28     6     6  2031    96
  24  691.1658  848.9253    31     6     6  3076    -1
  25  437.9503  849.7862    29     6     6  2023   109
  26  674.8379  850.0925    31     6     6  3145   346
  27  420.7908  850.9296    29     6     6  1983   119
  28  658.4823  851.2394    31     7     6  2962    -1
  29  403.5762  852.1674    27     6     6  1783   192
  30  641.9676  852.3749    29     6     6  2793   344
  31  625.5956  853.4634    31     7     6  2753    -1
  32  386.4324  853.4730    24     6     6  1496   144
  33  609.0223  854.5300    27     6     5  2449    68
  34  369.1502  854.5837    25     6     5  1453   242
  35  592.3710  855.6371    30     7     6  2492    10
  36  351.7479  855.9050    22     5     5  1221   246
  37  575.7661  856.7715    30     6     6  2432     1
  38  559.0134  857.8915    31     6     6  2444     2
  39  542.2476  859.0922    29     6     6  2274     6
  40  525.3954  860.2359    29     7     6  2196    14
  41  741.6294  861.1047    27     6     6  2038    -1
  42  508.5628  861.3861    30     7     6  2185    39
  43  725.5893  862.2436    32     7     6  3055    -1
  44  491.6682  862.4875    28     7     5  2042    43
  45  709.3346  863.4170    31     7     6  2995   347
  46  474.6502  863.5512    27     6     5  1936    66
  47  693.0769  864.5283    27     6     5  2872   343
  48  457.6269  864.6437    28     7     6  1936   101
  49  676.8346  865.5992    29     6     6  3022    -1
  50  440.6165  865.8146    28     7     6  1915   190
  51  660.4932  866.7836    29     7     6  2910    -1
  52  423.4104  867.0112    29     7     6  1941   134
  53  644.0286  867.9909    31     6     6  2986    -1
  54  406.2596  868.2370    27     6     6  1791   121
  55  627.6534  869.1534    32     7     6  2930   226
  56  389.0258  869.4091    27     6     5  1757   182
  57  611.1345  870.3372    30     6     6  2630    62
  58  371.6513  870.5196    26     6     5  1657   198
  59  594.5992  871.4530    30     7     5  2478     8
  60  354.4251  871.5228    25     6     5  1557   216
  61  577.9649  872.5298    27     6     5  2290     0
  62  561.2217  873.6256    28     6     6  2284     4
  63  544.5609  874.8484    30     7     6  2321    19
  64  527.7630  876.0095    30     6     6  2291    21
  65  743.4670  876.5722    25     6     5  1887   378
  66  510.9499  877.2615    29     6     6  2188    47
  67  727.4062  877.7167    32     7     6  3040    -1
  68  494.0305  878.4480    28     6     6  2073    45
  69  711.2371  878.8902    30     6     6  3071    -1
  70  477.0363  879.4842    26     6     5  1934    54
  71  695.0028  880.1004    31     6     6  3179    -1
  72  460.0660  880.5480    27     6     5  1933    86
  73  678.7693  881.3638    28     6     6  2971   342
  74  443.0260  881.7007    29     6     6  1988   220
  75  662.4300  882.4785    29     7     5  2935    -1
  76  425.9122  882.8980    28     6     6  1890   111
  77  646.1155  883.5438    28     6     6  2885    -1
  78  408.7989  884.1110    30     6     6  1955   138
  79  629.7424  884.7120    31     7     6  2833   353
  80  391.5662  885.4033    27     6     6  1743   153
  81  613.2194  885.9056    30     6     6  2644    59
  82  374.3615  886.4307    26     6     5  1661   245
  83  596.7161  887.0908    30     6     6  2546    12
  84  357.0460  887.5429    26     6     5  1626   237
  85  580.0998  888.3443    30     6     6  2457     3
  86  563.4680  889.4573    29     7     5  2294     9
  87  546.8379  890.5411    27     6     5  2152    11
  88  530.0151  891.7003    29     6     6  2244     7
  89  745.3559  891.9713    26     5     6  2015   366
  90  513.2325  892.9570    30     6     6  2244    16
  91  729.2463  893.2011    30     6     6  2982   350
  92  496.3668  894.1931    28     7     6  2068    27
  93  713.1086  894.4081    30     6     6  3056    -1
  94  479.4628  895.3784    28     7     6  1992    35
  95  696.9301  895.5191    27     6     5  2973    -1
  96  462.5721  896.5000    28     7     5  1941    57
  97  680.7130  896.6539    29     6     6  2990    -1
  98  445.5639  897.5938    27     7     5  1851    89
  99  664.4245  897.8954    30     7     6  3010    -1
 100  428.5320  898.7537    27     7     6  1819   294
 101  648.1292  899.1671    31     6     6  3025   200
 102  411.3802  900.0599    27     6     6  1809   136
 103  631.8008  900.3789    28     6     6  2630   142
 104  394.2583  901.3804    24     6     5  1593   140
 105  615.2574  901.4898    29     7     5  2526    70
 106  377.0337  902.4456    26     6     5  1686   224
 107  598.8497  902.6199    29     6     6  2451   257
 108  359.8498  903.6146    25     6     5  1573   230
 109  582.2836  903.8736    30     6     6  2461     5
 110  565.6837  905.0754    30     6     6  2409    23
 111  549.0281  906.3910    29     6     6  2285    25
 112  747.1109  907.4242    25     6     5  1949    88
 113  532.2682  907.4623    28     6     5  2142    29
 114  731.0411  908.5053    27     6     5  2847    -1
 115  515.5985  908.6029    27     7     5  2030    30
 116  715.0025  909.6748    30     6     6  3108    -1
 117  498.7481  909.7661    28     6     6  2069   325
 118  698.8286  910.9106    30     6     6  3110    -1
 119  481.9245  911.0975    30     6     6  2136    55
 120  682.5998  912.1972    27     6     6  2823    -1
 121  465.0536  912.3633    28     6     6  1978    71
 122  666.4360  913.4415    28     7     5  2869    -1
 123  448.0204  913.4815    26     6     5  1840    87
 124  650.1193  914.5272    27     6     5  2708   199
 125  430.9940  914.5582    27     6     5  1848   113
 126  633.7850  915.7288    29     6     6  2643    -1
 127  413.8652  915.7543    28     6     6  1860   233
 128  617.4047  917.0045    29     7     6  2562   305
 129  396.8551  917.0821    28     6     6  1814   374
 130  600.9599  918.3180    29     6     6  2472    20
 131  379.6142  918.3886    26     6     5  1659   184
 132  362.5357  919.4610    23     5     5  1458   269
 133  584.4254  919.4633    29     7     5  2348    13
 134  567.8945  920.5519    26     6     5  2167   143
 135  551.2527  921.8145    30     6     6  2333    31
 136  748.8075  922.5422    26     6     5  2035    92
 137  534.5669  923.0624    30     7     6  2277    34
 138  732.8883  923.7727    30     6     6  3022    83
 139  517.8994  924.3994    28     6     6  2126    40
 140  716.8763  925.0908    31     6     6  3163    98
 141  501.0589  925.5030    27     6     5  2021    75
 142  700.7676  926.3723    28     6     6  2966   102
 143  484.2883  926.6205    28     6     6  2014    74
 144  684.5601  927.5075    28     7     5  2864   203
 145  467.4589  927.9384    29     7     6  2034    97
 146  668.3802  928.6701    31     7     6  3002   239
 147  450.4847  929.2375    28     7     6  1922   137
 148  652.1418  929.9591    31     6     6  2918    17
 149  433.5500  930.4326    25     6     5  1710   131
 150  635.8655  931.2976    29     6     6  2621   335
 151  416.5093  931.5628    27     7     5  1780   398
 152  619.4845  932.4651    29     7     5  2481   110
 153  399.5000  932.7481    25     6     6  1653   248
 154  603.0375  933.5649    28     6     6  2401   355
 155  382.3438  934.2178    27     6     6  1715   181
 156  586.6151  934.8753    29     7     6  2388   288
 157  365.2778  935.3827    24     6     5  1524   274
 158  570.0700  936.2235    30     6     6  2386   367
 159  553.4831  937.4180    28     7     5  2168    -1
 160  750.5195  937.6169    25     6     6  1917   351
 161  536.8730  938.5521    26     6     5  2048   313
 162  734.7112  939.0528    30     6     6  2987   104
 163  520.1606  939.7879    30     6     6  2219   306
 164  718.7391  940.3874    29     7     6  2960   334
 165  503.4163  941.1682    28     7     6  2057    78
 166  702.6563  941.5267    29     7     5  2947    -1
 167  486.6773  942.4214    27     6     5  1948    90
 168  686.5063  942.7250    29     7     6  2881   158
 169  469.8638  943.5650    26     6     5  1869    94
 170  670.3528  944.1044    30     7     6  2913   167
 171  452.9031  944.7015    29     6     6  1971   399
 172  654.1079  945.4254    29     6     6  2710   179
 173  436.0706  946.1196    27     6     6  1839   133
 174  637.8820  946.5379    26     6     5  2436   210
 175  419.0828  947.4139    26     6     5  1753   141
 176  621.5756  947.7708    29     7     6  2495    26
 177  402.0296  948.5000    26     6     5  1723   175
 178  605.1634  949.1099    29     6     6  2460    51
 179  384.8288  949.6562    24     6     5  1565   255
 180  588.7533  950.4314    27     6     5  2254   354
 181  367.9204  951.1051    25     6     6  1564   244
 182  572.2311  951.5060    27     6     5  2183   187
 183  555.7192  952.7542    27     6     6  2121   296
 184  752.3824  952.8795    25     5     6  1922   169
 185  539.1566  954.1593    29     6     6  2175    64
 186  736.5185  954.2655    31     7     6  2957   120
 187  522.4865  955.4175    28     7     5  2067   377
 188  720.5692  955.4930    29     7     5  2880   337
 189  505.7980  956.5702    26     6     5  1941   309
 190  704.5035  956.6862    31     7     6  2989   341
 191  489.0386  957.8268    28     6     6  2009    85
 192  688.3821  958.0503    30     7     6  2883    -1
 193  472.2927  959.2688    27     6     6  1895   108
 194  672.2754  959.3786    30     7     6  2818   148
 195  455.3710  960.4355    25     6     5  1746   400
 196  656.0789  960.5252    27     6     5  2580   186
 197  438.5805  961.5872    25     7     5  1697   225
 198  639.8583  961.7956    30     6     6  2647   250
 199  421.5506  962.8264    27     6     6  1785   165
 200  623.5880  963.1766    30     7     6  2545   217
 201  404.5712  964.2735    25     6     6  1643   202
 202  607.2122  964.4406    28     6     5  2359    61
 203  387.5113  965.4943    24     6     5  1553   236
 204  590.8627  965.5655    26     6     5  2185    65
 205  370.6111  966.6242    23     5     5  1456   261
 206  574.3947  966.9345    29     7     6  2267   180
 207  754.1732  968.0532    27     6     6  2017   317
 208  557.8961  968.2739    28     6     6  2112   115
 209  738.2651  969.3567    28     6     6  2775   172
 210  541.3097  969.5059    27     6     5  2028   295
 211  722.3709  970.5404    29     7     5  2836    80
 212  524.7515  970.6750    27     6     6  2030   372
 213  706.3784  971.8739    30     7     6  2931   221
 214  508.1524  972.1524    28     6     6  2056   139
 215  690.2968  973.2825    28     6     6  2729   213
 216  491.3534  973.4075    26     6     5  1873   373
 217  674.1854  974.4829    28     6     5  2684   322
 218  474.7015  974.6046    24     6     5  1726   193
 219  658.0756  975.6850    29     6     6  2661   332
 220  457.8456  975.8475    27     6     6  1868   265
 221  558.9625  975.8529    34     6     6  2567   205
 222  641.8773  977.1253    31     6     6  2671   270
 223  441.0439  977.3458    26     6     5  1767    -1
 224  625.6484  978.4522    28     7     5  2384   266
 225  424.1138  978.4598    26     6     5  1748   197
 226  609.3134  979.5817    28     6     6  2343   103
 227  407.1507  979.7213    27     6     5  1725    -1
 228  592.9675  980.9123    29     6     6  2357    91
 229  390.1861  981.1528    26     6     6  1660   235
 230  576.5744  982.3655    27     6     6  2116   307
 231  373.2445  982.3896    24     6     5  1517   375
 232  567.4234  982.9258    16     6     4  1218   311
 233  755.8676  983.0537    24     6     6  1861   371
 234  560.0175  983.5881    26     6     5  2015    -1
 235  740.0874  984.4372    28     6     6  2801   336
 236  543.6226  984.7409    28     7     6  2085    -1
 237  724.2016  985.5883    28     6     6  2804   176
 238  527.0509  986.2645    29     6     6  2138   291
 239  708.2514  986.9900    29     6     6  2850   219
 240  510.4315  987.4706    28     7     5  2013    -1
 241  692.2160  988.3833    28     6     6  2703    28
 242  493.7175  988.6267    25     6     5  1834    -1
 243  676.1134  989.5390    27     6     5  2607   234
 244  477.0657  990.1296    28     6     6  1948    -1
 245  660.0298  990.8487    30     6     6  2693    84
 246  460.3048  991.3984    24     6     5  1702   204
 247  643.8960  992.3332    29     6     6  2541   345
 248  443.5000  992.5745    25     6     5  1693   358
 249  627.7222  993.5192    29     7     5  2440   369
 250  426.6157  993.9375    27     6     6  1782   149
 251  611.3980  994.8092    30     7     6  2441   283
 252  409.6702  995.3534    26     6     5  1682   312
 253  595.0993  996.2901    30     6     6  2391   238
 254  392.6791  996.5992    24     6     5  1563   251
 255  578.7355  997.5154    27     6     5  2127   260
 256  375.7937  997.7508    26     6     6  1603   298
 257  757.5810  997.9714    26     6     6  1930   348
 258  562.3193  998.7605    28     6     6  2114   124
 259  741.9059  999.4229    28     6     6  2787    24
 260  545.7931 1000.2423    29     6     6  2129   280
 261  726.0207 1000.5563    27     6     5  2754   215
 262  529.2322 1001.4395    26     6     5  1961   388
 263  710.0961 1001.9917    31     6     6  2929   122
 264  512.7042 1002.6258    26     6     6  1912   297
 265  694.0927 1003.4165    28     6     6  2694   100
 266  496.1319 1004.1773    27     6     6  1945    -1
 267  678.0463 1004.5577    27     6     5  2580   164
 268  479.4288 1005.4442    24     6     5  1720   195
 269  661.9961 1005.9789    30     6     6  2659   194
 270  462.6933 1006.6164    25     6     5  1757   222
 271  645.8722 1007.4244    27     6     5  2422   338
 272  445.9660 1008.1447    27     6     6  1820    -1
 273  629.7408 1008.5939    28     7     5  2380   189
 274  429.1637 1009.4243    26     6     5  1749   243
 275  613.4396 1009.9937    30     7     6  2460   275
 276  412.3372 1010.6525    26     6     5  1687    -1
 277  597.1928 1011.4124    27     6     5  2229   277
 278  395.3547 1012.1496    27     6     6  1701   276
 279  580.8612 1012.5718    27     6     5  2186   116
 280  759.3839 1012.7484    24     5     6  1820   339
 281  378.5000 1013.4109    22     5     5  1403   314
 282  564.4386 1014.0190    30     7     6  2265   128
 283  743.6589 1014.2804    29     6     6  2784    93
 284  548.0457 1015.4454    26     6     5  2033   152
 285  727.8677 1015.5458    27     6     5  2748    36
 286  531.5588 1016.6081    25     7     5  1879   380
 287  711.9147 1016.8619    30     6     6  2865   302
 288  515.0000 1018.0763    27     6     6  1966   174
 289  696.0016 1018.3913    29     6     6  2738   130
 290  498.4080 1019.4186    27     7     5  1915   208
 291  679.9576 1019.5400    26     6     5  2526   147
 292  481.7865 1020.6081    24     6     5  1755   206
 293  663.9316 1020.9960    30     6     6  2633   196
 294  465.1155 1022.1614    26     6     6  1802   227
 295  647.9026 1022.4229    27     6     5  2413   214
 296  448.3951 1023.4251    25     6     5  1717    -1
 297  631.7286 1023.6050    28     6     6  2371   223
 298  431.6114 1024.6161    25     6     5  1672   254
 299  615.5386 1025.0880    30     7     6  2432   163
 300  414.7337 1026.1683    25     6     6  1648   319
 301  599.2535 1026.4346    27     6     5  2206   352
 302  397.9634 1027.4621    26     6     5  1669   365
 303  761.2107 1027.6405    23     6     5  1755    44
 304  582.9176 1027.6465    29     6     6  2269   155
 305  381.0048 1028.6683    24     6     5  1515   328
 306  745.3990 1029.0932    30     7     6  2847    42
 307  566.6051 1029.2318    26     6     6  2042   168
 308  550.1616 1030.4612    26     6     5  2021   171
 309  729.6695 1030.4670    29     7     5  2783    49
 310  713.7564 1031.7179    29     6     6  2772    82
 311  533.7071 1031.7362    27     6     6  2002   166
 312  697.8528 1033.2640    29     6     6  2734   173
 313  517.2889 1033.3693    25     6     5  1847   185
 314  681.9084 1034.5370    26     6     5  2544   150
 315  500.7470 1034.5806    26     6     5  1883   212
 316  665.8644 1035.8723    31     6     6  2678   126
 317  484.1821 1035.9067    26     6     6  1841   218
 318  467.4752 1037.3882    24     6     5  1683   360
 319  649.8489 1037.4028    27     6     5  2399   117
 320  633.7306 1038.6034    27     6     5  2317   364
 321  450.7561 1038.6086    24     6     5  1688    -1
 322  434.0674 1040.0721    27     6     6  1773   262
 323  617.5763 1040.0948    30     7     6  2418   320
 324  417.3374 1041.4015    24     6     5  1606   267
 325  601.3170 1041.4438    27     6     5  2186   330
 326  762.7754 1042.4708    26     6     5  1950    46
 327  400.5321 1042.6545    23     5     5  1493   289
 328  585.0572 1042.7017    29     6     6  2263   382
 329  747.1813 1043.7931    29     6     6  2774    52
 330  383.6322 1044.2085    23     6     5  1445   327
 331  568.7604 1044.2960    28     6     6  2145   170
 332  731.4307 1045.3146    28     7     6  2727    76
 333  552.4656 1045.5314    26     7     5  1969   188
 334  715.6268 1046.5792    29     7     5  2775    56
 335  536.0109 1046.9534    27     6     6  1994   191
 336  699.7020 1048.0265    28     6     6  2682    72
 337  519.4948 1048.4208    26     7     5  1881   392
 338  683.8013 1049.4511    27     6     5  2578   160
 339  503.0345 1049.6241    26     6     5  1880   231
 340  667.8010 1050.7110    29     6     6  2573   151
 341  486.5235 1051.2176    25     6     6  1760   404
 342  651.7993 1052.2891    29     6     6  2479   135
 343  469.9105 1052.5188    26     6     5  1831   259
 344  635.7434 1053.5614    27     6     5  2295   249
 345  453.2679 1053.7835    25     6     6  1698   282
 346  619.6093 1054.9872    28     6     6  2297   390
 347  436.4881 1055.3473    24     6     5  1619   293
 348  603.3913 1056.4109    27     7     5  2169   183
 349  419.7433 1056.5949    24     6     5  1611   287
 350  764.4778 1057.2897    24     5     6  1785    32
 351  587.1909 1057.6954    28     6     6  2183   403
 352  403.0275 1058.0159    25     6     6  1595   300
 353  748.9055 1058.5222    26     6     5  2649    50
 354  570.9621 1059.3008    28     6     6  2138   361
 355  386.3423 1059.4054    24     6     5  1517   301
 356  733.2422 1059.9328    28     6     6  2754    48
 357  554.6394 1060.5705    26     6     5  1967   207
 358  717.4221 1061.4252    28     7     5  2710    79
 359  538.2480 1062.0261    27     6     6  1981   271
 360  701.5721 1062.6973    27     7     6  2612    95
 361  521.8051 1063.4784    26     6     5  1903   229
 362  685.6635 1064.2836    26     6     6  2511   106
 363  505.3903 1064.6803    25     6     5  1788   256
 364  669.7676 1065.5608    27     6     5  2501   145
 365  488.8140 1066.2780    26     6     5  1800    -1
 366  653.7519 1067.0506    28     6     6  2428   159
 367  472.2936 1067.5085    26     6     5  1770   272
 368  637.7454 1068.4968    27     6     5  2283   157
 369  455.6343 1068.9365    26     6     6  1717   292
 370  621.6361 1069.7537    28     7     6  2267   333
 371  439.0252 1070.4128    26     6     5  1736   395
 372  605.4599 1071.3772    25     7     5  2048   331
 373  766.2813 1071.6376    22     5     5  1667    77
 374  422.4025 1071.6699    24     6     5  1559   308
 375  589.3045 1072.6303    27     6     5  2102    -1
 376  750.6441 1073.2874    27     6     6  2620    53
 377  405.5030 1073.3095    23     5     5  1486   368
 378  573.0657 1074.2372    28     6     6  2123   209
 379  735.0044 1074.5599    26     6     5  2670    60
 380  388.7178 1074.5693    24     6     5  1503   379
 381  556.7942 1075.5435    26     6     5  1990   278
 382  719.2536 1076.0845    28     6     6  2719    73
 383  540.4518 1076.9485    28     6     6  2002   241
 384  703.4317 1077.5047    27     7     5  2623   129
 385  524.0865 1078.4259    26     6     5  1907   263
 386  687.5633 1078.8541    28     7     6  2569   118
 387  507.6311 1079.6610    25     6     5  1784    -1
 388  671.6376 1080.4167    26     6     5  2405   127
 389  491.2298 1081.3206    24     6     5  1696   286
 390  655.6830 1081.7156    26     6     6  2311   232
 391  474.6290 1082.5688    24     6     5  1665    -1
 392  639.6639 1083.3339    25     6     5  2153   178
 393  458.1005 1084.1407    25     6     6  1673   285
 394  623.6498 1084.6038    27     7     5  2198   201
 395  441.4509 1085.4587    23     6     5  1537    -1
 396  607.5665 1086.2110    26     6     6  2082    -1
 397  767.9635 1086.3182    25     6     5  1811    67
 398  424.7500 1086.7667    24     6     5  1560   329
 399  591.4077 1087.5152    25     6     5  1976   281
 400  752.3677 1087.6985    27     6     6  2559    63
 401  408.1390 1088.3223    24     6     5  1549   316
 402  575.1825 1089.0014    26     6     6  1996   247
 403  736.7382 1089.3417    28     6     6  2676    69
 404  391.4706 1089.6324    24     6     5  1472   402
 405  558.9392 1090.4663    26     6     5  1983   340
 406  721.0254 1090.6008    26     6     5  2619    99
 407  542.6397 1091.7621    26     6     6  1880   268
 408  705.2699 1092.1984    27     6     6  2567   123
 409  526.3307 1093.3877    24     6     5  1761    -1
 410  689.4684 1093.5912    25     6     5  2390   132
 411  509.8608 1094.6670    25     6     5  1771    -1
 412  673.5290 1095.1186    27     6     6  2383   156
 413  493.4540 1096.3159    23     5     5  1628    -1
 414  657.6364 1096.5328    27     6     5  2325   154
 415  476.9905 1097.5825    26     6     5  1773   303
 416  641.6755 1097.9454    28     6     6  2289   393
 417  460.4544 1099.1278    25     6     6  1645   321
 418  625.6465 1099.4625    27     6     5  2176   211
 419  443.8066 1100.5219    26     6     5  1711   315
 420  769.4336 1100.6641    21     5     5  1306   290
 421  609.6019 1100.7658    26     6     6  2075   240
 422  427.3099 1101.8099    23     6     5  1492    -1
 423  754.0922 1102.2326    24     6     5  1948   107
 424  593.4497 1102.4106    25     7     5  1966   258
 425  410.5400 1103.4262    23     6     5  1475    -1
 426  738.4776 1103.6001    23     5     5  1999   146
 427  577.3077 1103.7086    26     6     6  1976    -1
 428  393.8825 1104.6684    24     6     5  1485    -1
 429  722.7500 1105.3042    24     6     5  2160   125
 430  561.1088 1105.3498    26     6     5  1939   252
 431  707.0590 1106.6485    26     6     5  2384   105
 432  544.8057 1106.6520    24     6     5  1779   264
 433  691.2955 1108.2893    26     6     5  2420   112
 434  528.5000 1108.3143    24     6     5  1717   284
 435  512.1849 1109.5763    26     6     5  1811    -1
 436  675.4603 1109.6209    26     7     5  2334   162
 437  495.7940 1111.1738    25     6     6  1716   304
 438  659.5240 1111.2786    27     7     6  2348   161
 439  479.3817 1112.5186    24     6     5  1631   310
 440  643.6331 1112.5952    27     7     5  2274   177
 441  462.7955 1113.9773    26     6     6  1696   324
 442  627.6381 1114.2042    27     6     6  2212   228
 443  446.4280 1115.4306    23     6     5  1539   326
 444  611.5987 1115.5633    27     7     5  2140   253
 445  429.6652 1116.7613    24     6     5  1533    -1
 446  595.5124 1117.1359    26     7     6  2025   384
 447  413.1687 1118.3650    24     6     5  1526    -1
 448  579.4004 1118.5176    26     6     5  1983   279
 449  396.5543 1119.6938    21     5     5  1308    -1
 450  742.6581 1119.9176   105    32     7  6148   273
 451  563.2416 1120.1029    26     6     6  1927    -1
 452  547.0452 1121.5095    26     6     5  1931   323
 453  530.7191 1122.9401    26     6     6  1834   401
 454  514.4450 1124.4804    24     6     5  1709   299
 455  498.0890 1125.9008    26     6     6  1789    -1
 456  481.5599 1127.4690    25     6     5  1701    -1
 457  700.2647 1127.6765     8     4     3   468   406
 458  465.2243 1128.7882    24     6     5  1599   318
 459  448.6452 1130.3614    23     6     5  1453    -1
 460  432.2766 1131.6421    21     6     5  1247    -1
 461  415.5426 1132.9681    20     5     5  1094    -1
 462  399.0000 1134.1607    19     5     5  1006    -1
 463  687.2595 1138.1224   164    80     8  8674   397
