492
   0 1792.4744  715.0641     5     3     2   289    -1
   1 1820.6405  715.5128   115    28     7  6846   107
   2 1599.0263  719.5000    10     5     3   538    -1
   3 1626.0664  724.7238     6     2     3   443    -1
   4 1590.3535  729.0207   160    37    12  9911    -1
   5 1845.5545  729.0455    11     4     4   605    -1
   6 1834.5939  729.6784    11     4     4   763   454
   7 1823.6566  730.2133    14     5     4  1115   452
   8 1812.3456  731.0047    15     5     4  1281    -1
   9 1801.1196  731.8836    16     4     5  1423    -1
  10 1789.9717  732.4330    16     4     5  1561   435
  11 1778.7861  733.0875    16     5     4  1583   444
  12 1767.3883  733.9798    18     5     4  1715    -1
  13 1756.0495  734.6092    18     4     5  1788   433
  14 1744.8326  735.2093    18     5     5  1784    -1
  15 1733.3166  736.0240    17     5     4  1766    -1
  16 1721.9620  736.7249    17     4     5  1837   429
  17 1710.4246  737.3304    19     5     5  1958   441
  18 1698.9732  738.0622    17     4     5  1839    -1
  19 1687.4436  738.8706    19     5     5  1978    -1
  20 1675.9287  739.4899    18     5     5  1994    -1
  21 1664.2355  740.1713    19     5     5  2039   370
  22 1652.6747  740.9554    19     5     5  2026   449
  23 1845.3293  741.0268    13     4     4   855    -1
  24 1640.9698  741.6314    17     4     5  1961   380
  25 1834.1576  741.9113    13     4     4  1129    -1
  26 1629.2224  742.2957    19     5     5  2027   440
  27 1823.0877  742.5214    18     5     5  1647    -1
  28 1617.5918  743.0119    17     5     4  1776    -1
  29 1811.9883  743.1410    16     4     5  1566   355
  30 1605.9279  743.7918    17     4     5  1724   203
  31 1800.8703  743.9710    16     5     4  1575   453
  32 1594.0006  744.4803    16     4     5  1613   409
  33 1789.6110  744.7207    19     5     5  1761   438
  34 1582.1968  745.0970    15     4     4  1281   377
  35 1778.3173  745.3317    19     5     5  1782   375
  36 1767.0459  746.0471    16     4     4  1639   362
  37 1570.4621  746.0829    14     4     4   911   359
  38 1755.8080  746.9069    18     5     5  1770   331
  39 1744.3812  747.5471    21     5     5  1942   302
  40 1733.0211  748.1757    17     4     5  1775    -1
  41 1721.6524  748.9783    17     5     4  1795   382
  42 1710.1095  749.7606    20     5     5  1986   319
  43 1698.8008  750.3672    20     5     5  2024   314
  44 1687.1793  751.0721    18     5     5  1926    -1
  45 1675.7006  751.9144    19     5     5  2002    -1
  46 1664.0259  752.5896    19     5     5  2032   432
  47 1844.8208  753.0583    13     4     4   890   384
  48 1652.4380  753.2204    20     5     5  2080   412
  49 1640.8698  753.9898    18     5     4  1933   211
  50 1833.8367  754.0040    15     4     4  1246   378
  51 1822.7783  754.7140    19     5     5  1665   357
  52 1629.0835  754.7666    19     5     5  2004   446
  53 1811.5824  755.3423    18     5     5  1604   358
  54 1617.4131  755.4686    21     5     5  2166   451
  55 1800.3972  756.0514    17     5     4  1599   338
  56 1605.7751  756.1423    20     5     5  2065    86
  57 1789.1296  756.9529    17     5     4  1614   337
  58 1593.9660  756.9573    17     4     5  1893   154
  59 1777.9727  757.6794    17     4     5  1675   326
  60 1582.1158  757.7104    19     5     5  1796   365
  61 1766.8137  758.2378    18     5     5  1697   297
  62 1570.3333  758.3912    18     5     5  1332   267
  63 1755.4139  759.0354    17     5     4  1698   299
  64 1744.0376  759.8871    17     4     5  1700   285
  65 1732.8005  760.5601    19     5     5  1865   257
  66 1721.2811  761.2120    19     5     5  1891   210
  67 1709.9592  762.0038    16     4     4  1719   260
  68 1698.4493  762.8499    19     5     5  1916   216
  69 1686.9947  763.4539    18     4     5  1941   217
  70 1675.4239  764.1332    19     5     5  1975   125
  71 1663.9150  764.9696    17     5     4  1838    -1
  72 1844.4372  765.2906    10     3     4   691   387
  73 1652.1982  765.7525    21     5     5  2064   133
  74 1833.2857  765.9643    14     4     4  1176   364
  75 1640.7514  766.3871    20     5     5  2054    -1
  76 1822.2254  766.8873    18     5     5  1592   348
  77 1629.0149  767.1396    17     4     5  1860   131
  78 1811.0823  767.5952    17     4     5  1585   351
  79 1617.2783  767.9724    19     5     5  1983   163
  80 1799.9896  768.1615    16     4     5  1568   325
  81 1605.6902  768.7011    19     5     5  2049    83
  82 1788.8787  769.0201    16     5     4  1571   322
  83 1593.9634  769.3762    20     5     5  2066   115
  84 1777.6018  769.8919    18     5     5  1686   336
  85 1582.1170  770.0985    15     4     4  1562    -1
  86 1766.3113  770.5604    19     5     5  1761   310
  87 1570.2301  770.9506    14     4     4  1115   296
  88 1755.0491  771.2087    17     4     5  1715   276
  89 1743.8337  772.0134    16     5     4  1657   301
  90 1732.4067  772.8859    18     5     5  1768   258
  91 1721.0228  773.5339    18     4     5  1845   252
  92 1709.7275  774.1792    20     5     5  1932   195
  93 1698.1615  775.0259    17     5     4  1816   214
  94 1686.7976  775.8301    19     5     5  1968   190
  95 1675.1469  776.5124    19     5     5  1995   153
  96 1663.7847  777.1796    21     5     5  2058   124
  97 1843.8891  777.2195    13     4     4   871   374
  98 1652.0930  778.0174    17     5     4  1855   111
  99 1832.8816  778.0673    14     4     4  1190   361
 100 1640.5250  778.8648    19     5     5  1989   206
 101 1821.9036  778.9674    15     4     4  1471   350
 102 1628.9480  779.5251    18     5     5  1976    61
 103 1810.7889  779.6917    18     5     5  1620   323
 104 1617.1411  780.2215    19     5     5  2020    97
 105 1799.6646  780.2975    19     5     5  1661   324
 106 1605.5058  781.0102    18     5     4  1931    93
 107 1788.4304  781.0747    17     5     4  1626   307
 108 1593.8185  781.8185    19     5     5  2027    -1
 109 1777.1792  781.9730    16     5     4  1595   320
 110 1582.0421  782.5415    16     4     5  1667    -1
 111 1766.0054  782.8013    17     4     5  1683   286
 112 1570.1747  783.1434    15     4     4  1165   255
 113 1754.8565  783.4019    19     5     5  1786   229
 114 1743.4603  784.0823    18     5     5  1757   246
 115 1732.0641  784.9966    17     5     4  1724   236
 116 1720.8434  785.8024    19     5     5  1876   261
 117 1709.3297  786.4611    19     5     5  1901   191
 118 1697.9881  787.2001    17     4     5  1817   197
 119 1686.5173  788.0000    18     5     4  1884   157
 120 1675.0050  788.8490    17     4     5  1850   174
 121 1843.4368  789.3000    10     3     4   690   376
 122 1663.4924  789.5878    21     5     5  2098   123
 123 1832.4803  790.0746    15     5     4  1206   360
 124 1651.9813  790.2667    17     4     5  1866   102
 125 1821.3960  790.9459    16     5     4  1502   356
 126 1640.3129  791.0477    17     5     4  1887    -1
 127 1810.2316  791.8276    17     5     5  1543   347
 128 1628.7890  791.8856    19     5     5  1995    54
 129 1799.1292  792.4799    18     5     5  1647   313
 130 1617.0186  792.6389    18     5     5  1951    91
 131 1788.0204  793.1403    16     4     5  1584   327
 132 1605.3561  793.3150    19     5     5  2020    58
 133 1776.9223  794.0158    16     4     4  1591   256
 134 1593.7422  794.0588    19     5     5  1970    -1
 135 1765.6769  794.9103    17     5     4  1664   280
 136 1581.9919  794.9312    16     4     4  1607    -1
 137 1754.3480  795.6213    20     5     5  1816   306
 138 1570.1773  795.8399    15     4     5  1156   219
 139 1743.0709  796.2962    18     5     5  1788   445
 140 1731.8895  797.0683    17     5     4  1728   223
 141 1720.4788  797.9688    17     5     4  1746   230
 142 1709.0571  798.7505    18     5     5  1846   418
 143 1697.8113  799.3993    19     5     5  1933   155
 144 1686.2250  800.1621    19     5     5  1968   141
 145 1674.8759  801.0186    17     5     4  1845   137
 146 1842.9703  801.2871    13     4     4   852   372
 147 1663.2507  801.8793    20     5     5  2007    -1
 148 1831.9274  802.0481    15     4     4  1239   353
 149 1651.8451  802.5933    19     5     5  2022    71
 150 1821.0028  802.9665    16     4     4  1516   332
 151 1640.1212  803.2923    19     5     5  2014   142
 152 1809.9312  803.8102    16     4     5  1519   329
 153 1628.6280  804.0413    19     5     5  1966    52
 154 1798.8836  804.4690    17     4     5  1593   298
 155 1616.9805  804.9446    17     4     5  1851   103
 156 1787.7527  805.1622    17     5     5  1590   278
 157 1605.2144  805.7449    21     5     5  2083    85
 158 1776.5204  806.0326    16     5     4  1583   282
 159 1593.6774  806.4612    20     5     5  2082    21
 160 1765.2633  806.9622    17     5     4  1657   265
 161 1582.0063  807.1826    17     4     5  1644    -1
 162 1754.0400  807.7647    17     4     5  1700   275
 163 1570.2290  807.9580    15     4     4  1167   151
 164 1742.9018  808.3915    18     5     5  1766   224
 165 1731.5445  809.1135    18     5     5  1777   176
 166 1720.1527  810.0232    17     5     4  1754   212
 167 1708.9103  810.9114    17     5     5  1781   156
 168 1697.4461  811.6896    20     5     5  1965   189
 169 1686.0216  812.3696    17     4     5  1870   108
 170 1674.6279  813.0875    18     5     5  1877   100
 171 1842.4751  813.2164    11     3     4   751    -1
 172 1663.0683  813.9985    17     5     4  1853   398
 173 1831.5878  814.0653    15     5     4  1217   367
 174 1651.6368  814.8671    19     5     5  1988    69
 175 1820.5594  814.9413    17     5     4  1557   303
 176 1640.0104  815.5824    18     4     5  1956   423
 177 1809.4457  815.8255    18     5     5  1582   442
 178 1628.4309  816.2860    19     5     5  1992    17
 179 1798.3660  816.5282    19     5     5  1659   328
 180 1616.9105  817.1004    18     5     5  1906    63
 181 1787.2258  817.2086    19     5     5  1705   220
 182 1605.1588  817.9852    18     5     4  1914    87
 183 1776.0693  818.0604    15     4     4  1537   352
 184 1593.5361  818.8387    19     5     5  2004   402
 185 1764.9611  818.9536    16     4     4  1609   309
 186 1581.9983  819.5128    17     4     5  1709    -1
 187 1753.7945  819.7993    19     5     5  1792   422
 188 1570.0724  820.2243    14     4     4  1128   198
 189 1742.4892  820.5144    20     5     5  1836   205
 190 1731.1479  821.2506    19     5     5  1836   186
 191 1719.9371  822.0730    16     4     4  1683   192
 192 1708.5948  822.9782    17     5     4  1768   262
 193 1697.1308  823.8111    18     5     5  1829   421
 194 1685.8984  824.5342    18     5     5  1894    75
 195 1842.0556  825.0604    12     4     4   807   373
 196 1674.3368  825.2581    19     5     5  1967    92
 197 1831.0281  825.9511    14     4     4  1181   369
 198 1662.9677  826.0766    17     4     5  1842   411
 199 1820.0820  826.8997    16     4     4  1513   334
 200 1651.3921  827.0089    17     5     4  1860    77
 201 1809.0653  827.7125    15     4     5  1470   317
 202 1639.9335  827.7909    18     5     5  1938   143
 203 1798.0073  828.4105    16     4     5  1549   330
 204 1628.2182  828.5858    20     5     5  2061   122
 205 1786.9516  829.1427    16     4     5  1564   259
 206 1616.8378  829.2960    19     5     5  1989    18
 207 1775.8131  830.0589    17     5     4  1623   253
 208 1605.0731  830.1222    18     4     5  1919    48
 209 1764.6160  830.9790    17     5     4  1660   308
 210 1593.4322  831.0121    17     5     4  1883    45
 211 1753.3452  831.8471    18     5     5  1701   266
 212 1581.9196  831.8857    17     4     5  1677    -1
 213 1742.0977  832.5690    18     5     5  1770   204
 214 1570.1044  832.7222    15     4     5  1200   221
 215 1730.9548  833.2480    17     4     5  1723   177
 216 1719.6953  834.0591    16     5     4  1655   164
 217 1708.3042  834.9443    16     5     4  1653    -1
 218 1696.9775  835.8877    16     4     5  1713   420
 219 1685.6356  836.6874    19     5     5  1916    84
 220 1841.5291  837.0874    11     3     4   756   379
 221 1674.0955  837.4209    18     5     5  1911    90
 222 1830.6645  837.9567    14     4     4  1162   419
 223 1662.8398  838.1612    18     5     5  1877    43
 224 1819.7591  838.8144    18     5     5  1587   312
 225 1651.1969  839.0384    17     5     4  1853    55
 226 1808.7496  839.5073    18     5     5  1585   293
 227 1639.7733  839.9613    17     5     4  1871   147
 228 1797.6949  840.2383    17     5     5  1553   233
 229 1628.1046  840.7898    19     5     5  1954   116
 230 1708.0468  841.0053    18     5     4  1937   178
 231 1786.5459  841.0870    17     5     4  1591   272
 232 1616.6759  841.5692    20     5     5  2069    26
 233 1775.4008  841.9949    17     5     4  1636   273
 234 1605.0151  842.3302    17     4     5  1910    25
 235 1764.1773  842.9238    17     5     4  1631   431
 236 1593.3321  843.0783    18     5     5  1960    24
 237 1753.0416  843.7859    17     4     5  1679   239
 238 1581.8214  843.9815    16     5     4  1612    -1
 239 1741.9374  844.4778    17     4     5  1705   173
 240 1570.1459  844.8589    14     4     4  1118   160
 241 1730.7260  845.2120    18     5     5  1723   129
 242 1719.4020  846.0753    17     5     4  1707   168
 243 1713.0234  846.5794    10     4     3   991   349
 244 1708.0186  847.0389    15     4     4  1585   436
 245 1696.7877  847.9375    17     5     4  1778   136
 246 1685.2974  848.7924    19     5     5  1863   126
 247 1841.1391  848.9174    13     4     4   880   386
 248 1673.9924  849.4919    17     4     5  1833    57
 249 1830.1769  849.8121    13     4     4  1105   343
 250 1662.5862  850.2221    20     5     5  1975    31
 251 1819.2243  850.6103    17     5     5  1521   321
 252 1651.0636  851.1070    15     4     4  1717    49
 253 1808.1966  851.3390    18     5     5  1602   270
 254 1639.5958  851.9970    17     5     4  1842   118
 255 1797.1590  852.1373    17     5     4  1589   245
 256 1628.0248  852.8850    17     4     5  1837    -1
 257 1786.0825  853.0366    15     4     4  1514   291
 258 1616.5029  853.7473    20     5     5  2031   392
 259 1775.0230  853.9616    16     4     4  1582   335
 260 1604.9756  854.4915    18     5     5  1964    10
 261 1763.9475  854.8831    15     4     4  1541   428
 262 1593.2167  855.2493    19     5     5  2023     8
 263 1752.8313  855.6669    18     5     5  1715   225
 264 1581.7652  856.0379    16     5     4  1592    33
 265 1741.6130  856.3957    19     5     5  1755   175
 266 1570.0648  857.0012    14     4     4  1109   134
 267 1730.3089  857.2001    19     5     5  1777   119
 268 1719.0575  858.0704    15     4     4  1602   193
 269 1707.8705  859.0006    16     5     4  1661   243
 270 1696.4659  859.9516    17     5     4  1729   150
 271 1840.5466  860.6244    11     4     4   743   385
 272 1685.0729  860.7692    18     5     5  1799   135
 273 1829.7797  861.4163    15     4     5  1204   342
 274 1673.8717  861.5283    18     5     5  1855    39
 275 1818.9220  862.2382    15     4     5  1468   287
 276 1662.2975  862.3151    19     5     5  1918    59
 277 1807.9146  863.1253    15     4     4  1476   295
 278 1650.9560  863.1564    17     4     5  1793    42
 279 1639.3902  864.0285    17     5     4  1834   140
 280 1796.8836  864.0599    16     4     4  1543   281
 281 1627.9367  864.9459    16     4     4  1771    -1
 282 1785.8481  864.9824    16     5     4  1567   271
 283 1616.3281  865.8569    19     5     5  1939   390
 284 1774.7364  865.8961    17     5     4  1620   430
 285 1604.9015  866.6042    18     5     5  1946    14
 286 1763.5631  866.7693    19     5     5  1726   241
 287 1593.1045  867.4120    18     5     5  1957     6
 288 1752.3575  867.5242    19     5     5  1736   196
 289 1581.7440  868.1468    17     5     5  1637    15
 290 1741.1853  868.2969    19     5     5  1792   167
 291 1730.0298  869.1238    16     4     5  1640   170
 292 1569.9700  869.1325    14     4     4  1100   179
 293 1718.8727  870.0537    17     5     4  1706   159
 294 1707.5494  870.9856    17     5     4  1721   450
 295 1696.1759  871.8897    18     5     5  1770   401
 296 1840.3796  872.3010    11     4     4   741   371
 297 1684.9683  872.7194    17     4     5  1766   110
 298 1829.3488  873.1659    15     4     4  1193   333
 299 1673.6234  873.5360    20     5     5  1916    64
 300 1818.4804  874.0596    17     5     4  1563   294
 301 1662.0950  874.3330    18     5     5  1858    67
 302 1807.4531  874.9924    16     5     4  1525   289
 303 1650.8276  875.1284    18     5     5  1831    34
 304 1796.4091  875.9396    17     5     4  1587   268
 305 1639.2398  876.0467    17     5     4  1834   404
 306 1785.3276  876.8817    18     5     5  1631   277
 307 1627.8272  876.9724    17     5     4  1828   425
 308 1774.2419  877.6932    16     5     5  1540   279
 309 1616.1881  877.8793    19     5     5  1928    -1
 310 1763.1521  878.5180    18     5     5  1679   231
 311 1604.7989  878.7025    19     5     5  1977    12
 312 1752.0599  879.2579    17     4     5  1668   183
 313 1593.0427  879.5163    18     5     5  1943    11
 314 1740.9776  880.1376    16     4     5  1625   185
 315 1581.6352  880.2480    19     5     5  1712     7
 316 1729.8225  881.0456    17     5     4  1684   180
 317 1569.9950  881.1542    14     4     4  1102   130
 318 1718.5338  881.9959    17     5     4  1707   169
 319 1707.2333  882.9298    18     5     4  1740   400
 320 1696.0238  883.8032    16     4     5  1684   448
 321 1839.6794  884.0381    13     4     4   873   383
 322 1684.7890  884.6352    19     5     5  1860    70
 323 1828.9367  885.0122    14     4     4  1190   340
 324 1673.2954  885.4087    19     5     5  1859    96
 325 1818.0241  885.9264    15     4     4  1477   300
 326 1661.9936  886.2457    17     4     5  1790    36
 327 1807.0414  886.8582    15     4     4  1487   311
 328 1650.6139  887.0607    17     5     5  1772    22
 329 1796.0425  887.7308    16     4     5  1541   274
 330 1639.0853  888.0537    16     4     4  1750    -1
 331 1785.0211  888.5369    16     4     5  1558   244
 332 1627.6919  888.9717    17     5     4  1840   106
 333 1773.9752  889.3459    16     4     5  1585   318
 334 1616.0858  889.8819    18     5     5  1861    -1
 335 1762.9389  890.1683    16     4     5  1602   215
 336 1604.6772  890.7614    19     5     5  1960    41
 337 1751.8384  891.1010    17     5     4  1642   194
 338 1593.0117  891.5516    16     4     5  1828    30
 339 1740.6773  892.0416    17     5     4  1668   172
 340 1581.4961  892.3307    19     5     5  1724    16
 341 1729.4477  892.9727    16     5     4  1642   187
 342 1569.9861  893.1423    14     4     4  1097    88
 343 1718.2158  893.9148    17     5     4  1677   166
 344 1707.0366  894.8089    16     4     5  1661   240
 345 1695.8763  895.6254    18     5     5  1777    94
 346 1839.4188  895.6878    11     3     4   747   443
 347 1684.4977  896.4615    21     5     5  1908    50
 348 1828.4612  896.7112    14     5     4  1112   344
 349 1673.1007  897.3009    18     5     5  1804    81
 350 1817.6816  897.5410    19     5     5  1633   264
 351 1661.9091  898.1552    18     5     5  1802    51
 352 1806.7437  898.3484    17     5     5  1523   247
 353 1650.3787  899.0418    17     5     4  1806    47
 354 1795.7587  899.2288    16     5     5  1519   234
 355 1638.9841  900.0191    16     4     4  1742   403
 356 1784.7456  900.1296    17     5     5  1587   226
 357 1627.5368  900.9841    17     5     4  1827    -1
 358 1773.6831  901.0779    16     5     4  1570   316
 359 1616.0280  901.8413    17     4     5  1814   407
 360 1762.5855  902.0409    16     5     4  1595   227
 361 1604.5513  902.7535    19     5     5  1964    20
 362 1751.4356  902.9647    16     5     4  1607   184
 363 1592.9870  903.5490    17     4     5  1891     9
 364 1740.2978  903.9342    16     5     4  1606   207
 365 1581.4066  904.3599    19     5     5  1721    46
 366 1729.1187  904.8465    17     5     5  1684   165
 367 1569.9684  905.1304    14     4     4  1095   127
 368 1718.0247  905.7176    17     4     5  1700   152
 369 1706.8816  906.5128    18     5     5  1757   209
 370 1695.6017  907.3547    20     5     5  1826    62
 371 1838.8350  907.4150    12     4     4   800   363
 372 1828.0139  908.2100    14     4     4  1169   345
 373 1684.2149  908.2587    19     5     5  1841    78
 374 1817.1499  909.1276    16     5     4  1517   283
 375 1672.9831  909.1520    16     4     5  1688   101
 376 1661.6747  910.0490    16     5     4  1687    72
 377 1806.2174  910.0652    17     5     4  1579   248
 378 1795.2728  911.0007    17     5     4  1607   251
 379 1650.2167  911.0095    17     5     4  1796   394
 380 1784.2720  911.9522    17     5     4  1613   228
 381 1638.8907  911.9541    16     4     4  1747    65
 382 1773.2400  912.9230    15     5     4  1523   254
 383 1627.3595  912.9277    17     5     5  1804    -1
 384 1615.9776  913.7498    17     4     5  1855    60
 385 1762.1602  913.8925    16     5     4  1577   232
 386 1604.4063  914.6765    21     5     5  2053    35
 387 1751.0729  914.8126    15     4     5  1553   222
 388 1592.9809  915.4580    17     4     5  1873     2
 389 1740.0378  915.6489    16     4     5  1633   218
 390 1581.3191  916.3115    19     5     5  1735     4
 391 1728.9669  916.4610    16     4     5  1646   148
 392 1569.9520  917.1237    13     4     4  1046   149
 393 1717.8455  917.3114    16     5     5  1622   114
 394 1706.5884  918.1941    19     5     5  1787   117
 395 1838.4122  918.9683    11     3     4   755   366
 396 1695.2736  919.1391    18     5     5  1770    79
 397 1827.6540  919.9599    14     4     4  1161   341
 398 1684.0342  920.0991    15     4     4  1628   396
 399 1816.8655  920.8950    15     4     4  1464   304
 400 1672.8398  921.0420    17     5     4  1730   397
 401 1805.9390  921.8580    15     4     4  1479   288
 402 1661.4322  921.9820    16     5     4  1715   393
 403 1794.9701  922.7636    16     4     5  1536   250
 404 1650.0629  922.9349    16     4     4  1722   105
 405 1783.9913  923.6749    17     4     5  1599   235
 406 1638.7602  923.8950    18     5     5  1857    73
 407 1772.9929  924.5436    16     4     5  1579   237
 408 1627.1870  924.8078    17     5     5  1802    80
 409 1761.9537  925.3973    16     4     5  1589   200
 410 1615.9303  925.6215    18     5     5  1904    28
 411 1750.9208  926.2649    15     4     5  1558   182
 412 1604.2621  926.4911    19     5     5  1959    27
 413 1739.8501  927.1744    17     5     5  1664   144
 414 1592.9481  927.3253    17     5     5  1852     1
 415 1728.7084  928.0918    16     5     4  1606   139
 416 1581.2523  928.1645    18     5     5  1663    44
 417 1717.5108  929.0546    17     5     4  1683   132
 418 1569.9505  929.1163    13     4     4  1054   181
 419 1706.2494  930.0197    17     5     4  1712    -1
 420 1837.9521  930.4521    10     4     3   688   381
 421 1695.0606  931.0087    16     4     4  1667   415
 422 1827.2025  931.4275    13     4     4  1050   339
 423 1683.9041  931.9737    15     4     4  1626   395
 424 1816.3984  932.3274    18     5     5  1520   269
 425 1672.5933  932.9446    17     5     4  1761   146
 426 1805.5588  933.2043    18     5     5  1546   238
 427 1661.2039  933.8877    18     5     5  1795   138
 428 1794.6227  934.1407    17     5     4  1543   213
 429 1649.9904  934.7628    17     4     5  1786    89
 430 1783.6564  935.0949    16     5     4  1548   199
 431 1638.5903  935.7019    19     5     5  1891    68
 432 1772.6419  936.0857    16     5     4  1582   417
 433 1627.0675  936.5613    18     5     5  1878    76
 434 1761.6429  937.0641    16     5     4  1619   208
 435 1615.8681  937.3558    19     5     5  1928     5
 436 1750.5480  938.0270    16     5     4  1633   162
 437 1604.1737  938.3088    19     5     5  1949    23
 438 1739.4368  938.9865    16     5     4  1655   202
 439 1592.8621  939.1831    17     5     5  1822     3
 440 1728.3245  939.9582    16     5     4  1649   128
 441 1581.2147  940.0758    17     5     4  1628    32
 442 1717.1446  940.9309    17     5     4  1711   405
 443 1569.9415  941.1049    14     4     4  1110   201
 444 1837.4855  941.7754    10     3     4   569   388
 445 1706.0392  941.8916    16     4     4  1681   158
 446 1694.9218  942.8662    15     4     4  1632   406
 447 1826.8008  942.9280    13     4     4   886   368
 448 1683.6818  943.7871    19     5     5  1852    98
 449 1816.0033  943.9447    14     4     4  1161   354
 450 1672.3163  944.7299    20     5     5  1909   120
 451 1805.0739  944.8954    13     4     4  1171   346
 452 1661.0394  945.5737    16     4     5  1764   104
 453 1794.1353  945.8546    13     4     4  1245   315
 454 1649.8954  946.4188    18     5     5  1861    53
 455 1783.1495  946.8490    13     4     4  1309   305
 456 1638.3745  947.3214    19     5     5  1930    29
 457 1772.1605  947.8195    14     4     4  1398   290
 458 1627.0129  948.2574    17     4     5  1860    37
 459 1761.1444  948.7929    16     5     5  1517   263
 460 1615.7102  949.1224    18     5     5  1880    13
 461 1750.1163  949.7381    16     5     5  1535   249
 462 1604.1187  950.0875    17     5     4  1844    40
 463 1739.0848  950.6853    15     4     5  1511   242
 464 1592.7697  951.0242    18     5     4  1890    19
 465 1728.0364  951.5664    16     4     5  1583   188
 466 1581.1947  951.9559    15     4     4  1487    38
 467 1716.9841  952.4439    16     4     5  1585   161
 468 1569.8274  952.9594    14     4     4  1094   171
 469 1705.9028  953.3628    16     4     5  1587   145
 470 1694.7205  954.2756    17     5     5  1612   112
 471 1683.4238  955.2054    18     5     5  1701   113
 472 1672.1097  956.1604    16     4     5  1648    99
 473 1660.9412  957.1259    15     4     4  1600    95
 474 1812.9980  957.7495   100    28     7  5998     0
 475 1649.6772  958.0420    16     5     4  1658    82
 476 1638.2328  959.0311    17     5     4  1767    74
 477 1626.9363  960.0271    16     4     4  1648    66
 478 1615.5335  960.9708    16     5     4  1605    56
 479 1604.0852  961.9119    16     4     4  1504   109
 480 1592.6982  962.9543    16     5     4  1456   121
 481 1581.1699  963.8349    13     4     4  1068   284
 482 1569.7662  964.6948    13     4     4   804   292
 483 1797.2857  968.8929     5     3     2   278   389
 484 1606.8810  975.2143     6     3     3   321    -1
 485 1627.9841  975.9841     5     3     2   376    -1
 486 1587.9869  977.0678   123    28     8  7522   391
 487 1597.2143  983.3429    12     3     6   670    -1
 488 2076.9286 1944.3571     6     4     3   307    -1
 489 2432.4711 1951.6809   148    14    23  8058    -1
 490 2448.4663 1953.0281    87     8    23  4795    -1
 491 2073.0000 1982.8333     5     4     2   256    -1
