487
   0 1080.2457  519.9393    55    16     5  2923    -1
   1 1089.0349  538.5498   188    25    23 10705    -1
   2 1108.5169  546.4661    29     4    10  1509    -1
   3 1082.4899  546.5000    34     7     8  1799    -1
   4 1087.3000  547.1000     5     3     2   255    -1
   5 1114.2385  737.6385     5     2     4   315    -1
   6 1158.2288  754.9068    15     6     3   809   454
   7  898.1618  766.9265     5     2     3   318   450
   8 1155.7144  770.0733    17     5     5  1307    -1
   9 1142.7184  771.0675    18     5     4  1811    -1
  10  861.6668  771.4345   130    25    13  7813   228
  11 1129.8019  771.8530    20     5     5  2272    -1
  12 1116.8174  772.6758    21     5     5  2455   245
  13 1103.7696  773.5078    23     5     5  2697   170
  14 1090.7849  774.3262    23     6     5  2761   125
  15 1077.7583  775.1458    21     5     6  2583   158
  16 1064.6517  775.8959    22     5     6  2623   140
  17 1051.5240  776.6550    22     5     5  2681   156
  18 1038.4285  777.5345    21     5     5  2645   183
  19 1025.1914  778.3881    23     6     5  2634   189
  20 1011.8329  779.2141    21     6     5  2456   194
  21  998.5606  780.0000    23     5     6  2536   207
  22  985.2633  780.7611    22     6     5  2456   237
  23  971.7504  781.6029    23     6     5  2540   234
  24  958.4748  782.4727    22     5     5  2530   257
  25 1156.3114  783.1167    18     5     5  1727   291
  26  944.9288  783.2583    22     6     5  2399   258
  27 1143.4735  784.0920    22     5     6  2497    -1
  28  931.4634  784.1256    24     5     6  2458   298
  29  917.8921  784.8457    24     6     6  2409   322
  30 1130.5805  784.8722    24     5     6  2828    -1
  31  904.4151  785.6302    22     5     5  2337   319
  32 1117.6178  785.6550    22     5     5  2739    -1
  33 1104.6211  786.5225    22     5     5  2743   151
  34  890.6522  786.5308    22     5     5  2237   329
  35  877.1253  787.4187    23     6     5  2060   350
  36 1091.6044  787.4350    21     5     5  2649   100
  37 1078.6141  788.2942    22     5     5  2616   116
  38  863.4729  788.3103    22     5     5  1912   362
  39  849.7376  789.0921    18     5     4  1405   381
  40 1065.5590  789.0934    23     5     6  2574   120
  41 1052.4528  789.8467    24     5     6  2599   137
  42  836.2273  790.1212    16     4     4   932   389
  43 1039.3436  790.6654    22     5     5  2539   442
  44 1026.1271  791.5388    23     6     5  2515   192
  45 1012.7601  792.3828    23     6     5  2507   182
  46  999.5556  793.3324    23     5     5  2534   180
  47  986.2753  794.0944    22     5     6  2377   213
  48  972.8674  794.8504    22     6     5  2333   243
  49  959.4900  795.6206    22     5     5  2402   432
  50 1157.0389  796.2022    18     4     5  1659    -1
  51  946.0840  796.5552    23     6     5  2364   290
  52 1144.2209  797.0932    20     5     5  2315   428
  53  932.5326  797.4418    21     5     5  2339   284
  54 1131.3610  797.9328    22     5     6  2632    -1
  55  919.0771  798.2320    23     6     5  2318   310
  56 1118.4486  798.7399    22     5     5  2655   173
  57  905.5214  799.1139    23     5     6  2274   315
  58 1105.4853  799.6007    21     5     5  2679   103
  59  891.9174  799.8777    22     6     5  2183   342
  60 1092.4902  800.5122    21     5     5  2688    60
  61  878.3678  800.6942    22     5     5  2212   374
  62 1079.5045  801.3983    21     5     5  2614    76
  63  864.5769  801.5493    22     5     5  2257   354
  64 1066.4581  802.2617    22     5     5  2556    83
  65  851.0188  802.4147    23     6     5  2029   367
  66 1053.3704  803.0521    22     5     6  2473   118
  67  837.3956  803.2493    19     5     5  1333   436
  68 1040.2329  803.8478    20     5     5  2363   152
  69 1027.0611  804.7050    21     6     5  2401   163
  70 1013.7265  805.5619    22     5     5  2473   154
  71 1000.5263  806.4619    21     5     5  2494   171
  72  987.3496  807.3437    22     5     5  2456   218
  73  973.9251  808.1573    22     6     5  2349   219
  74  960.5523  808.9739    22     5     6  2324   251
  75 1157.8320  809.1383    18     5     5  1641   427
  76  947.2158  809.8042    21     6     5  2250   278
  77 1144.9702  810.0496    18     4     5  2159   195
  78  933.6234  810.6329    22     5     5  2364   271
  79 1132.1396  810.8829    20     5     5  2512   426
  80  920.3483  811.5282    23     6     5  2356   296
  81 1119.2163  811.7751    20     5     5  2512    94
  82  906.5962  812.4279    22     5     5  2306   293
  83 1106.3367  812.6140    22     5     5  2662   233
  84  893.1941  813.2586    24     6     5  2331   327
  85 1093.3900  813.5057    21     5     5  2641    50
  86  879.5373  814.1505    22     5     5  2173   320
  87 1080.4012  814.4270    21     5     5  2598    74
  88  865.8523  814.9575    24     6     6  2236   349
  89 1067.3435  815.2986    22     5     5  2570   239
  90  852.3397  815.7987    21     5     5  1917   369
  91 1054.2702  816.1527    21     5     5  2438   113
  92  838.5997  816.7353    20     5     5  1391   385
  93 1041.1721  816.9635    23     6     6  2492   143
  94 1027.9660  817.8283    22     6     5  2437   292
  95 1014.7153  818.6627    22     5     5  2489   144
  96 1001.5219  819.5308    21     5     5  2511   176
  97  988.3893  820.4740    22     5     5  2482   313
  98  974.9641  821.3098    23     6     5  2417   209
  99 1158.4863  822.0055    16     5     4  1528   357
 100  961.6137  822.2302    22     5     5  2349   217
 101 1145.6862  822.9615    19     5     5  2196   413
 102  948.2737  823.0457    22     5     6  2293   446
 103 1132.8589  823.8353    20     5     5  2488   309
 104  934.7746  823.8618    21     5     5  2219   268
 105  921.3983  824.6950    23     5     5  2350   297
 106 1119.9896  824.7044    20     6     5  2448   304
 107 1107.0993  825.6063    22     6     5  2540   435
 108  907.7719  825.6215    23     6     5  2327   371
 109 1094.2132  826.5028    23     5     5  2597   331
 110  894.4339  826.5184    21     5     5  2245   325
 111 1081.2459  827.3986    22     5     5  2560   332
 112  880.6434  827.4027    22     5     5  2230   318
 113 1068.2123  828.2732    22     5     5  2511   410
 114  867.2135  828.2856    23     6     5  2232   337
 115  853.5788  829.1732    22     5     5  1963   345
 116 1055.1728  829.1750    21     6     5  2410   335
 117  839.9831  830.0113    18     5     4  1254   377
 118 1042.0532  830.0418    24     6     6  2516   351
 119 1028.8740  830.8831    22     6     5  2413   135
 120 1015.6821  831.7389    22     5     5  2473   359
 121 1002.5134  832.5924    21     5     5  2468   368
 122  989.3937  833.5335    21     5     5  2424   201
 123  976.0175  834.4378    23     6     5  2404   376
 124 1159.2143  834.9539    17     5     4  1522   412
 125  962.6231  835.3593    22     5     5  2408   380
 126 1146.4409  835.8559    20     5     5  2270    67
 127  949.3715  836.2638    22     5     5  2353   249
 128 1133.6133  836.7049    22     5     5  2662   400
 129  935.9019  837.0886    23     6     6  2307   391
 130 1120.7442  837.6043    22     5     5  2615   175
 131  922.4965  837.9567    22     5     6  2232   399
 132 1107.8715  838.5386    23     5     5  2574    56
 133  909.0421  838.8469    22     6     5  2227   312
 134 1094.9765  839.4415    22     6     5  2502    22
 135  895.5000  839.6497    22     5     5  2262    -1
 136 1082.0309  840.3477    21     6     5  2442    -1
 137  881.9565  840.6210    24     6     5  2291   388
 138 1069.0613  841.2365    21     6     5  2420   129
 139  868.4475  841.5245    21     5     5  2193   341
 140 1056.0104  842.1382    22     6     5  2446   105
 141  854.7139  842.3914    21     5     5  1943    -1
 142 1042.9282  843.0285    24     6     6  2517   236
 143  841.2040  843.3075    19     5     5  1298    -1
 144 1029.8115  843.8953    20     5     5  2313   193
 145 1016.6645  844.7684    22     5     5  2456   142
 146 1003.5115  845.6303    21     5     5  2439   402
 147  990.3864  846.5674    22     5     5  2464   247
 148  977.0657  847.5135    24     6     5  2455   186
 149 1159.9218  847.7035    18     4     5  1578   212
 150  963.6457  848.4375    22     5     5  2397   328
 151 1147.1433  848.6164    20     5     5  2228    81
 152  950.4551  849.3716    22     5     5  2393   289
 153 1134.4046  849.5551    21     5     5  2664    38
 154  937.0597  850.1962    22     6     5  2272   273
 155 1121.5569  850.4790    21     5     5  2668    82
 156  923.6228  851.1484    22     5     5  2232   393
 157 1108.6417  851.4350    21     5     5  2574    47
 158  910.2285  851.9995    22     6     6  2183   445
 159 1095.7607  852.3419    22     5     5  2542    86
 160  896.6627  852.8965    21     5     5  2132   287
 161 1082.8447  853.2370    20     5     5  2384   102
 162  883.2240  853.8025    21     6     5  2108   434
 163 1069.8720  854.1525    21     6     5  2394    -1
 164  869.5632  854.6518    22     5     5  2207   439
 165 1056.8748  855.0641    21     5     6  2360   126
 166  856.1300  855.6241    21     6     5  1896   352
 167 1043.8204  855.9531    21     5     6  2361   160
 168  842.5025  856.5667    21     5     5  1455   382
 169 1030.7428  856.8585    20     5     5  2322   108
 170 1017.6173  857.7419    22     5     5  2464   178
 171 1004.4985  858.6324    21     5     5  2425   211
 172  991.3888  859.5869    22     5     5  2458   177
 173 1160.7418  860.5329    20     5     5  1761   150
 174  978.1084  860.5396    23     6     5  2386   254
 175 1147.9191  861.4528    20     5     5  2186    69
 176  964.6894  861.4624    21     5     5  2301   261
 177 1135.1441  862.3730    21     5     5  2483   409
 178  951.5038  862.4218    21     5     5  2355   208
 179  938.1941  863.2766    23     6     5  2327   303
 180 1122.3439  863.3279    22     5     5  2593    58
 181  924.7031  864.2228    21     5     5  2197   300
 182 1109.4835  864.2552    21     5     5  2504    44
 183  911.3745  865.1408    21     5     5  2158   262
 184 1096.5799  865.1731    21     5     5  2451    -1
 185  897.8407  866.0518    23     6     6  2192   336
 186 1083.6753  866.1006    20     5     5  2352    75
 187  884.4065  866.9450    22     5     6  2127   344
 188 1070.7237  867.0102    20     5     6  2323   106
 189  870.8012  867.8698    21     6     5  2056   314
 190 1057.7540  867.9249    21     5     6  2361   348
 191  857.3977  868.7854    21     5     5  1891   384
 192 1044.7411  868.8527    20     5     5  2327   139
 193  843.7825  869.7355    18     5     5  1261   395
 194 1031.6615  869.7817    22     5     5  2431   161
 195 1018.5732  870.6604    22     5     5  2453    -1
 196 1005.4780  871.6014    21     5     5  2411   200
 197  992.3837  872.5532    21     5     5  2366   253
 198 1161.2899  873.1331    18     5     5  1595   136
 199  979.1339  873.5352    24     6     5  2421   162
 200 1148.5881  874.1203    20     5     5  2180    65
 201  965.7605  874.4556    24     6     5  2417   246
 202 1135.8724  875.1211    20     5     5  2391     9
 203  952.5285  875.4244    21     5     5  2347   240
 204 1123.1075  876.0831    20     5     5  2353    40
 205  939.3098  876.3428    22     5     5  2309   220
 206 1110.2832  877.0152    20     5     6  2347    37
 207  925.8257  877.2423    21     6     5  2183   286
 208 1097.4201  877.9460    21     5     6  2402    78
 209  912.4964  878.2238    23     5     5  2265   306
 210 1084.5298  878.8875    21     5     5  2392    73
 211  899.0670  879.1123    22     6     5  2160   433
 212 1071.5943  879.8304    21     5     5  2418   383
 213  885.5635  880.0694    21     5     5  2058   339
 214 1058.6208  880.7677    22     5     5  2482   121
 215  872.0883  880.9764    23     6     6  2124   353
 216 1045.6223  881.6953    22     5     5  2498   123
 217  858.6223  881.9132    20     5     5  1801   334
 218 1032.5823  882.6277    22     5     5  2486   386
 219  845.1031  882.9708    16     4     4  1125   397
 220 1019.5244  883.5812    21     5     5  2442   166
 221 1006.4365  884.5202    21     5     5  2389   196
 222  993.3825  885.5123    21     5     5  2352   159
 223 1161.9871  885.9658    16     4     4  1457    84
 224  980.1578  886.4684    24     6     5  2404   215
 225 1149.3527  886.9014    19     5     5  2131    45
 226  966.8255  887.4222    23     6     5  2345   226
 227 1136.6026  887.8280    21     5     5  2483     7
 228  953.5711  888.3938    21     5     5  2302    -1
 229 1123.8360  888.7821    20     5     5  2393    39
 230  940.3994  889.3516    22     5     5  2313   244
 231 1111.0473  889.7433    21     6     5  2402    42
 232  926.9914  890.2579    22     6     5  2207   267
 233 1098.2227  890.7170    22     5     5  2492    53
 234 1006.8381  891.0028    27     6     6  2607   128
 235  913.5915  891.2319    22     5     5  2204   449
 236 1085.4037  891.6288    21     5     5  2525    61
 237  900.2655  892.1397    21     5     5  2099   302
 238 1072.4766  892.6009    21     5     5  2546    99
 239  886.7369  893.1056    20     5     5  2009   326
 240 1059.5313  893.5780    21     5     5  2550   110
 241  873.3215  894.0385    20     5     5  1975   425
 242 1046.5417  894.5363    21     5     5  2536    96
 243  859.8151  894.9987    18     5     4  1684   373
 244 1033.5345  895.5028    21     5     5  2499   132
 245  846.4043  895.9259    18     5     4  1224   394
 246 1020.5157  896.4636    21     5     5  2453   387
 247 1013.1638  896.9407    15     5     4  1458   330
 248 1007.3807  897.4867    21     5     5  2333   185
 249  994.3769  898.4263    22     5     5  2375   179
 250 1162.8864  898.5029    18     5     5  1578   114
 251  981.1784  899.3663    22     5     5  2297   448
 252 1150.0350  899.4983    20     5     5  2144    30
 253  967.8998  900.3255    21     6     5  2213   224
 254 1137.3929  900.4809    21     5     5  2618     5
 255  954.6436  901.3189    22     5     5  2298   223
 256 1124.6209  901.4712    21     5     5  2580    20
 257  941.4666  902.2928    22     5     5  2268    -1
 258 1111.8293  902.4669    22     5     5  2488    23
 259  928.1636  903.1931    21     6     5  2135   294
 260 1099.0504  903.4149    21     6     5  2389    43
 261  914.7318  904.1701    21     5     5  2120   285
 262 1086.2164  904.4038    22     5     5  2482    55
 263  901.4122  905.1384    21     5     5  2098   252
 264 1073.3671  905.3859    21     5     5  2487    92
 265  887.9710  906.0890    22     6     5  2100   308
 266 1060.4245  906.3787    21     5     5  2493    93
 267  874.5259  907.0843    21     5     5  2017   338
 268 1047.4689  907.3594    21     5     5  2465    91
 269  861.1285  908.0020    20     6     4  1759   438
 270 1034.4785  908.3304    21     5     5  2400    -1
 271  847.6333  908.9889    16     5     4  1115   398
 272 1021.4606  909.3063    21     5     5  2346   127
 273 1008.4275  910.2625    22     5     5  2342   131
 274 1163.4372  910.9962    16     5     4  1453   130
 275  995.3181  911.2301    21     5     5  2243   424
 276 1150.7855  912.0576    19     5     5  2078    29
 277  982.1890  912.1812    20     5     5  2148   206
 278 1138.1399  913.1086    20     5     5  2344     0
 279  968.9385  913.1649    22     6     5  2231   198
 280 1125.4180  914.0975    21     5     5  2404    14
 281  955.7210  914.1578    20     5     5  2122   229
 282 1112.6030  915.0715    20     5     5  2349    16
 283  942.5248  915.1385    22     5     5  2190   225
 284 1099.8129  916.0825    20     5     5  2339    26
 285  929.2634  916.1085    20     5     5  2065   263
 286 1087.0128  917.0579    22     6     5  2387    49
 287  915.8693  917.0773    21     6     5  2079   276
 288 1074.1649  918.0671    20     5     5  2289    64
 289  902.5480  918.0902    21     5     5  2070   288
 290  889.1910  919.0201    19     5     5  1921   316
 291 1061.2914  919.0569    19     5     5  2225    62
 292  875.7105  920.0295    19     5     5  1900   333
 293 1048.3640  920.0494    20     5     6  2265    95
 294  862.3698  920.9844    18     5     4  1668   375
 295 1035.3900  921.0534    21     5     6  2277   124
 296  848.9967  922.0132    17     5     4  1154   396
 297 1022.3812  922.0406    20     5     6  2195    98
 298 1009.3528  923.0279    20     5     6  2182   138
 299 1163.9827  923.6631    17     4     5  1457    35
 300  996.2894  924.0135    20     5     6  2149   153
 301 1151.5121  924.7363    21     5     5  2294     8
 302  983.1642  925.0073    20     5     6  2096   184
 303 1138.8542  925.6757    20     5     5  2372     1
 304  970.0038  926.0000    22     6     6  2162    -1
 305 1126.1459  926.6862    21     5     5  2414    13
 306  956.7723  926.9972    20     5     6  2076   235
 307 1113.4422  927.6761    21     5     5  2504    11
 308  943.5688  927.9750    22     5     6  2161    -1
 309 1100.6149  928.6797    21     5     5  2486    32
 310  930.3526  928.9653    19     5     5  1988    -1
 311 1087.7960  929.7119    20     5     5  2331    31
 312  917.0683  929.9733    22     6     5  2110   282
 313 1074.9996  930.6926    20     6     5  2277    54
 314  903.6695  930.9716    19     5     5  1953   355
 315 1062.1679  931.7147    20     5     5  2304    72
 316  890.3675  931.9455    20     5     5  1981   404
 317 1049.2664  932.7321    22     5     5  2410    89
 318  876.8955  932.9740    22     6     5  2043   305
 319 1036.3310  933.7235    22     5     5  2402   115
 320  863.5869  933.9332    20     5     5  1748   405
 321 1023.3546  934.7100    22     5     5  2386   109
 322  850.1131  934.9721    16     4     4  1105   447
 323 1010.3419  935.7239    22     5     5  2346   147
 324 1164.8563  936.1007    15     4     4  1331    68
 325  997.2716  936.7636    21     5     5  2241    -1
 326 1152.2079  937.1714    20     5     5  2123    10
 327  984.1717  937.7808    21     6     5  2186   169
 328 1139.5748  938.1937    22     5     5  2504     2
 329  971.0427  938.7746    21     6     5  2139   203
 330 1126.9161  939.2221    20     5     5  2317    15
 331  957.8094  939.7975    21     6     5  2149   411
 332 1114.2147  940.2319    20     5     5  2339     4
 333  944.6335  940.7795    22     5     5  2209   232
 334 1101.4501  941.2714    21     5     5  2454    34
 335  931.4546  941.7780    22     5     5  2179    -1
 336 1088.6174  942.3127    22     5     5  2488    28
 337  918.2190  942.8167    20     5     5  2039   372
 338 1075.8450  943.3139    20     5     5  2284    51
 339  904.8051  943.8268    21     6     5  2066   260
 340 1063.0084  944.3329    20     6     5  2251    -1
 341  891.4940  944.7920    22     5     5  2100   444
 342 1050.1478  945.3457    20     5     5  2238   421
 343  878.1998  945.8446    21     6     5  1996   429
 344 1037.2276  946.3809    22     5     5  2359    97
 345  864.7480  946.8655    20     5     5  1766   356
 346 1024.2922  947.4076    21     5     5  2306   227
 347  851.4260  947.9019    17     5     4  1161   392
 348 1011.3170  948.4278    21     5     5  2296    -1
 349 1165.5150  948.7571    20     5     5  1665    -1
 350  998.2917  949.4612    21     5     5  2260   146
 351 1152.9107  949.6179    19     5     5  2019    -1
 352  985.2253  950.4895    21     5     5  2193   301
 353 1140.3768  950.6830    22     5     5  2504     3
 354  972.0751  951.5046    22     6     5  2185   204
 355 1127.6649  951.7423    20     5     5  2358    -1
 356  958.8848  952.5325    23     6     5  2226   197
 357 1114.9628  952.7706    21     6     5  2288   406
 358  945.6744  953.5219    21     5     5  2191   216
 359 1102.2585  953.8238    20     5     5  2300   407
 360  932.5295  954.5547    21     5     5  2238   259
 361 1089.4992  954.8660    21     5     5  2326   346
 362  919.3656  955.5685    21     5     5  2159   264
 363 1076.6653  955.8895    20     5     5  2258   295
 364  906.0035  956.5894    20     6     5  1995   358
 365 1063.8361  956.9143    20     5     5  2214    -1
 366  892.6284  957.5958    21     5     5  2094   360
 367 1050.9991  957.9657    22     6     5  2266   269
 368  879.3921  958.6127    21     5     5  2079   317
 369 1038.1216  958.9952    19     5     5  2105   148
 370  866.0228  959.6260    20     6     5  1746   430
 371 1025.1820  960.0100    18     5     4  2051   283
 372  852.6801  960.8354    19     5     5  1272   437
 373 1166.1257  961.0376    15     4     4  1295    -1
 374 1012.2362  961.0476    19     5     5  2095   307
 375 1153.5856  962.0252    19     5     5  2001    -1
 376  999.2336  962.0799    20     5     5  2126   174
 377 1141.0841  963.1106    20     5     5  2243    17
 378  986.1886  963.1164    20     5     5  2108   299
 379  973.1068  964.1540    21     6     5  2131   311
 380 1128.4382  964.1664    20     5     5  2310   248
 381  959.9515  965.1861    22     6     5  2161   230
 382 1115.7451  965.1979    20     5     5  2281   168
 383  946.7746  966.2143    20     5     5  2078   340
 384 1103.0523  966.2906    20     6     5  2213   408
 385  933.5821  967.2828    22     5     5  2196   265
 386 1090.3219  967.3250    21     5     5  2364   141
 387  920.4406  968.3292    21     5     5  2145   277
 388 1077.5137  968.3841    21     5     5  2439   149
 389  907.2006  969.3343    21     5     5  2052   364
 390 1064.6833  969.4650    21     5     5  2365    80
 391  893.8032  970.3631    22     5     5  2086   361
 392 1051.8730  970.5067    21     5     5  2251   107
 393  880.5341  971.4091    21     5     5  2106   403
 394 1038.9957  971.5358    21     6     5  2222   190
 395  867.2893  972.4467    21     5     5  1819   363
 396 1026.1045  972.5805    21     6     5  2218   172
 397 1166.9448  973.4089    16     4     5  1371    18
 398  854.0375  973.4902    17     5     5  1157   401
 399 1013.1584  973.6528    21     5     5  2215   157
 400 1154.2715  974.4390    21     5     5  2214     6
 401 1000.2057  974.7300    21     5     5  2202   241
 402 1141.8233  975.5451    20     5     5  2330    33
 403  987.1848  975.7912    20     5     5  2123   191
 404 1129.1543  976.5654    21     5     5  2320    24
 405  974.1295  976.8486    21     6     5  2143   202
 406 1116.5308  977.6963    21     5     5  2415    27
 407  961.0240  977.9100    22     6     5  2161   274
 408 1103.8078  978.7441    20     5     5  2225    41
 409  947.8479  978.9519    20     5     5  2029   270
 410 1091.1137  979.8144    20     5     5  2196    85
 411  934.6968  979.9742    19     5     5  1956   242
 412 1078.3944  980.9040    20     5     5  2203    88
 413  921.5282  981.0050    20     5     4  1992   323
 414 1065.5528  981.9391    21     5     5  2225    87
 415  908.3305  982.0282    19     5     5  1906   343
 416 1052.7310  982.9836    18     5     4  2060   122
 417  895.0464  983.0464    22     6     5  2048   370
 418 1039.8907  984.0323    19     5     5  2094   117
 419  881.6909  984.1063    21     5     5  1977   366
 420 1027.0265  985.0954    22     6     5  2232   133
 421  868.5204  985.1240    19     5     5  1684   431
 422 1167.5100  985.9136    18     5     5  1502    25
 423  855.1226  986.1528    16     4     4  1065   441
 424 1014.1245  986.1699    20     5     5  2145   187
 425 1154.9808  986.8440    18     4     5  1865    12
 426 1001.1754  987.2500    20     5     5  2140   188
 427 1142.5336  987.9005    19     5     5  2201    36
 428  988.1723  988.3277    20     5     5  2132   181
 429 1129.9168  988.9714    18     5     4  2090    19
 430  975.1486  989.4031    22     6     5  2204   214
 431 1117.3197  990.0492    19     5     5  2159    48
 432  962.0681  990.4784    22     6     5  2165   222
 433 1104.5834  991.1057    20     5     5  2235    52
 434  948.9475  991.5286    22     6     5  2148   256
 435 1091.9360  992.2163    20     5     5  2188    59
 436  935.7635  992.5711    21     5     5  2105   280
 437 1079.2065  993.2976    20     5     5  2230    77
 438  922.6057  993.6544    21     5     5  2138   266
 439 1066.4216  994.3708    21     5     5  2389    90
 440  909.4686  994.7076    21     5     5  2100   347
 441 1053.6231  995.4775    21     5     5  2382    70
 442  896.2560  995.8146    20     5     5  1963   378
 443 1040.7692  996.5752    21     5     5  2287   111
 444  882.8688  996.8743    21     6     5  1953    -1
 445 1027.9165  997.6234    21     6     5  2217   134
 446 1168.1536  997.9321    14     4     4   980    79
 447  869.6433  997.9438    19     5     5  1662    -1
 448 1015.0244  998.7182    20     6     5  2146   155
 449  856.5068  998.9676    17     5     4  1143   440
 450 1155.7231  998.9777    17     5     4  1455    57
 451 1002.1337  999.8407    20     5     5  2133   145
 452 1143.1884 1000.1022    18     5     5  1805   104
 453  989.1685 1000.9239    20     5     5  2104   199
 454 1130.6507 1001.1872    20     5     5  2055    21
 455  976.1549 1001.9986    18     5     4  1981   205
 456 1118.0379 1002.3921    19     5     5  2071    46
 457  963.1329 1003.0166    19     6     4  2007   231
 458 1105.3856 1003.4495    21     5     5  2396    66
 459  950.0034 1004.0746    22     6     5  2139   250
 460 1092.7472 1004.5433    21     5     5  2296   101
 461  936.8590 1005.1615    21     6     5  2075   275
 462 1079.9834 1005.6486    20     6     5  2144    71
 463  923.7089 1006.2324    21     5     5  2089   272
 464 1067.2603 1006.7962    21     5     5  2235    63
 465  910.5372 1007.3290    21     5     5  2126   324
 466 1054.5094 1007.8706    20     5     5  2171   112
 467  897.3932 1008.4075    21     5     5  2099   379
 468 1041.6437 1008.9312    19     5     5  2091   119
 469  884.1406 1009.4721    22     6     5  2032    -1
 470 1028.8065 1010.0000    19     5     5  2066   164
 471  870.8956 1010.5165    20     5     5  1728    -1
 472 1015.9300 1011.0791    20     5     5  2093   165
 473  857.6897 1011.7186    19     5     5  1261    -1
 474 1003.0518 1012.2163    21     6     5  2132   167
 475  990.1416 1013.3050    21     6     5  2127   210
 476  977.1332 1014.4109    19     5     5  2016   238
 477  964.1113 1015.5038    23     6     5  2197   221
 478  951.0398 1016.5826    21     6     5  2067   255
 479  937.9425 1017.7116    21     6     5  2033   281
 480  924.8019 1018.8266    20     5     5  1934   321
 481  911.6399 1019.9077    19     5     5  1779   365
 482  898.5102 1020.9585    18     5     4  1587   390
 483  885.3502 1021.9882    18     5     4  1494    -1
 484  872.0737 1023.0228    16     4     4  1173    -1
 485  859.0556 1023.9778    15     4     4   840    -1
 486  885.9669 1036.7430   110    26    10  6603   279
