# x,y,X,Y,Z
7.560000000000000000e+02 9.790000000000000000e+02 0.000000000000000000e+00 7.000000000000000000e+02 1.500000000000000000e+02
7.980000000000000000e+02 9.890000000000000000e+02 7.500000000000000000e+01 7.000000000000000000e+02 1.500000000000000000e+02
8.410000000000000000e+02 1.000000000000000000e+03 1.500000000000000000e+02 7.000000000000000000e+02 1.500000000000000000e+02
8.840000000000000000e+02 1.010000000000000000e+03 2.250000000000000000e+02 7.000000000000000000e+02 1.500000000000000000e+02
9.280000000000000000e+02 1.020000000000000000e+03 3.000000000000000000e+02 7.000000000000000000e+02 1.500000000000000000e+02
9.710000000000000000e+02 1.031000000000000000e+03 3.750000000000000000e+02 7.000000000000000000e+02 1.500000000000000000e+02
1.016000000000000000e+03 1.041000000000000000e+03 4.500000000000000000e+02 7.000000000000000000e+02 1.500000000000000000e+02
1.060000000000000000e+03 1.052000000000000000e+03 5.250000000000000000e+02 7.000000000000000000e+02 1.500000000000000000e+02
1.105000000000000000e+03 1.062000000000000000e+03 6.000000000000000000e+02 7.000000000000000000e+02 1.500000000000000000e+02
1.150000000000000000e+03 1.073000000000000000e+03 6.750000000000000000e+02 7.000000000000000000e+02 1.500000000000000000e+02
1.196000000000000000e+03 1.083000000000000000e+03 7.500000000000000000e+02 7.000000000000000000e+02 1.500000000000000000e+02
1.242000000000000000e+03 1.094000000000000000e+03 8.250000000000000000e+02 7.000000000000000000e+02 1.500000000000000000e+02
1.288000000000000000e+03 1.105000000000000000e+03 9.000000000000000000e+02 7.000000000000000000e+02 1.500000000000000000e+02
1.335000000000000000e+03 1.116000000000000000e+03 9.750000000000000000e+02 7.000000000000000000e+02 1.500000000000000000e+02
1.382000000000000000e+03 1.127000000000000000e+03 1.050000000000000000e+03 7.000000000000000000e+02 1.500000000000000000e+02
1.429000000000000000e+03 1.138000000000000000e+03 1.125000000000000000e+03 7.000000000000000000e+02 1.500000000000000000e+02
1.477000000000000000e+03 1.149000000000000000e+03 1.200000000000000000e+03 7.000000000000000000e+02 1.500000000000000000e+02
1.525000000000000000e+03 1.160000000000000000e+03 1.275000000000000000e+03 7.000000000000000000e+02 1.500000000000000000e+02
1.573000000000000000e+03 1.171000000000000000e+03 1.350000000000000000e+03 7.000000000000000000e+02 1.500000000000000000e+02
1.622000000000000000e+03 1.182000000000000000e+03 1.425000000000000000e+03 7.000000000000000000e+02 1.500000000000000000e+02
1.671000000000000000e+03 1.194000000000000000e+03 1.500000000000000000e+03 7.000000000000000000e+02 1.500000000000000000e+02
1.720000000000000000e+03 1.205000000000000000e+03 1.575000000000000000e+03 7.000000000000000000e+02 1.500000000000000000e+02
1.770000000000000000e+03 1.216000000000000000e+03 1.650000000000000000e+03 7.000000000000000000e+02 1.500000000000000000e+02
1.820000000000000000e+03 1.228000000000000000e+03 1.725000000000000000e+03 7.000000000000000000e+02 1.500000000000000000e+02
1.871000000000000000e+03 1.240000000000000000e+03 1.800000000000000000e+03 7.000000000000000000e+02 1.500000000000000000e+02
7.540000000000000000e+02 9.360000000000000000e+02 0.000000000000000000e+00 7.000000000000000000e+02 2.250000000000000000e+02
7.960000000000000000e+02 9.460000000000000000e+02 7.500000000000000000e+01 7.000000000000000000e+02 2.250000000000000000e+02
8.390000000000000000e+02 9.560000000000000000e+02 1.500000000000000000e+02 7.000000000000000000e+02 2.250000000000000000e+02
8.820000000000000000e+02 9.660000000000000000e+02 2.250000000000000000e+02 7.000000000000000000e+02 2.250000000000000000e+02
9.260000000000000000e+02 9.770000000000000000e+02 3.000000000000000000e+02 7.000000000000000000e+02 2.250000000000000000e+02
9.700000000000000000e+02 9.870000000000000000e+02 3.750000000000000000e+02 7.000000000000000000e+02 2.250000000000000000e+02
1.015000000000000000e+03 9.970000000000000000e+02 4.500000000000000000e+02 7.000000000000000000e+02 2.250000000000000000e+02
1.059000000000000000e+03 1.007000000000000000e+03 5.250000000000000000e+02 7.000000000000000000e+02 2.250000000000000000e+02
1.104000000000000000e+03 1.018000000000000000e+03 6.000000000000000000e+02 7.000000000000000000e+02 2.250000000000000000e+02
1.150000000000000000e+03 1.028000000000000000e+03 6.750000000000000000e+02 7.000000000000000000e+02 2.250000000000000000e+02
1.195000000000000000e+03 1.039000000000000000e+03 7.500000000000000000e+02 7.000000000000000000e+02 2.250000000000000000e+02
1.242000000000000000e+03 1.049000000000000000e+03 8.250000000000000000e+02 7.000000000000000000e+02 2.250000000000000000e+02
1.288000000000000000e+03 1.060000000000000000e+03 9.000000000000000000e+02 7.000000000000000000e+02 2.250000000000000000e+02
1.335000000000000000e+03 1.071000000000000000e+03 9.750000000000000000e+02 7.000000000000000000e+02 2.250000000000000000e+02
1.382000000000000000e+03 1.082000000000000000e+03 1.050000000000000000e+03 7.000000000000000000e+02 2.250000000000000000e+02
1.430000000000000000e+03 1.092000000000000000e+03 1.125000000000000000e+03 7.000000000000000000e+02 2.250000000000000000e+02
1.478000000000000000e+03 1.103000000000000000e+03 1.200000000000000000e+03 7.000000000000000000e+02 2.250000000000000000e+02
1.526000000000000000e+03 1.115000000000000000e+03 1.275000000000000000e+03 7.000000000000000000e+02 2.250000000000000000e+02
1.575000000000000000e+03 1.126000000000000000e+03 1.350000000000000000e+03 7.000000000000000000e+02 2.250000000000000000e+02
1.624000000000000000e+03 1.137000000000000000e+03 1.425000000000000000e+03 7.000000000000000000e+02 2.250000000000000000e+02
1.673000000000000000e+03 1.148000000000000000e+03 1.500000000000000000e+03 7.000000000000000000e+02 2.250000000000000000e+02
1.723000000000000000e+03 1.159000000000000000e+03 1.575000000000000000e+03 7.000000000000000000e+02 2.250000000000000000e+02
1.773000000000000000e+03 1.171000000000000000e+03 1.650000000000000000e+03 7.000000000000000000e+02 2.250000000000000000e+02
1.823000000000000000e+03 1.182000000000000000e+03 1.725000000000000000e+03 7.000000000000000000e+02 2.250000000000000000e+02
1.874000000000000000e+03 1.194000000000000000e+03 1.800000000000000000e+03 7.000000000000000000e+02 2.250000000000000000e+02
7.510000000000000000e+02 8.920000000000000000e+02 0.000000000000000000e+00 7.000000000000000000e+02 3.000000000000000000e+02
7.940000000000000000e+02 9.020000000000000000e+02 7.500000000000000000e+01 7.000000000000000000e+02 3.000000000000000000e+02
8.370000000000000000e+02 9.120000000000000000e+02 1.500000000000000000e+02 7.000000000000000000e+02 3.000000000000000000e+02
8.810000000000000000e+02 9.220000000000000000e+02 2.250000000000000000e+02 7.000000000000000000e+02 3.000000000000000000e+02
9.250000000000000000e+02 9.320000000000000000e+02 3.000000000000000000e+02 7.000000000000000000e+02 3.000000000000000000e+02
9.690000000000000000e+02 9.420000000000000000e+02 3.750000000000000000e+02 7.000000000000000000e+02 3.000000000000000000e+02
1.013000000000000000e+03 9.520000000000000000e+02 4.500000000000000000e+02 7.000000000000000000e+02 3.000000000000000000e+02
1.058000000000000000e+03 9.630000000000000000e+02 5.250000000000000000e+02 7.000000000000000000e+02 3.000000000000000000e+02
1.104000000000000000e+03 9.730000000000000000e+02 6.000000000000000000e+02 7.000000000000000000e+02 3.000000000000000000e+02
1.149000000000000000e+03 9.840000000000000000e+02 6.750000000000000000e+02 7.000000000000000000e+02 3.000000000000000000e+02
1.195000000000000000e+03 9.940000000000000000e+02 7.500000000000000000e+02 7.000000000000000000e+02 3.000000000000000000e+02
1.242000000000000000e+03 1.004000000000000000e+03 8.250000000000000000e+02 7.000000000000000000e+02 3.000000000000000000e+02
1.288000000000000000e+03 1.015000000000000000e+03 9.000000000000000000e+02 7.000000000000000000e+02 3.000000000000000000e+02
1.335000000000000000e+03 1.026000000000000000e+03 9.750000000000000000e+02 7.000000000000000000e+02 3.000000000000000000e+02
1.383000000000000000e+03 1.036000000000000000e+03 1.050000000000000000e+03 7.000000000000000000e+02 3.000000000000000000e+02
1.431000000000000000e+03 1.047000000000000000e+03 1.125000000000000000e+03 7.000000000000000000e+02 3.000000000000000000e+02
1.479000000000000000e+03 1.058000000000000000e+03 1.200000000000000000e+03 7.000000000000000000e+02 3.000000000000000000e+02
1.527000000000000000e+03 1.069000000000000000e+03 1.275000000000000000e+03 7.000000000000000000e+02 3.000000000000000000e+02
1.576000000000000000e+03 1.080000000000000000e+03 1.350000000000000000e+03 7.000000000000000000e+02 3.000000000000000000e+02
1.625000000000000000e+03 1.091000000000000000e+03 1.425000000000000000e+03 7.000000000000000000e+02 3.000000000000000000e+02
1.675000000000000000e+03 1.102000000000000000e+03 1.500000000000000000e+03 7.000000000000000000e+02 3.000000000000000000e+02
1.725000000000000000e+03 1.113000000000000000e+03 1.575000000000000000e+03 7.000000000000000000e+02 3.000000000000000000e+02
1.775000000000000000e+03 1.124000000000000000e+03 1.650000000000000000e+03 7.000000000000000000e+02 3.000000000000000000e+02
1.826000000000000000e+03 1.136000000000000000e+03 1.725000000000000000e+03 7.000000000000000000e+02 3.000000000000000000e+02
1.877000000000000000e+03 1.147000000000000000e+03 1.800000000000000000e+03 7.000000000000000000e+02 3.000000000000000000e+02
7.490000000000000000e+02 8.480000000000000000e+02 0.000000000000000000e+00 7.000000000000000000e+02 3.750000000000000000e+02
7.920000000000000000e+02 8.580000000000000000e+02 7.500000000000000000e+01 7.000000000000000000e+02 3.750000000000000000e+02
8.350000000000000000e+02 8.680000000000000000e+02 1.500000000000000000e+02 7.000000000000000000e+02 3.750000000000000000e+02
8.790000000000000000e+02 8.780000000000000000e+02 2.250000000000000000e+02 7.000000000000000000e+02 3.750000000000000000e+02
9.230000000000000000e+02 8.880000000000000000e+02 3.000000000000000000e+02 7.000000000000000000e+02 3.750000000000000000e+02
9.670000000000000000e+02 8.980000000000000000e+02 3.750000000000000000e+02 7.000000000000000000e+02 3.750000000000000000e+02
1.012000000000000000e+03 9.080000000000000000e+02 4.500000000000000000e+02 7.000000000000000000e+02 3.750000000000000000e+02
1.057000000000000000e+03 9.180000000000000000e+02 5.250000000000000000e+02 7.000000000000000000e+02 3.750000000000000000e+02
1.103000000000000000e+03 9.280000000000000000e+02 6.000000000000000000e+02 7.000000000000000000e+02 3.750000000000000000e+02
1.149000000000000000e+03 9.380000000000000000e+02 6.750000000000000000e+02 7.000000000000000000e+02 3.750000000000000000e+02
1.195000000000000000e+03 9.490000000000000000e+02 7.500000000000000000e+02 7.000000000000000000e+02 3.750000000000000000e+02
1.242000000000000000e+03 9.590000000000000000e+02 8.250000000000000000e+02 7.000000000000000000e+02 3.750000000000000000e+02
1.289000000000000000e+03 9.690000000000000000e+02 9.000000000000000000e+02 7.000000000000000000e+02 3.750000000000000000e+02
1.336000000000000000e+03 9.800000000000000000e+02 9.750000000000000000e+02 7.000000000000000000e+02 3.750000000000000000e+02
1.384000000000000000e+03 9.900000000000000000e+02 1.050000000000000000e+03 7.000000000000000000e+02 3.750000000000000000e+02
1.432000000000000000e+03 1.001000000000000000e+03 1.125000000000000000e+03 7.000000000000000000e+02 3.750000000000000000e+02
1.480000000000000000e+03 1.012000000000000000e+03 1.200000000000000000e+03 7.000000000000000000e+02 3.750000000000000000e+02
1.529000000000000000e+03 1.023000000000000000e+03 1.275000000000000000e+03 7.000000000000000000e+02 3.750000000000000000e+02
1.578000000000000000e+03 1.033000000000000000e+03 1.350000000000000000e+03 7.000000000000000000e+02 3.750000000000000000e+02
1.627000000000000000e+03 1.044000000000000000e+03 1.425000000000000000e+03 7.000000000000000000e+02 3.750000000000000000e+02
1.677000000000000000e+03 1.055000000000000000e+03 1.500000000000000000e+03 7.000000000000000000e+02 3.750000000000000000e+02
1.727000000000000000e+03 1.066000000000000000e+03 1.575000000000000000e+03 7.000000000000000000e+02 3.750000000000000000e+02
1.778000000000000000e+03 1.077000000000000000e+03 1.650000000000000000e+03 7.000000000000000000e+02 3.750000000000000000e+02
1.829000000000000000e+03 1.089000000000000000e+03 1.725000000000000000e+03 7.000000000000000000e+02 3.750000000000000000e+02
1.881000000000000000e+03 1.100000000000000000e+03 1.800000000000000000e+03 7.000000000000000000e+02 3.750000000000000000e+02
7.470000000000000000e+02 8.040000000000000000e+02 0.000000000000000000e+00 7.000000000000000000e+02 4.500000000000000000e+02
7.900000000000000000e+02 8.130000000000000000e+02 7.500000000000000000e+01 7.000000000000000000e+02 4.500000000000000000e+02
8.330000000000000000e+02 8.230000000000000000e+02 1.500000000000000000e+02 7.000000000000000000e+02 4.500000000000000000e+02
8.770000000000000000e+02 8.330000000000000000e+02 2.250000000000000000e+02 7.000000000000000000e+02 4.500000000000000000e+02
9.220000000000000000e+02 8.430000000000000000e+02 3.000000000000000000e+02 7.000000000000000000e+02 4.500000000000000000e+02
9.660000000000000000e+02 8.530000000000000000e+02 3.750000000000000000e+02 7.000000000000000000e+02 4.500000000000000000e+02
1.011000000000000000e+03 8.620000000000000000e+02 4.500000000000000000e+02 7.000000000000000000e+02 4.500000000000000000e+02
1.057000000000000000e+03 8.720000000000000000e+02 5.250000000000000000e+02 7.000000000000000000e+02 4.500000000000000000e+02
1.102000000000000000e+03 8.830000000000000000e+02 6.000000000000000000e+02 7.000000000000000000e+02 4.500000000000000000e+02
1.148000000000000000e+03 8.930000000000000000e+02 6.750000000000000000e+02 7.000000000000000000e+02 4.500000000000000000e+02
1.195000000000000000e+03 9.030000000000000000e+02 7.500000000000000000e+02 7.000000000000000000e+02 4.500000000000000000e+02
1.241000000000000000e+03 9.130000000000000000e+02 8.250000000000000000e+02 7.000000000000000000e+02 4.500000000000000000e+02
1.289000000000000000e+03 9.230000000000000000e+02 9.000000000000000000e+02 7.000000000000000000e+02 4.500000000000000000e+02
1.336000000000000000e+03 9.340000000000000000e+02 9.750000000000000000e+02 7.000000000000000000e+02 4.500000000000000000e+02
1.384000000000000000e+03 9.440000000000000000e+02 1.050000000000000000e+03 7.000000000000000000e+02 4.500000000000000000e+02
1.432000000000000000e+03 9.550000000000000000e+02 1.125000000000000000e+03 7.000000000000000000e+02 4.500000000000000000e+02
1.481000000000000000e+03 9.650000000000000000e+02 1.200000000000000000e+03 7.000000000000000000e+02 4.500000000000000000e+02
1.530000000000000000e+03 9.760000000000000000e+02 1.275000000000000000e+03 7.000000000000000000e+02 4.500000000000000000e+02
1.579000000000000000e+03 9.870000000000000000e+02 1.350000000000000000e+03 7.000000000000000000e+02 4.500000000000000000e+02
1.629000000000000000e+03 9.970000000000000000e+02 1.425000000000000000e+03 7.000000000000000000e+02 4.500000000000000000e+02
1.679000000000000000e+03 1.008000000000000000e+03 1.500000000000000000e+03 7.000000000000000000e+02 4.500000000000000000e+02
1.730000000000000000e+03 1.019000000000000000e+03 1.575000000000000000e+03 7.000000000000000000e+02 4.500000000000000000e+02
1.781000000000000000e+03 1.030000000000000000e+03 1.650000000000000000e+03 7.000000000000000000e+02 4.500000000000000000e+02
1.832000000000000000e+03 1.041000000000000000e+03 1.725000000000000000e+03 7.000000000000000000e+02 4.500000000000000000e+02
1.884000000000000000e+03 1.052000000000000000e+03 1.800000000000000000e+03 7.000000000000000000e+02 4.500000000000000000e+02
7.440000000000000000e+02 7.590000000000000000e+02 0.000000000000000000e+00 7.000000000000000000e+02 5.250000000000000000e+02
7.880000000000000000e+02 7.680000000000000000e+02 7.500000000000000000e+01 7.000000000000000000e+02 5.250000000000000000e+02
8.310000000000000000e+02 7.780000000000000000e+02 1.500000000000000000e+02 7.000000000000000000e+02 5.250000000000000000e+02
8.750000000000000000e+02 7.880000000000000000e+02 2.250000000000000000e+02 7.000000000000000000e+02 5.250000000000000000e+02
9.200000000000000000e+02 7.970000000000000000e+02 3.000000000000000000e+02 7.000000000000000000e+02 5.250000000000000000e+02
9.650000000000000000e+02 8.070000000000000000e+02 3.750000000000000000e+02 7.000000000000000000e+02 5.250000000000000000e+02
1.010000000000000000e+03 8.170000000000000000e+02 4.500000000000000000e+02 7.000000000000000000e+02 5.250000000000000000e+02
1.055000000000000000e+03 8.270000000000000000e+02 5.250000000000000000e+02 7.000000000000000000e+02 5.250000000000000000e+02
1.101000000000000000e+03 8.370000000000000000e+02 6.000000000000000000e+02 7.000000000000000000e+02 5.250000000000000000e+02
1.148000000000000000e+03 8.470000000000000000e+02 6.750000000000000000e+02 7.000000000000000000e+02 5.250000000000000000e+02
1.194000000000000000e+03 8.570000000000000000e+02 7.500000000000000000e+02 7.000000000000000000e+02 5.250000000000000000e+02
1.241000000000000000e+03 8.670000000000000000e+02 8.250000000000000000e+02 7.000000000000000000e+02 5.250000000000000000e+02
1.289000000000000000e+03 8.770000000000000000e+02 9.000000000000000000e+02 7.000000000000000000e+02 5.250000000000000000e+02
1.337000000000000000e+03 8.870000000000000000e+02 9.750000000000000000e+02 7.000000000000000000e+02 5.250000000000000000e+02
1.385000000000000000e+03 8.970000000000000000e+02 1.050000000000000000e+03 7.000000000000000000e+02 5.250000000000000000e+02
1.433000000000000000e+03 9.080000000000000000e+02 1.125000000000000000e+03 7.000000000000000000e+02 5.250000000000000000e+02
1.482000000000000000e+03 9.180000000000000000e+02 1.200000000000000000e+03 7.000000000000000000e+02 5.250000000000000000e+02
1.531000000000000000e+03 9.290000000000000000e+02 1.275000000000000000e+03 7.000000000000000000e+02 5.250000000000000000e+02
1.581000000000000000e+03 9.390000000000000000e+02 1.350000000000000000e+03 7.000000000000000000e+02 5.250000000000000000e+02
1.631000000000000000e+03 9.500000000000000000e+02 1.425000000000000000e+03 7.000000000000000000e+02 5.250000000000000000e+02
1.681000000000000000e+03 9.610000000000000000e+02 1.500000000000000000e+03 7.000000000000000000e+02 5.250000000000000000e+02
1.732000000000000000e+03 9.720000000000000000e+02 1.575000000000000000e+03 7.000000000000000000e+02 5.250000000000000000e+02
1.783000000000000000e+03 9.820000000000000000e+02 1.650000000000000000e+03 7.000000000000000000e+02 5.250000000000000000e+02
1.835000000000000000e+03 9.930000000000000000e+02 1.725000000000000000e+03 7.000000000000000000e+02 5.250000000000000000e+02
1.887000000000000000e+03 1.004000000000000000e+03 1.800000000000000000e+03 7.000000000000000000e+02 5.250000000000000000e+02
7.420000000000000000e+02 7.140000000000000000e+02 0.000000000000000000e+00 7.000000000000000000e+02 6.000000000000000000e+02
7.850000000000000000e+02 7.230000000000000000e+02 7.500000000000000000e+01 7.000000000000000000e+02 6.000000000000000000e+02
8.290000000000000000e+02 7.320000000000000000e+02 1.500000000000000000e+02 7.000000000000000000e+02 6.000000000000000000e+02
8.740000000000000000e+02 7.420000000000000000e+02 2.250000000000000000e+02 7.000000000000000000e+02 6.000000000000000000e+02
9.180000000000000000e+02 7.510000000000000000e+02 3.000000000000000000e+02 7.000000000000000000e+02 6.000000000000000000e+02
9.630000000000000000e+02 7.610000000000000000e+02 3.750000000000000000e+02 7.000000000000000000e+02 6.000000000000000000e+02
1.009000000000000000e+03 7.710000000000000000e+02 4.500000000000000000e+02 7.000000000000000000e+02 6.000000000000000000e+02
1.054000000000000000e+03 7.800000000000000000e+02 5.250000000000000000e+02 7.000000000000000000e+02 6.000000000000000000e+02
1.101000000000000000e+03 7.900000000000000000e+02 6.000000000000000000e+02 7.000000000000000000e+02 6.000000000000000000e+02
1.147000000000000000e+03 8.000000000000000000e+02 6.750000000000000000e+02 7.000000000000000000e+02 6.000000000000000000e+02
1.194000000000000000e+03 8.100000000000000000e+02 7.500000000000000000e+02 7.000000000000000000e+02 6.000000000000000000e+02
1.241000000000000000e+03 8.200000000000000000e+02 8.250000000000000000e+02 7.000000000000000000e+02 6.000000000000000000e+02
1.289000000000000000e+03 8.300000000000000000e+02 9.000000000000000000e+02 7.000000000000000000e+02 6.000000000000000000e+02
1.337000000000000000e+03 8.400000000000000000e+02 9.750000000000000000e+02 7.000000000000000000e+02 6.000000000000000000e+02
1.385000000000000000e+03 8.500000000000000000e+02 1.050000000000000000e+03 7.000000000000000000e+02 6.000000000000000000e+02
1.434000000000000000e+03 8.600000000000000000e+02 1.125000000000000000e+03 7.000000000000000000e+02 6.000000000000000000e+02
1.483000000000000000e+03 8.710000000000000000e+02 1.200000000000000000e+03 7.000000000000000000e+02 6.000000000000000000e+02
1.533000000000000000e+03 8.810000000000000000e+02 1.275000000000000000e+03 7.000000000000000000e+02 6.000000000000000000e+02
1.583000000000000000e+03 8.910000000000000000e+02 1.350000000000000000e+03 7.000000000000000000e+02 6.000000000000000000e+02
1.633000000000000000e+03 9.020000000000000000e+02 1.425000000000000000e+03 7.000000000000000000e+02 6.000000000000000000e+02
1.683000000000000000e+03 9.130000000000000000e+02 1.500000000000000000e+03 7.000000000000000000e+02 6.000000000000000000e+02
1.735000000000000000e+03 9.230000000000000000e+02 1.575000000000000000e+03 7.000000000000000000e+02 6.000000000000000000e+02
1.786000000000000000e+03 9.340000000000000000e+02 1.650000000000000000e+03 7.000000000000000000e+02 6.000000000000000000e+02
1.838000000000000000e+03 9.450000000000000000e+02 1.725000000000000000e+03 7.000000000000000000e+02 6.000000000000000000e+02
1.890000000000000000e+03 9.560000000000000000e+02 1.800000000000000000e+03 7.000000000000000000e+02 6.000000000000000000e+02
7.390000000000000000e+02 6.680000000000000000e+02 0.000000000000000000e+00 7.000000000000000000e+02 6.750000000000000000e+02
7.830000000000000000e+02 6.770000000000000000e+02 7.500000000000000000e+01 7.000000000000000000e+02 6.750000000000000000e+02
8.270000000000000000e+02 6.860000000000000000e+02 1.500000000000000000e+02 7.000000000000000000e+02 6.750000000000000000e+02
8.720000000000000000e+02 6.960000000000000000e+02 2.250000000000000000e+02 7.000000000000000000e+02 6.750000000000000000e+02
9.170000000000000000e+02 7.050000000000000000e+02 3.000000000000000000e+02 7.000000000000000000e+02 6.750000000000000000e+02
9.620000000000000000e+02 7.140000000000000000e+02 3.750000000000000000e+02 7.000000000000000000e+02 6.750000000000000000e+02
1.008000000000000000e+03 7.240000000000000000e+02 4.500000000000000000e+02 7.000000000000000000e+02 6.750000000000000000e+02
1.054000000000000000e+03 7.340000000000000000e+02 5.250000000000000000e+02 7.000000000000000000e+02 6.750000000000000000e+02
1.100000000000000000e+03 7.430000000000000000e+02 6.000000000000000000e+02 7.000000000000000000e+02 6.750000000000000000e+02
1.147000000000000000e+03 7.530000000000000000e+02 6.750000000000000000e+02 7.000000000000000000e+02 6.750000000000000000e+02
1.194000000000000000e+03 7.630000000000000000e+02 7.500000000000000000e+02 7.000000000000000000e+02 6.750000000000000000e+02
1.241000000000000000e+03 7.720000000000000000e+02 8.250000000000000000e+02 7.000000000000000000e+02 6.750000000000000000e+02
1.289000000000000000e+03 7.820000000000000000e+02 9.000000000000000000e+02 7.000000000000000000e+02 6.750000000000000000e+02
1.337000000000000000e+03 7.920000000000000000e+02 9.750000000000000000e+02 7.000000000000000000e+02 6.750000000000000000e+02
1.386000000000000000e+03 8.020000000000000000e+02 1.050000000000000000e+03 7.000000000000000000e+02 6.750000000000000000e+02
1.435000000000000000e+03 8.130000000000000000e+02 1.125000000000000000e+03 7.000000000000000000e+02 6.750000000000000000e+02
1.484000000000000000e+03 8.230000000000000000e+02 1.200000000000000000e+03 7.000000000000000000e+02 6.750000000000000000e+02
1.534000000000000000e+03 8.330000000000000000e+02 1.275000000000000000e+03 7.000000000000000000e+02 6.750000000000000000e+02
1.584000000000000000e+03 8.430000000000000000e+02 1.350000000000000000e+03 7.000000000000000000e+02 6.750000000000000000e+02
1.635000000000000000e+03 8.540000000000000000e+02 1.425000000000000000e+03 7.000000000000000000e+02 6.750000000000000000e+02
1.686000000000000000e+03 8.640000000000000000e+02 1.500000000000000000e+03 7.000000000000000000e+02 6.750000000000000000e+02
1.737000000000000000e+03 8.750000000000000000e+02 1.575000000000000000e+03 7.000000000000000000e+02 6.750000000000000000e+02
1.789000000000000000e+03 8.850000000000000000e+02 1.650000000000000000e+03 7.000000000000000000e+02 6.750000000000000000e+02
1.841000000000000000e+03 8.960000000000000000e+02 1.725000000000000000e+03 7.000000000000000000e+02 6.750000000000000000e+02
1.893000000000000000e+03 9.070000000000000000e+02 1.800000000000000000e+03 7.000000000000000000e+02 6.750000000000000000e+02
7.370000000000000000e+02 6.220000000000000000e+02 0.000000000000000000e+00 7.000000000000000000e+02 7.500000000000000000e+02
7.810000000000000000e+02 6.310000000000000000e+02 7.500000000000000000e+01 7.000000000000000000e+02 7.500000000000000000e+02
8.250000000000000000e+02 6.400000000000000000e+02 1.500000000000000000e+02 7.000000000000000000e+02 7.500000000000000000e+02
8.700000000000000000e+02 6.490000000000000000e+02 2.250000000000000000e+02 7.000000000000000000e+02 7.500000000000000000e+02
9.150000000000000000e+02 6.580000000000000000e+02 3.000000000000000000e+02 7.000000000000000000e+02 7.500000000000000000e+02
9.610000000000000000e+02 6.680000000000000000e+02 3.750000000000000000e+02 7.000000000000000000e+02 7.500000000000000000e+02
1.006000000000000000e+03 6.770000000000000000e+02 4.500000000000000000e+02 7.000000000000000000e+02 7.500000000000000000e+02
1.053000000000000000e+03 6.860000000000000000e+02 5.250000000000000000e+02 7.000000000000000000e+02 7.500000000000000000e+02
1.099000000000000000e+03 6.960000000000000000e+02 6.000000000000000000e+02 7.000000000000000000e+02 7.500000000000000000e+02
1.146000000000000000e+03 7.050000000000000000e+02 6.750000000000000000e+02 7.000000000000000000e+02 7.500000000000000000e+02
1.193000000000000000e+03 7.150000000000000000e+02 7.500000000000000000e+02 7.000000000000000000e+02 7.500000000000000000e+02
1.241000000000000000e+03 7.250000000000000000e+02 8.250000000000000000e+02 7.000000000000000000e+02 7.500000000000000000e+02
1.289000000000000000e+03 7.350000000000000000e+02 9.000000000000000000e+02 7.000000000000000000e+02 7.500000000000000000e+02
1.338000000000000000e+03 7.440000000000000000e+02 9.750000000000000000e+02 7.000000000000000000e+02 7.500000000000000000e+02
1.387000000000000000e+03 7.540000000000000000e+02 1.050000000000000000e+03 7.000000000000000000e+02 7.500000000000000000e+02
1.436000000000000000e+03 7.640000000000000000e+02 1.125000000000000000e+03 7.000000000000000000e+02 7.500000000000000000e+02
1.486000000000000000e+03 7.740000000000000000e+02 1.200000000000000000e+03 7.000000000000000000e+02 7.500000000000000000e+02
1.536000000000000000e+03 7.840000000000000000e+02 1.275000000000000000e+03 7.000000000000000000e+02 7.500000000000000000e+02
1.586000000000000000e+03 7.950000000000000000e+02 1.350000000000000000e+03 7.000000000000000000e+02 7.500000000000000000e+02
1.637000000000000000e+03 8.050000000000000000e+02 1.425000000000000000e+03 7.000000000000000000e+02 7.500000000000000000e+02
1.688000000000000000e+03 8.150000000000000000e+02 1.500000000000000000e+03 7.000000000000000000e+02 7.500000000000000000e+02
1.739000000000000000e+03 8.260000000000000000e+02 1.575000000000000000e+03 7.000000000000000000e+02 7.500000000000000000e+02
1.791000000000000000e+03 8.360000000000000000e+02 1.650000000000000000e+03 7.000000000000000000e+02 7.500000000000000000e+02
1.844000000000000000e+03 8.470000000000000000e+02 1.725000000000000000e+03 7.000000000000000000e+02 7.500000000000000000e+02
1.897000000000000000e+03 8.570000000000000000e+02 1.800000000000000000e+03 7.000000000000000000e+02 7.500000000000000000e+02
7.340000000000000000e+02 5.750000000000000000e+02 0.000000000000000000e+00 7.000000000000000000e+02 8.250000000000000000e+02
7.790000000000000000e+02 5.840000000000000000e+02 7.500000000000000000e+01 7.000000000000000000e+02 8.250000000000000000e+02
8.230000000000000000e+02 5.930000000000000000e+02 1.500000000000000000e+02 7.000000000000000000e+02 8.250000000000000000e+02
8.680000000000000000e+02 6.020000000000000000e+02 2.250000000000000000e+02 7.000000000000000000e+02 8.250000000000000000e+02
9.130000000000000000e+02 6.110000000000000000e+02 3.000000000000000000e+02 7.000000000000000000e+02 8.250000000000000000e+02
9.590000000000000000e+02 6.200000000000000000e+02 3.750000000000000000e+02 7.000000000000000000e+02 8.250000000000000000e+02
1.005000000000000000e+03 6.290000000000000000e+02 4.500000000000000000e+02 7.000000000000000000e+02 8.250000000000000000e+02
1.051000000000000000e+03 6.390000000000000000e+02 5.250000000000000000e+02 7.000000000000000000e+02 8.250000000000000000e+02
1.098000000000000000e+03 6.480000000000000000e+02 6.000000000000000000e+02 7.000000000000000000e+02 8.250000000000000000e+02
1.145000000000000000e+03 6.580000000000000000e+02 6.750000000000000000e+02 7.000000000000000000e+02 8.250000000000000000e+02
1.193000000000000000e+03 6.670000000000000000e+02 7.500000000000000000e+02 7.000000000000000000e+02 8.250000000000000000e+02
1.241000000000000000e+03 6.770000000000000000e+02 8.250000000000000000e+02 7.000000000000000000e+02 8.250000000000000000e+02
1.289000000000000000e+03 6.860000000000000000e+02 9.000000000000000000e+02 7.000000000000000000e+02 8.250000000000000000e+02
1.338000000000000000e+03 6.960000000000000000e+02 9.750000000000000000e+02 7.000000000000000000e+02 8.250000000000000000e+02
1.387000000000000000e+03 7.060000000000000000e+02 1.050000000000000000e+03 7.000000000000000000e+02 8.250000000000000000e+02
1.437000000000000000e+03 7.150000000000000000e+02 1.125000000000000000e+03 7.000000000000000000e+02 8.250000000000000000e+02
1.487000000000000000e+03 7.250000000000000000e+02 1.200000000000000000e+03 7.000000000000000000e+02 8.250000000000000000e+02
1.537000000000000000e+03 7.350000000000000000e+02 1.275000000000000000e+03 7.000000000000000000e+02 8.250000000000000000e+02
1.588000000000000000e+03 7.450000000000000000e+02 1.350000000000000000e+03 7.000000000000000000e+02 8.250000000000000000e+02
1.639000000000000000e+03 7.550000000000000000e+02 1.425000000000000000e+03 7.000000000000000000e+02 8.250000000000000000e+02
1.690000000000000000e+03 7.660000000000000000e+02 1.500000000000000000e+03 7.000000000000000000e+02 8.250000000000000000e+02
1.742000000000000000e+03 7.760000000000000000e+02 1.575000000000000000e+03 7.000000000000000000e+02 8.250000000000000000e+02
1.794000000000000000e+03 7.860000000000000000e+02 1.650000000000000000e+03 7.000000000000000000e+02 8.250000000000000000e+02
1.847000000000000000e+03 7.970000000000000000e+02 1.725000000000000000e+03 7.000000000000000000e+02 8.250000000000000000e+02
1.900000000000000000e+03 8.070000000000000000e+02 1.800000000000000000e+03 7.000000000000000000e+02 8.250000000000000000e+02
7.320000000000000000e+02 5.280000000000000000e+02 0.000000000000000000e+00 7.000000000000000000e+02 9.000000000000000000e+02
7.760000000000000000e+02 5.370000000000000000e+02 7.500000000000000000e+01 7.000000000000000000e+02 9.000000000000000000e+02
8.210000000000000000e+02 5.460000000000000000e+02 1.500000000000000000e+02 7.000000000000000000e+02 9.000000000000000000e+02
8.660000000000000000e+02 5.550000000000000000e+02 2.250000000000000000e+02 7.000000000000000000e+02 9.000000000000000000e+02
9.120000000000000000e+02 5.640000000000000000e+02 3.000000000000000000e+02 7.000000000000000000e+02 9.000000000000000000e+02
9.580000000000000000e+02 5.720000000000000000e+02 3.750000000000000000e+02 7.000000000000000000e+02 9.000000000000000000e+02
1.004000000000000000e+03 5.820000000000000000e+02 4.500000000000000000e+02 7.000000000000000000e+02 9.000000000000000000e+02
1.050000000000000000e+03 5.910000000000000000e+02 5.250000000000000000e+02 7.000000000000000000e+02 9.000000000000000000e+02
1.098000000000000000e+03 6.000000000000000000e+02 6.000000000000000000e+02 7.000000000000000000e+02 9.000000000000000000e+02
1.145000000000000000e+03 6.090000000000000000e+02 6.750000000000000000e+02 7.000000000000000000e+02 9.000000000000000000e+02
1.193000000000000000e+03 6.190000000000000000e+02 7.500000000000000000e+02 7.000000000000000000e+02 9.000000000000000000e+02
1.241000000000000000e+03 6.280000000000000000e+02 8.250000000000000000e+02 7.000000000000000000e+02 9.000000000000000000e+02
1.290000000000000000e+03 6.370000000000000000e+02 9.000000000000000000e+02 7.000000000000000000e+02 9.000000000000000000e+02
1.338000000000000000e+03 6.470000000000000000e+02 9.750000000000000000e+02 7.000000000000000000e+02 9.000000000000000000e+02
1.388000000000000000e+03 6.560000000000000000e+02 1.050000000000000000e+03 7.000000000000000000e+02 9.000000000000000000e+02
1.438000000000000000e+03 6.660000000000000000e+02 1.125000000000000000e+03 7.000000000000000000e+02 9.000000000000000000e+02
1.488000000000000000e+03 6.760000000000000000e+02 1.200000000000000000e+03 7.000000000000000000e+02 9.000000000000000000e+02
1.538000000000000000e+03 6.860000000000000000e+02 1.275000000000000000e+03 7.000000000000000000e+02 9.000000000000000000e+02
1.589000000000000000e+03 6.960000000000000000e+02 1.350000000000000000e+03 7.000000000000000000e+02 9.000000000000000000e+02
1.640000000000000000e+03 7.060000000000000000e+02 1.425000000000000000e+03 7.000000000000000000e+02 9.000000000000000000e+02
1.692000000000000000e+03 7.160000000000000000e+02 1.500000000000000000e+03 7.000000000000000000e+02 9.000000000000000000e+02
1.744000000000000000e+03 7.260000000000000000e+02 1.575000000000000000e+03 7.000000000000000000e+02 9.000000000000000000e+02
1.797000000000000000e+03 7.360000000000000000e+02 1.650000000000000000e+03 7.000000000000000000e+02 9.000000000000000000e+02
1.850000000000000000e+03 7.460000000000000000e+02 1.725000000000000000e+03 7.000000000000000000e+02 9.000000000000000000e+02
1.903000000000000000e+03 7.570000000000000000e+02 1.800000000000000000e+03 7.000000000000000000e+02 9.000000000000000000e+02
7.290000000000000000e+02 4.810000000000000000e+02 0.000000000000000000e+00 7.000000000000000000e+02 9.750000000000000000e+02
7.740000000000000000e+02 4.890000000000000000e+02 7.500000000000000000e+01 7.000000000000000000e+02 9.750000000000000000e+02
8.190000000000000000e+02 4.980000000000000000e+02 1.500000000000000000e+02 7.000000000000000000e+02 9.750000000000000000e+02
8.640000000000000000e+02 5.070000000000000000e+02 2.250000000000000000e+02 7.000000000000000000e+02 9.750000000000000000e+02
9.100000000000000000e+02 5.150000000000000000e+02 3.000000000000000000e+02 7.000000000000000000e+02 9.750000000000000000e+02
9.560000000000000000e+02 5.240000000000000000e+02 3.750000000000000000e+02 7.000000000000000000e+02 9.750000000000000000e+02
1.002000000000000000e+03 5.330000000000000000e+02 4.500000000000000000e+02 7.000000000000000000e+02 9.750000000000000000e+02
1.049000000000000000e+03 5.420000000000000000e+02 5.250000000000000000e+02 7.000000000000000000e+02 9.750000000000000000e+02
1.097000000000000000e+03 5.510000000000000000e+02 6.000000000000000000e+02 7.000000000000000000e+02 9.750000000000000000e+02
1.144000000000000000e+03 5.600000000000000000e+02 6.750000000000000000e+02 7.000000000000000000e+02 9.750000000000000000e+02
1.192000000000000000e+03 5.690000000000000000e+02 7.500000000000000000e+02 7.000000000000000000e+02 9.750000000000000000e+02
1.241000000000000000e+03 5.790000000000000000e+02 8.250000000000000000e+02 7.000000000000000000e+02 9.750000000000000000e+02
1.290000000000000000e+03 5.880000000000000000e+02 9.000000000000000000e+02 7.000000000000000000e+02 9.750000000000000000e+02
1.339000000000000000e+03 5.970000000000000000e+02 9.750000000000000000e+02 7.000000000000000000e+02 9.750000000000000000e+02
1.388000000000000000e+03 6.070000000000000000e+02 1.050000000000000000e+03 7.000000000000000000e+02 9.750000000000000000e+02
1.439000000000000000e+03 6.160000000000000000e+02 1.125000000000000000e+03 7.000000000000000000e+02 9.750000000000000000e+02
1.489000000000000000e+03 6.260000000000000000e+02 1.200000000000000000e+03 7.000000000000000000e+02 9.750000000000000000e+02
1.540000000000000000e+03 6.360000000000000000e+02 1.275000000000000000e+03 7.000000000000000000e+02 9.750000000000000000e+02
1.591000000000000000e+03 6.460000000000000000e+02 1.350000000000000000e+03 7.000000000000000000e+02 9.750000000000000000e+02
1.642000000000000000e+03 6.550000000000000000e+02 1.425000000000000000e+03 7.000000000000000000e+02 9.750000000000000000e+02
1.694000000000000000e+03 6.650000000000000000e+02 1.500000000000000000e+03 7.000000000000000000e+02 9.750000000000000000e+02
1.747000000000000000e+03 6.750000000000000000e+02 1.575000000000000000e+03 7.000000000000000000e+02 9.750000000000000000e+02
1.799000000000000000e+03 6.850000000000000000e+02 1.650000000000000000e+03 7.000000000000000000e+02 9.750000000000000000e+02
1.853000000000000000e+03 6.950000000000000000e+02 1.725000000000000000e+03 7.000000000000000000e+02 9.750000000000000000e+02
1.907000000000000000e+03 7.050000000000000000e+02 1.800000000000000000e+03 7.000000000000000000e+02 9.750000000000000000e+02
7.270000000000000000e+02 4.330000000000000000e+02 0.000000000000000000e+00 7.000000000000000000e+02 1.050000000000000000e+03
7.720000000000000000e+02 4.410000000000000000e+02 7.500000000000000000e+01 7.000000000000000000e+02 1.050000000000000000e+03
8.170000000000000000e+02 4.500000000000000000e+02 1.500000000000000000e+02 7.000000000000000000e+02 1.050000000000000000e+03
8.620000000000000000e+02 4.580000000000000000e+02 2.250000000000000000e+02 7.000000000000000000e+02 1.050000000000000000e+03
9.080000000000000000e+02 4.670000000000000000e+02 3.000000000000000000e+02 7.000000000000000000e+02 1.050000000000000000e+03
9.540000000000000000e+02 4.760000000000000000e+02 3.750000000000000000e+02 7.000000000000000000e+02 1.050000000000000000e+03
1.001000000000000000e+03 4.840000000000000000e+02 4.500000000000000000e+02 7.000000000000000000e+02 1.050000000000000000e+03
1.048000000000000000e+03 4.930000000000000000e+02 5.250000000000000000e+02 7.000000000000000000e+02 1.050000000000000000e+03
1.096000000000000000e+03 5.020000000000000000e+02 6.000000000000000000e+02 7.000000000000000000e+02 1.050000000000000000e+03
1.144000000000000000e+03 5.110000000000000000e+02 6.750000000000000000e+02 7.000000000000000000e+02 1.050000000000000000e+03
1.192000000000000000e+03 5.200000000000000000e+02 7.500000000000000000e+02 7.000000000000000000e+02 1.050000000000000000e+03
1.241000000000000000e+03 5.290000000000000000e+02 8.250000000000000000e+02 7.000000000000000000e+02 1.050000000000000000e+03
1.290000000000000000e+03 5.380000000000000000e+02 9.000000000000000000e+02 7.000000000000000000e+02 1.050000000000000000e+03
1.339000000000000000e+03 5.480000000000000000e+02 9.750000000000000000e+02 7.000000000000000000e+02 1.050000000000000000e+03
1.389000000000000000e+03 5.570000000000000000e+02 1.050000000000000000e+03 7.000000000000000000e+02 1.050000000000000000e+03
1.439000000000000000e+03 5.660000000000000000e+02 1.125000000000000000e+03 7.000000000000000000e+02 1.050000000000000000e+03
1.490000000000000000e+03 5.760000000000000000e+02 1.200000000000000000e+03 7.000000000000000000e+02 1.050000000000000000e+03
1.541000000000000000e+03 5.850000000000000000e+02 1.275000000000000000e+03 7.000000000000000000e+02 1.050000000000000000e+03
1.592000000000000000e+03 5.950000000000000000e+02 1.350000000000000000e+03 7.000000000000000000e+02 1.050000000000000000e+03
1.644000000000000000e+03 6.040000000000000000e+02 1.425000000000000000e+03 7.000000000000000000e+02 1.050000000000000000e+03
1.696000000000000000e+03 6.140000000000000000e+02 1.500000000000000000e+03 7.000000000000000000e+02 1.050000000000000000e+03
1.749000000000000000e+03 6.240000000000000000e+02 1.575000000000000000e+03 7.000000000000000000e+02 1.050000000000000000e+03
1.802000000000000000e+03 6.340000000000000000e+02 1.650000000000000000e+03 7.000000000000000000e+02 1.050000000000000000e+03
1.856000000000000000e+03 6.440000000000000000e+02 1.725000000000000000e+03 7.000000000000000000e+02 1.050000000000000000e+03
1.910000000000000000e+03 6.540000000000000000e+02 1.800000000000000000e+03 7.000000000000000000e+02 1.050000000000000000e+03
7.240000000000000000e+02 3.850000000000000000e+02 0.000000000000000000e+00 7.000000000000000000e+02 1.125000000000000000e+03
7.690000000000000000e+02 3.930000000000000000e+02 7.500000000000000000e+01 7.000000000000000000e+02 1.125000000000000000e+03
8.150000000000000000e+02 4.010000000000000000e+02 1.500000000000000000e+02 7.000000000000000000e+02 1.125000000000000000e+03
8.600000000000000000e+02 4.090000000000000000e+02 2.250000000000000000e+02 7.000000000000000000e+02 1.125000000000000000e+03
9.070000000000000000e+02 4.180000000000000000e+02 3.000000000000000000e+02 7.000000000000000000e+02 1.125000000000000000e+03
9.530000000000000000e+02 4.260000000000000000e+02 3.750000000000000000e+02 7.000000000000000000e+02 1.125000000000000000e+03
1.000000000000000000e+03 4.350000000000000000e+02 4.500000000000000000e+02 7.000000000000000000e+02 1.125000000000000000e+03
1.047000000000000000e+03 4.440000000000000000e+02 5.250000000000000000e+02 7.000000000000000000e+02 1.125000000000000000e+03
1.095000000000000000e+03 4.520000000000000000e+02 6.000000000000000000e+02 7.000000000000000000e+02 1.125000000000000000e+03
1.143000000000000000e+03 4.610000000000000000e+02 6.750000000000000000e+02 7.000000000000000000e+02 1.125000000000000000e+03
1.192000000000000000e+03 4.700000000000000000e+02 7.500000000000000000e+02 7.000000000000000000e+02 1.125000000000000000e+03
1.240000000000000000e+03 4.790000000000000000e+02 8.250000000000000000e+02 7.000000000000000000e+02 1.125000000000000000e+03
1.290000000000000000e+03 4.880000000000000000e+02 9.000000000000000000e+02 7.000000000000000000e+02 1.125000000000000000e+03
1.340000000000000000e+03 4.970000000000000000e+02 9.750000000000000000e+02 7.000000000000000000e+02 1.125000000000000000e+03
1.390000000000000000e+03 5.060000000000000000e+02 1.050000000000000000e+03 7.000000000000000000e+02 1.125000000000000000e+03
1.440000000000000000e+03 5.150000000000000000e+02 1.125000000000000000e+03 7.000000000000000000e+02 1.125000000000000000e+03
1.491000000000000000e+03 5.250000000000000000e+02 1.200000000000000000e+03 7.000000000000000000e+02 1.125000000000000000e+03
1.542000000000000000e+03 5.340000000000000000e+02 1.275000000000000000e+03 7.000000000000000000e+02 1.125000000000000000e+03
1.594000000000000000e+03 5.440000000000000000e+02 1.350000000000000000e+03 7.000000000000000000e+02 1.125000000000000000e+03
1.646000000000000000e+03 5.530000000000000000e+02 1.425000000000000000e+03 7.000000000000000000e+02 1.125000000000000000e+03
1.699000000000000000e+03 5.630000000000000000e+02 1.500000000000000000e+03 7.000000000000000000e+02 1.125000000000000000e+03
1.751000000000000000e+03 5.720000000000000000e+02 1.575000000000000000e+03 7.000000000000000000e+02 1.125000000000000000e+03
1.805000000000000000e+03 5.820000000000000000e+02 1.650000000000000000e+03 7.000000000000000000e+02 1.125000000000000000e+03
1.859000000000000000e+03 5.920000000000000000e+02 1.725000000000000000e+03 7.000000000000000000e+02 1.125000000000000000e+03
1.913000000000000000e+03 6.020000000000000000e+02 1.800000000000000000e+03 7.000000000000000000e+02 1.125000000000000000e+03
7.220000000000000000e+02 3.360000000000000000e+02 0.000000000000000000e+00 7.000000000000000000e+02 1.200000000000000000e+03
7.670000000000000000e+02 3.440000000000000000e+02 7.500000000000000000e+01 7.000000000000000000e+02 1.200000000000000000e+03
8.120000000000000000e+02 3.520000000000000000e+02 1.500000000000000000e+02 7.000000000000000000e+02 1.200000000000000000e+03
8.580000000000000000e+02 3.600000000000000000e+02 2.250000000000000000e+02 7.000000000000000000e+02 1.200000000000000000e+03
9.050000000000000000e+02 3.680000000000000000e+02 3.000000000000000000e+02 7.000000000000000000e+02 1.200000000000000000e+03
9.510000000000000000e+02 3.770000000000000000e+02 3.750000000000000000e+02 7.000000000000000000e+02 1.200000000000000000e+03
9.990000000000000000e+02 3.850000000000000000e+02 4.500000000000000000e+02 7.000000000000000000e+02 1.200000000000000000e+03
1.046000000000000000e+03 3.940000000000000000e+02 5.250000000000000000e+02 7.000000000000000000e+02 1.200000000000000000e+03
1.094000000000000000e+03 4.020000000000000000e+02 6.000000000000000000e+02 7.000000000000000000e+02 1.200000000000000000e+03
1.142000000000000000e+03 4.110000000000000000e+02 6.750000000000000000e+02 7.000000000000000000e+02 1.200000000000000000e+03
1.191000000000000000e+03 4.200000000000000000e+02 7.500000000000000000e+02 7.000000000000000000e+02 1.200000000000000000e+03
1.240000000000000000e+03 4.280000000000000000e+02 8.250000000000000000e+02 7.000000000000000000e+02 1.200000000000000000e+03
1.290000000000000000e+03 4.370000000000000000e+02 9.000000000000000000e+02 7.000000000000000000e+02 1.200000000000000000e+03
1.340000000000000000e+03 4.460000000000000000e+02 9.750000000000000000e+02 7.000000000000000000e+02 1.200000000000000000e+03
1.390000000000000000e+03 4.550000000000000000e+02 1.050000000000000000e+03 7.000000000000000000e+02 1.200000000000000000e+03
1.441000000000000000e+03 4.640000000000000000e+02 1.125000000000000000e+03 7.000000000000000000e+02 1.200000000000000000e+03
1.492000000000000000e+03 4.730000000000000000e+02 1.200000000000000000e+03 7.000000000000000000e+02 1.200000000000000000e+03
1.544000000000000000e+03 4.830000000000000000e+02 1.275000000000000000e+03 7.000000000000000000e+02 1.200000000000000000e+03
1.596000000000000000e+03 4.920000000000000000e+02 1.350000000000000000e+03 7.000000000000000000e+02 1.200000000000000000e+03
1.648000000000000000e+03 5.010000000000000000e+02 1.425000000000000000e+03 7.000000000000000000e+02 1.200000000000000000e+03
1.701000000000000000e+03 5.110000000000000000e+02 1.500000000000000000e+03 7.000000000000000000e+02 1.200000000000000000e+03
1.754000000000000000e+03 5.200000000000000000e+02 1.575000000000000000e+03 7.000000000000000000e+02 1.200000000000000000e+03
1.808000000000000000e+03 5.300000000000000000e+02 1.650000000000000000e+03 7.000000000000000000e+02 1.200000000000000000e+03
1.862000000000000000e+03 5.390000000000000000e+02 1.725000000000000000e+03 7.000000000000000000e+02 1.200000000000000000e+03
1.916000000000000000e+03 5.490000000000000000e+02 1.800000000000000000e+03 7.000000000000000000e+02 1.200000000000000000e+03
7.190000000000000000e+02 2.860000000000000000e+02 0.000000000000000000e+00 7.000000000000000000e+02 1.275000000000000000e+03
7.640000000000000000e+02 2.940000000000000000e+02 7.500000000000000000e+01 7.000000000000000000e+02 1.275000000000000000e+03
8.100000000000000000e+02 3.020000000000000000e+02 1.500000000000000000e+02 7.000000000000000000e+02 1.275000000000000000e+03
8.560000000000000000e+02 3.100000000000000000e+02 2.250000000000000000e+02 7.000000000000000000e+02 1.275000000000000000e+03
9.030000000000000000e+02 3.180000000000000000e+02 3.000000000000000000e+02 7.000000000000000000e+02 1.275000000000000000e+03
9.500000000000000000e+02 3.270000000000000000e+02 3.750000000000000000e+02 7.000000000000000000e+02 1.275000000000000000e+03
9.970000000000000000e+02 3.350000000000000000e+02 4.500000000000000000e+02 7.000000000000000000e+02 1.275000000000000000e+03
1.045000000000000000e+03 3.430000000000000000e+02 5.250000000000000000e+02 7.000000000000000000e+02 1.275000000000000000e+03
1.093000000000000000e+03 3.520000000000000000e+02 6.000000000000000000e+02 7.000000000000000000e+02 1.275000000000000000e+03
1.142000000000000000e+03 3.600000000000000000e+02 6.750000000000000000e+02 7.000000000000000000e+02 1.275000000000000000e+03
1.191000000000000000e+03 3.690000000000000000e+02 7.500000000000000000e+02 7.000000000000000000e+02 1.275000000000000000e+03
1.240000000000000000e+03 3.770000000000000000e+02 8.250000000000000000e+02 7.000000000000000000e+02 1.275000000000000000e+03
1.290000000000000000e+03 3.860000000000000000e+02 9.000000000000000000e+02 7.000000000000000000e+02 1.275000000000000000e+03
1.340000000000000000e+03 3.950000000000000000e+02 9.750000000000000000e+02 7.000000000000000000e+02 1.275000000000000000e+03
1.391000000000000000e+03 4.040000000000000000e+02 1.050000000000000000e+03 7.000000000000000000e+02 1.275000000000000000e+03
1.442000000000000000e+03 4.120000000000000000e+02 1.125000000000000000e+03 7.000000000000000000e+02 1.275000000000000000e+03
1.493000000000000000e+03 4.210000000000000000e+02 1.200000000000000000e+03 7.000000000000000000e+02 1.275000000000000000e+03
1.545000000000000000e+03 4.300000000000000000e+02 1.275000000000000000e+03 7.000000000000000000e+02 1.275000000000000000e+03
1.597000000000000000e+03 4.390000000000000000e+02 1.350000000000000000e+03 7.000000000000000000e+02 1.275000000000000000e+03
1.650000000000000000e+03 4.490000000000000000e+02 1.425000000000000000e+03 7.000000000000000000e+02 1.275000000000000000e+03
1.703000000000000000e+03 4.580000000000000000e+02 1.500000000000000000e+03 7.000000000000000000e+02 1.275000000000000000e+03
1.756000000000000000e+03 4.670000000000000000e+02 1.575000000000000000e+03 7.000000000000000000e+02 1.275000000000000000e+03
1.810000000000000000e+03 4.770000000000000000e+02 1.650000000000000000e+03 7.000000000000000000e+02 1.275000000000000000e+03
1.865000000000000000e+03 4.860000000000000000e+02 1.725000000000000000e+03 7.000000000000000000e+02 1.275000000000000000e+03
1.920000000000000000e+03 4.950000000000000000e+02 1.800000000000000000e+03 7.000000000000000000e+02 1.275000000000000000e+03
