# x,y,X,Y,Z
2.570000000000000000e+02 1.400000000000000000e+03 0.000000000000000000e+00 0.000000000000000000e+00 1.500000000000000000e+02
3.030000000000000000e+02 1.414000000000000000e+03 7.500000000000000000e+01 0.000000000000000000e+00 1.500000000000000000e+02
3.500000000000000000e+02 1.427000000000000000e+03 1.500000000000000000e+02 0.000000000000000000e+00 1.500000000000000000e+02
3.980000000000000000e+02 1.441000000000000000e+03 2.250000000000000000e+02 0.000000000000000000e+00 1.500000000000000000e+02
4.460000000000000000e+02 1.455000000000000000e+03 3.000000000000000000e+02 0.000000000000000000e+00 1.500000000000000000e+02
4.940000000000000000e+02 1.469000000000000000e+03 3.750000000000000000e+02 0.000000000000000000e+00 1.500000000000000000e+02
5.430000000000000000e+02 1.483000000000000000e+03 4.500000000000000000e+02 0.000000000000000000e+00 1.500000000000000000e+02
5.920000000000000000e+02 1.497000000000000000e+03 5.250000000000000000e+02 0.000000000000000000e+00 1.500000000000000000e+02
6.420000000000000000e+02 1.511000000000000000e+03 6.000000000000000000e+02 0.000000000000000000e+00 1.500000000000000000e+02
6.920000000000000000e+02 1.526000000000000000e+03 6.750000000000000000e+02 0.000000000000000000e+00 1.500000000000000000e+02
7.430000000000000000e+02 1.540000000000000000e+03 7.500000000000000000e+02 0.000000000000000000e+00 1.500000000000000000e+02
7.950000000000000000e+02 1.554000000000000000e+03 8.250000000000000000e+02 0.000000000000000000e+00 1.500000000000000000e+02
8.460000000000000000e+02 1.569000000000000000e+03 9.000000000000000000e+02 0.000000000000000000e+00 1.500000000000000000e+02
8.990000000000000000e+02 1.584000000000000000e+03 9.750000000000000000e+02 0.000000000000000000e+00 1.500000000000000000e+02
9.510000000000000000e+02 1.598000000000000000e+03 1.050000000000000000e+03 0.000000000000000000e+00 1.500000000000000000e+02
1.005000000000000000e+03 1.613000000000000000e+03 1.125000000000000000e+03 0.000000000000000000e+00 1.500000000000000000e+02
1.058000000000000000e+03 1.628000000000000000e+03 1.200000000000000000e+03 0.000000000000000000e+00 1.500000000000000000e+02
1.112000000000000000e+03 1.644000000000000000e+03 1.275000000000000000e+03 0.000000000000000000e+00 1.500000000000000000e+02
1.167000000000000000e+03 1.659000000000000000e+03 1.350000000000000000e+03 0.000000000000000000e+00 1.500000000000000000e+02
1.222000000000000000e+03 1.674000000000000000e+03 1.425000000000000000e+03 0.000000000000000000e+00 1.500000000000000000e+02
1.278000000000000000e+03 1.690000000000000000e+03 1.500000000000000000e+03 0.000000000000000000e+00 1.500000000000000000e+02
1.334000000000000000e+03 1.705000000000000000e+03 1.575000000000000000e+03 0.000000000000000000e+00 1.500000000000000000e+02
1.391000000000000000e+03 1.721000000000000000e+03 1.650000000000000000e+03 0.000000000000000000e+00 1.500000000000000000e+02
1.448000000000000000e+03 1.737000000000000000e+03 1.725000000000000000e+03 0.000000000000000000e+00 1.500000000000000000e+02
1.506000000000000000e+03 1.752000000000000000e+03 1.800000000000000000e+03 0.000000000000000000e+00 1.500000000000000000e+02
2.510000000000000000e+02 1.352000000000000000e+03 0.000000000000000000e+00 0.000000000000000000e+00 2.250000000000000000e+02
2.980000000000000000e+02 1.366000000000000000e+03 7.500000000000000000e+01 0.000000000000000000e+00 2.250000000000000000e+02
3.450000000000000000e+02 1.379000000000000000e+03 1.500000000000000000e+02 0.000000000000000000e+00 2.250000000000000000e+02
3.930000000000000000e+02 1.393000000000000000e+03 2.250000000000000000e+02 0.000000000000000000e+00 2.250000000000000000e+02
4.410000000000000000e+02 1.407000000000000000e+03 3.000000000000000000e+02 0.000000000000000000e+00 2.250000000000000000e+02
4.900000000000000000e+02 1.420000000000000000e+03 3.750000000000000000e+02 0.000000000000000000e+00 2.250000000000000000e+02
5.390000000000000000e+02 1.434000000000000000e+03 4.500000000000000000e+02 0.000000000000000000e+00 2.250000000000000000e+02
5.890000000000000000e+02 1.448000000000000000e+03 5.250000000000000000e+02 0.000000000000000000e+00 2.250000000000000000e+02
6.390000000000000000e+02 1.462000000000000000e+03 6.000000000000000000e+02 0.000000000000000000e+00 2.250000000000000000e+02
6.890000000000000000e+02 1.477000000000000000e+03 6.750000000000000000e+02 0.000000000000000000e+00 2.250000000000000000e+02
7.400000000000000000e+02 1.491000000000000000e+03 7.500000000000000000e+02 0.000000000000000000e+00 2.250000000000000000e+02
7.920000000000000000e+02 1.505000000000000000e+03 8.250000000000000000e+02 0.000000000000000000e+00 2.250000000000000000e+02
8.440000000000000000e+02 1.520000000000000000e+03 9.000000000000000000e+02 0.000000000000000000e+00 2.250000000000000000e+02
8.970000000000000000e+02 1.534000000000000000e+03 9.750000000000000000e+02 0.000000000000000000e+00 2.250000000000000000e+02
9.500000000000000000e+02 1.549000000000000000e+03 1.050000000000000000e+03 0.000000000000000000e+00 2.250000000000000000e+02
1.003000000000000000e+03 1.564000000000000000e+03 1.125000000000000000e+03 0.000000000000000000e+00 2.250000000000000000e+02
1.057000000000000000e+03 1.578000000000000000e+03 1.200000000000000000e+03 0.000000000000000000e+00 2.250000000000000000e+02
1.112000000000000000e+03 1.593000000000000000e+03 1.275000000000000000e+03 0.000000000000000000e+00 2.250000000000000000e+02
1.167000000000000000e+03 1.609000000000000000e+03 1.350000000000000000e+03 0.000000000000000000e+00 2.250000000000000000e+02
1.222000000000000000e+03 1.624000000000000000e+03 1.425000000000000000e+03 0.000000000000000000e+00 2.250000000000000000e+02
1.278000000000000000e+03 1.639000000000000000e+03 1.500000000000000000e+03 0.000000000000000000e+00 2.250000000000000000e+02
1.335000000000000000e+03 1.655000000000000000e+03 1.575000000000000000e+03 0.000000000000000000e+00 2.250000000000000000e+02
1.392000000000000000e+03 1.670000000000000000e+03 1.650000000000000000e+03 0.000000000000000000e+00 2.250000000000000000e+02
1.449000000000000000e+03 1.686000000000000000e+03 1.725000000000000000e+03 0.000000000000000000e+00 2.250000000000000000e+02
1.507000000000000000e+03 1.701000000000000000e+03 1.800000000000000000e+03 0.000000000000000000e+00 2.250000000000000000e+02
2.460000000000000000e+02 1.304000000000000000e+03 0.000000000000000000e+00 0.000000000000000000e+00 3.000000000000000000e+02
2.930000000000000000e+02 1.318000000000000000e+03 7.500000000000000000e+01 0.000000000000000000e+00 3.000000000000000000e+02
3.400000000000000000e+02 1.331000000000000000e+03 1.500000000000000000e+02 0.000000000000000000e+00 3.000000000000000000e+02
3.880000000000000000e+02 1.344000000000000000e+03 2.250000000000000000e+02 0.000000000000000000e+00 3.000000000000000000e+02
4.370000000000000000e+02 1.358000000000000000e+03 3.000000000000000000e+02 0.000000000000000000e+00 3.000000000000000000e+02
4.860000000000000000e+02 1.371000000000000000e+03 3.750000000000000000e+02 0.000000000000000000e+00 3.000000000000000000e+02
5.350000000000000000e+02 1.385000000000000000e+03 4.500000000000000000e+02 0.000000000000000000e+00 3.000000000000000000e+02
5.850000000000000000e+02 1.399000000000000000e+03 5.250000000000000000e+02 0.000000000000000000e+00 3.000000000000000000e+02
6.350000000000000000e+02 1.413000000000000000e+03 6.000000000000000000e+02 0.000000000000000000e+00 3.000000000000000000e+02
6.860000000000000000e+02 1.427000000000000000e+03 6.750000000000000000e+02 0.000000000000000000e+00 3.000000000000000000e+02
7.370000000000000000e+02 1.441000000000000000e+03 7.500000000000000000e+02 0.000000000000000000e+00 3.000000000000000000e+02
7.890000000000000000e+02 1.455000000000000000e+03 8.250000000000000000e+02 0.000000000000000000e+00 3.000000000000000000e+02
8.420000000000000000e+02 1.470000000000000000e+03 9.000000000000000000e+02 0.000000000000000000e+00 3.000000000000000000e+02
8.940000000000000000e+02 1.484000000000000000e+03 9.750000000000000000e+02 0.000000000000000000e+00 3.000000000000000000e+02
9.480000000000000000e+02 1.499000000000000000e+03 1.050000000000000000e+03 0.000000000000000000e+00 3.000000000000000000e+02
1.002000000000000000e+03 1.513000000000000000e+03 1.125000000000000000e+03 0.000000000000000000e+00 3.000000000000000000e+02
1.056000000000000000e+03 1.528000000000000000e+03 1.200000000000000000e+03 0.000000000000000000e+00 3.000000000000000000e+02
1.111000000000000000e+03 1.543000000000000000e+03 1.275000000000000000e+03 0.000000000000000000e+00 3.000000000000000000e+02
1.166000000000000000e+03 1.558000000000000000e+03 1.350000000000000000e+03 0.000000000000000000e+00 3.000000000000000000e+02
1.222000000000000000e+03 1.573000000000000000e+03 1.425000000000000000e+03 0.000000000000000000e+00 3.000000000000000000e+02
1.278000000000000000e+03 1.588000000000000000e+03 1.500000000000000000e+03 0.000000000000000000e+00 3.000000000000000000e+02
1.335000000000000000e+03 1.603000000000000000e+03 1.575000000000000000e+03 0.000000000000000000e+00 3.000000000000000000e+02
1.393000000000000000e+03 1.619000000000000000e+03 1.650000000000000000e+03 0.000000000000000000e+00 3.000000000000000000e+02
1.450000000000000000e+03 1.634000000000000000e+03 1.725000000000000000e+03 0.000000000000000000e+00 3.000000000000000000e+02
1.509000000000000000e+03 1.650000000000000000e+03 1.800000000000000000e+03 0.000000000000000000e+00 3.000000000000000000e+02
2.400000000000000000e+02 1.255000000000000000e+03 0.000000000000000000e+00 0.000000000000000000e+00 3.750000000000000000e+02
2.870000000000000000e+02 1.269000000000000000e+03 7.500000000000000000e+01 0.000000000000000000e+00 3.750000000000000000e+02
3.350000000000000000e+02 1.282000000000000000e+03 1.500000000000000000e+02 0.000000000000000000e+00 3.750000000000000000e+02
3.830000000000000000e+02 1.295000000000000000e+03 2.250000000000000000e+02 0.000000000000000000e+00 3.750000000000000000e+02
4.320000000000000000e+02 1.308000000000000000e+03 3.000000000000000000e+02 0.000000000000000000e+00 3.750000000000000000e+02
4.810000000000000000e+02 1.322000000000000000e+03 3.750000000000000000e+02 0.000000000000000000e+00 3.750000000000000000e+02
5.310000000000000000e+02 1.335000000000000000e+03 4.500000000000000000e+02 0.000000000000000000e+00 3.750000000000000000e+02
5.810000000000000000e+02 1.349000000000000000e+03 5.250000000000000000e+02 0.000000000000000000e+00 3.750000000000000000e+02
6.320000000000000000e+02 1.363000000000000000e+03 6.000000000000000000e+02 0.000000000000000000e+00 3.750000000000000000e+02
6.830000000000000000e+02 1.377000000000000000e+03 6.750000000000000000e+02 0.000000000000000000e+00 3.750000000000000000e+02
7.340000000000000000e+02 1.391000000000000000e+03 7.500000000000000000e+02 0.000000000000000000e+00 3.750000000000000000e+02
7.870000000000000000e+02 1.405000000000000000e+03 8.250000000000000000e+02 0.000000000000000000e+00 3.750000000000000000e+02
8.390000000000000000e+02 1.419000000000000000e+03 9.000000000000000000e+02 0.000000000000000000e+00 3.750000000000000000e+02
8.920000000000000000e+02 1.433000000000000000e+03 9.750000000000000000e+02 0.000000000000000000e+00 3.750000000000000000e+02
9.460000000000000000e+02 1.448000000000000000e+03 1.050000000000000000e+03 0.000000000000000000e+00 3.750000000000000000e+02
1.000000000000000000e+03 1.462000000000000000e+03 1.125000000000000000e+03 0.000000000000000000e+00 3.750000000000000000e+02
1.055000000000000000e+03 1.477000000000000000e+03 1.200000000000000000e+03 0.000000000000000000e+00 3.750000000000000000e+02
1.110000000000000000e+03 1.492000000000000000e+03 1.275000000000000000e+03 0.000000000000000000e+00 3.750000000000000000e+02
1.165000000000000000e+03 1.506000000000000000e+03 1.350000000000000000e+03 0.000000000000000000e+00 3.750000000000000000e+02
1.222000000000000000e+03 1.521000000000000000e+03 1.425000000000000000e+03 0.000000000000000000e+00 3.750000000000000000e+02
1.278000000000000000e+03 1.536000000000000000e+03 1.500000000000000000e+03 0.000000000000000000e+00 3.750000000000000000e+02
1.336000000000000000e+03 1.552000000000000000e+03 1.575000000000000000e+03 0.000000000000000000e+00 3.750000000000000000e+02
1.393000000000000000e+03 1.567000000000000000e+03 1.650000000000000000e+03 0.000000000000000000e+00 3.750000000000000000e+02
1.452000000000000000e+03 1.582000000000000000e+03 1.725000000000000000e+03 0.000000000000000000e+00 3.750000000000000000e+02
1.510000000000000000e+03 1.598000000000000000e+03 1.800000000000000000e+03 0.000000000000000000e+00 3.750000000000000000e+02
2.350000000000000000e+02 1.206000000000000000e+03 0.000000000000000000e+00 0.000000000000000000e+00 4.500000000000000000e+02
2.820000000000000000e+02 1.219000000000000000e+03 7.500000000000000000e+01 0.000000000000000000e+00 4.500000000000000000e+02
3.300000000000000000e+02 1.232000000000000000e+03 1.500000000000000000e+02 0.000000000000000000e+00 4.500000000000000000e+02
3.780000000000000000e+02 1.245000000000000000e+03 2.250000000000000000e+02 0.000000000000000000e+00 4.500000000000000000e+02
4.270000000000000000e+02 1.258000000000000000e+03 3.000000000000000000e+02 0.000000000000000000e+00 4.500000000000000000e+02
4.770000000000000000e+02 1.272000000000000000e+03 3.750000000000000000e+02 0.000000000000000000e+00 4.500000000000000000e+02
5.270000000000000000e+02 1.285000000000000000e+03 4.500000000000000000e+02 0.000000000000000000e+00 4.500000000000000000e+02
5.770000000000000000e+02 1.299000000000000000e+03 5.250000000000000000e+02 0.000000000000000000e+00 4.500000000000000000e+02
6.280000000000000000e+02 1.313000000000000000e+03 6.000000000000000000e+02 0.000000000000000000e+00 4.500000000000000000e+02
6.790000000000000000e+02 1.326000000000000000e+03 6.750000000000000000e+02 0.000000000000000000e+00 4.500000000000000000e+02
7.310000000000000000e+02 1.340000000000000000e+03 7.500000000000000000e+02 0.000000000000000000e+00 4.500000000000000000e+02
7.840000000000000000e+02 1.354000000000000000e+03 8.250000000000000000e+02 0.000000000000000000e+00 4.500000000000000000e+02
8.370000000000000000e+02 1.368000000000000000e+03 9.000000000000000000e+02 0.000000000000000000e+00 4.500000000000000000e+02
8.900000000000000000e+02 1.382000000000000000e+03 9.750000000000000000e+02 0.000000000000000000e+00 4.500000000000000000e+02
9.440000000000000000e+02 1.396000000000000000e+03 1.050000000000000000e+03 0.000000000000000000e+00 4.500000000000000000e+02
9.990000000000000000e+02 1.411000000000000000e+03 1.125000000000000000e+03 0.000000000000000000e+00 4.500000000000000000e+02
1.053000000000000000e+03 1.425000000000000000e+03 1.200000000000000000e+03 0.000000000000000000e+00 4.500000000000000000e+02
1.109000000000000000e+03 1.440000000000000000e+03 1.275000000000000000e+03 0.000000000000000000e+00 4.500000000000000000e+02
1.165000000000000000e+03 1.454000000000000000e+03 1.350000000000000000e+03 0.000000000000000000e+00 4.500000000000000000e+02
1.221000000000000000e+03 1.469000000000000000e+03 1.425000000000000000e+03 0.000000000000000000e+00 4.500000000000000000e+02
1.278000000000000000e+03 1.484000000000000000e+03 1.500000000000000000e+03 0.000000000000000000e+00 4.500000000000000000e+02
1.336000000000000000e+03 1.499000000000000000e+03 1.575000000000000000e+03 0.000000000000000000e+00 4.500000000000000000e+02
1.394000000000000000e+03 1.514000000000000000e+03 1.650000000000000000e+03 0.000000000000000000e+00 4.500000000000000000e+02
1.453000000000000000e+03 1.529000000000000000e+03 1.725000000000000000e+03 0.000000000000000000e+00 4.500000000000000000e+02
1.512000000000000000e+03 1.545000000000000000e+03 1.800000000000000000e+03 0.000000000000000000e+00 4.500000000000000000e+02
2.290000000000000000e+02 1.156000000000000000e+03 0.000000000000000000e+00 0.000000000000000000e+00 5.250000000000000000e+02
2.770000000000000000e+02 1.169000000000000000e+03 7.500000000000000000e+01 0.000000000000000000e+00 5.250000000000000000e+02
3.250000000000000000e+02 1.182000000000000000e+03 1.500000000000000000e+02 0.000000000000000000e+00 5.250000000000000000e+02
3.740000000000000000e+02 1.195000000000000000e+03 2.250000000000000000e+02 0.000000000000000000e+00 5.250000000000000000e+02
4.230000000000000000e+02 1.208000000000000000e+03 3.000000000000000000e+02 0.000000000000000000e+00 5.250000000000000000e+02
4.720000000000000000e+02 1.221000000000000000e+03 3.750000000000000000e+02 0.000000000000000000e+00 5.250000000000000000e+02
5.230000000000000000e+02 1.234000000000000000e+03 4.500000000000000000e+02 0.000000000000000000e+00 5.250000000000000000e+02
5.730000000000000000e+02 1.248000000000000000e+03 5.250000000000000000e+02 0.000000000000000000e+00 5.250000000000000000e+02
6.240000000000000000e+02 1.261000000000000000e+03 6.000000000000000000e+02 0.000000000000000000e+00 5.250000000000000000e+02
6.760000000000000000e+02 1.275000000000000000e+03 6.750000000000000000e+02 0.000000000000000000e+00 5.250000000000000000e+02
7.280000000000000000e+02 1.289000000000000000e+03 7.500000000000000000e+02 0.000000000000000000e+00 5.250000000000000000e+02
7.810000000000000000e+02 1.302000000000000000e+03 8.250000000000000000e+02 0.000000000000000000e+00 5.250000000000000000e+02
8.340000000000000000e+02 1.316000000000000000e+03 9.000000000000000000e+02 0.000000000000000000e+00 5.250000000000000000e+02
8.880000000000000000e+02 1.330000000000000000e+03 9.750000000000000000e+02 0.000000000000000000e+00 5.250000000000000000e+02
9.420000000000000000e+02 1.344000000000000000e+03 1.050000000000000000e+03 0.000000000000000000e+00 5.250000000000000000e+02
9.970000000000000000e+02 1.358000000000000000e+03 1.125000000000000000e+03 0.000000000000000000e+00 5.250000000000000000e+02
1.052000000000000000e+03 1.373000000000000000e+03 1.200000000000000000e+03 0.000000000000000000e+00 5.250000000000000000e+02
1.108000000000000000e+03 1.387000000000000000e+03 1.275000000000000000e+03 0.000000000000000000e+00 5.250000000000000000e+02
1.164000000000000000e+03 1.402000000000000000e+03 1.350000000000000000e+03 0.000000000000000000e+00 5.250000000000000000e+02
1.221000000000000000e+03 1.416000000000000000e+03 1.425000000000000000e+03 0.000000000000000000e+00 5.250000000000000000e+02
1.278000000000000000e+03 1.431000000000000000e+03 1.500000000000000000e+03 0.000000000000000000e+00 5.250000000000000000e+02
1.336000000000000000e+03 1.446000000000000000e+03 1.575000000000000000e+03 0.000000000000000000e+00 5.250000000000000000e+02
1.395000000000000000e+03 1.461000000000000000e+03 1.650000000000000000e+03 0.000000000000000000e+00 5.250000000000000000e+02
1.454000000000000000e+03 1.476000000000000000e+03 1.725000000000000000e+03 0.000000000000000000e+00 5.250000000000000000e+02
1.514000000000000000e+03 1.491000000000000000e+03 1.800000000000000000e+03 0.000000000000000000e+00 5.250000000000000000e+02
2.230000000000000000e+02 1.106000000000000000e+03 0.000000000000000000e+00 0.000000000000000000e+00 6.000000000000000000e+02
2.710000000000000000e+02 1.119000000000000000e+03 7.500000000000000000e+01 0.000000000000000000e+00 6.000000000000000000e+02
3.200000000000000000e+02 1.131000000000000000e+03 1.500000000000000000e+02 0.000000000000000000e+00 6.000000000000000000e+02
3.690000000000000000e+02 1.144000000000000000e+03 2.250000000000000000e+02 0.000000000000000000e+00 6.000000000000000000e+02
4.180000000000000000e+02 1.157000000000000000e+03 3.000000000000000000e+02 0.000000000000000000e+00 6.000000000000000000e+02
4.680000000000000000e+02 1.170000000000000000e+03 3.750000000000000000e+02 0.000000000000000000e+00 6.000000000000000000e+02
5.180000000000000000e+02 1.183000000000000000e+03 4.500000000000000000e+02 0.000000000000000000e+00 6.000000000000000000e+02
5.690000000000000000e+02 1.196000000000000000e+03 5.250000000000000000e+02 0.000000000000000000e+00 6.000000000000000000e+02
6.210000000000000000e+02 1.210000000000000000e+03 6.000000000000000000e+02 0.000000000000000000e+00 6.000000000000000000e+02
6.730000000000000000e+02 1.223000000000000000e+03 6.750000000000000000e+02 0.000000000000000000e+00 6.000000000000000000e+02
7.250000000000000000e+02 1.236000000000000000e+03 7.500000000000000000e+02 0.000000000000000000e+00 6.000000000000000000e+02
7.780000000000000000e+02 1.250000000000000000e+03 8.250000000000000000e+02 0.000000000000000000e+00 6.000000000000000000e+02
8.320000000000000000e+02 1.264000000000000000e+03 9.000000000000000000e+02 0.000000000000000000e+00 6.000000000000000000e+02
8.860000000000000000e+02 1.278000000000000000e+03 9.750000000000000000e+02 0.000000000000000000e+00 6.000000000000000000e+02
9.400000000000000000e+02 1.292000000000000000e+03 1.050000000000000000e+03 0.000000000000000000e+00 6.000000000000000000e+02
9.950000000000000000e+02 1.305000000000000000e+03 1.125000000000000000e+03 0.000000000000000000e+00 6.000000000000000000e+02
1.051000000000000000e+03 1.320000000000000000e+03 1.200000000000000000e+03 0.000000000000000000e+00 6.000000000000000000e+02
1.107000000000000000e+03 1.334000000000000000e+03 1.275000000000000000e+03 0.000000000000000000e+00 6.000000000000000000e+02
1.164000000000000000e+03 1.348000000000000000e+03 1.350000000000000000e+03 0.000000000000000000e+00 6.000000000000000000e+02
1.221000000000000000e+03 1.363000000000000000e+03 1.425000000000000000e+03 0.000000000000000000e+00 6.000000000000000000e+02
1.278000000000000000e+03 1.377000000000000000e+03 1.500000000000000000e+03 0.000000000000000000e+00 6.000000000000000000e+02
1.337000000000000000e+03 1.392000000000000000e+03 1.575000000000000000e+03 0.000000000000000000e+00 6.000000000000000000e+02
1.396000000000000000e+03 1.407000000000000000e+03 1.650000000000000000e+03 0.000000000000000000e+00 6.000000000000000000e+02
1.455000000000000000e+03 1.422000000000000000e+03 1.725000000000000000e+03 0.000000000000000000e+00 6.000000000000000000e+02
1.515000000000000000e+03 1.437000000000000000e+03 1.800000000000000000e+03 0.000000000000000000e+00 6.000000000000000000e+02
2.180000000000000000e+02 1.055000000000000000e+03 0.000000000000000000e+00 0.000000000000000000e+00 6.750000000000000000e+02
2.660000000000000000e+02 1.067000000000000000e+03 7.500000000000000000e+01 0.000000000000000000e+00 6.750000000000000000e+02
3.140000000000000000e+02 1.080000000000000000e+03 1.500000000000000000e+02 0.000000000000000000e+00 6.750000000000000000e+02
3.630000000000000000e+02 1.093000000000000000e+03 2.250000000000000000e+02 0.000000000000000000e+00 6.750000000000000000e+02
4.130000000000000000e+02 1.105000000000000000e+03 3.000000000000000000e+02 0.000000000000000000e+00 6.750000000000000000e+02
4.630000000000000000e+02 1.118000000000000000e+03 3.750000000000000000e+02 0.000000000000000000e+00 6.750000000000000000e+02
5.140000000000000000e+02 1.131000000000000000e+03 4.500000000000000000e+02 0.000000000000000000e+00 6.750000000000000000e+02
5.650000000000000000e+02 1.144000000000000000e+03 5.250000000000000000e+02 0.000000000000000000e+00 6.750000000000000000e+02
6.170000000000000000e+02 1.157000000000000000e+03 6.000000000000000000e+02 0.000000000000000000e+00 6.750000000000000000e+02
6.690000000000000000e+02 1.170000000000000000e+03 6.750000000000000000e+02 0.000000000000000000e+00 6.750000000000000000e+02
7.220000000000000000e+02 1.184000000000000000e+03 7.500000000000000000e+02 0.000000000000000000e+00 6.750000000000000000e+02
7.750000000000000000e+02 1.197000000000000000e+03 8.250000000000000000e+02 0.000000000000000000e+00 6.750000000000000000e+02
8.290000000000000000e+02 1.211000000000000000e+03 9.000000000000000000e+02 0.000000000000000000e+00 6.750000000000000000e+02
8.830000000000000000e+02 1.224000000000000000e+03 9.750000000000000000e+02 0.000000000000000000e+00 6.750000000000000000e+02
9.380000000000000000e+02 1.238000000000000000e+03 1.050000000000000000e+03 0.000000000000000000e+00 6.750000000000000000e+02
9.940000000000000000e+02 1.252000000000000000e+03 1.125000000000000000e+03 0.000000000000000000e+00 6.750000000000000000e+02
1.050000000000000000e+03 1.266000000000000000e+03 1.200000000000000000e+03 0.000000000000000000e+00 6.750000000000000000e+02
1.106000000000000000e+03 1.280000000000000000e+03 1.275000000000000000e+03 0.000000000000000000e+00 6.750000000000000000e+02
1.163000000000000000e+03 1.294000000000000000e+03 1.350000000000000000e+03 0.000000000000000000e+00 6.750000000000000000e+02
1.220000000000000000e+03 1.309000000000000000e+03 1.425000000000000000e+03 0.000000000000000000e+00 6.750000000000000000e+02
1.279000000000000000e+03 1.323000000000000000e+03 1.500000000000000000e+03 0.000000000000000000e+00 6.750000000000000000e+02
1.337000000000000000e+03 1.338000000000000000e+03 1.575000000000000000e+03 0.000000000000000000e+00 6.750000000000000000e+02
1.396000000000000000e+03 1.352000000000000000e+03 1.650000000000000000e+03 0.000000000000000000e+00 6.750000000000000000e+02
1.456000000000000000e+03 1.367000000000000000e+03 1.725000000000000000e+03 0.000000000000000000e+00 6.750000000000000000e+02
1.517000000000000000e+03 1.382000000000000000e+03 1.800000000000000000e+03 0.000000000000000000e+00 6.750000000000000000e+02
2.120000000000000000e+02 1.004000000000000000e+03 0.000000000000000000e+00 0.000000000000000000e+00 7.500000000000000000e+02
2.600000000000000000e+02 1.016000000000000000e+03 7.500000000000000000e+01 0.000000000000000000e+00 7.500000000000000000e+02
3.090000000000000000e+02 1.028000000000000000e+03 1.500000000000000000e+02 0.000000000000000000e+00 7.500000000000000000e+02
3.580000000000000000e+02 1.041000000000000000e+03 2.250000000000000000e+02 0.000000000000000000e+00 7.500000000000000000e+02
4.080000000000000000e+02 1.053000000000000000e+03 3.000000000000000000e+02 0.000000000000000000e+00 7.500000000000000000e+02
4.590000000000000000e+02 1.066000000000000000e+03 3.750000000000000000e+02 0.000000000000000000e+00 7.500000000000000000e+02
5.100000000000000000e+02 1.079000000000000000e+03 4.500000000000000000e+02 0.000000000000000000e+00 7.500000000000000000e+02
5.610000000000000000e+02 1.091000000000000000e+03 5.250000000000000000e+02 0.000000000000000000e+00 7.500000000000000000e+02
6.130000000000000000e+02 1.104000000000000000e+03 6.000000000000000000e+02 0.000000000000000000e+00 7.500000000000000000e+02
6.660000000000000000e+02 1.117000000000000000e+03 6.750000000000000000e+02 0.000000000000000000e+00 7.500000000000000000e+02
7.190000000000000000e+02 1.131000000000000000e+03 7.500000000000000000e+02 0.000000000000000000e+00 7.500000000000000000e+02
7.720000000000000000e+02 1.144000000000000000e+03 8.250000000000000000e+02 0.000000000000000000e+00 7.500000000000000000e+02
8.270000000000000000e+02 1.157000000000000000e+03 9.000000000000000000e+02 0.000000000000000000e+00 7.500000000000000000e+02
8.810000000000000000e+02 1.171000000000000000e+03 9.750000000000000000e+02 0.000000000000000000e+00 7.500000000000000000e+02
9.360000000000000000e+02 1.184000000000000000e+03 1.050000000000000000e+03 0.000000000000000000e+00 7.500000000000000000e+02
9.920000000000000000e+02 1.198000000000000000e+03 1.125000000000000000e+03 0.000000000000000000e+00 7.500000000000000000e+02
1.048000000000000000e+03 1.212000000000000000e+03 1.200000000000000000e+03 0.000000000000000000e+00 7.500000000000000000e+02
1.105000000000000000e+03 1.225000000000000000e+03 1.275000000000000000e+03 0.000000000000000000e+00 7.500000000000000000e+02
1.162000000000000000e+03 1.240000000000000000e+03 1.350000000000000000e+03 0.000000000000000000e+00 7.500000000000000000e+02
1.220000000000000000e+03 1.254000000000000000e+03 1.425000000000000000e+03 0.000000000000000000e+00 7.500000000000000000e+02
1.279000000000000000e+03 1.268000000000000000e+03 1.500000000000000000e+03 0.000000000000000000e+00 7.500000000000000000e+02
1.338000000000000000e+03 1.282000000000000000e+03 1.575000000000000000e+03 0.000000000000000000e+00 7.500000000000000000e+02
1.397000000000000000e+03 1.297000000000000000e+03 1.650000000000000000e+03 0.000000000000000000e+00 7.500000000000000000e+02
1.457000000000000000e+03 1.311000000000000000e+03 1.725000000000000000e+03 0.000000000000000000e+00 7.500000000000000000e+02
1.518000000000000000e+03 1.326000000000000000e+03 1.800000000000000000e+03 0.000000000000000000e+00 7.500000000000000000e+02
2.060000000000000000e+02 9.510000000000000000e+02 0.000000000000000000e+00 0.000000000000000000e+00 8.250000000000000000e+02
2.540000000000000000e+02 9.640000000000000000e+02 7.500000000000000000e+01 0.000000000000000000e+00 8.250000000000000000e+02
3.040000000000000000e+02 9.760000000000000000e+02 1.500000000000000000e+02 0.000000000000000000e+00 8.250000000000000000e+02
3.530000000000000000e+02 9.880000000000000000e+02 2.250000000000000000e+02 0.000000000000000000e+00 8.250000000000000000e+02
4.030000000000000000e+02 1.000000000000000000e+03 3.000000000000000000e+02 0.000000000000000000e+00 8.250000000000000000e+02
4.540000000000000000e+02 1.013000000000000000e+03 3.750000000000000000e+02 0.000000000000000000e+00 8.250000000000000000e+02
5.050000000000000000e+02 1.025000000000000000e+03 4.500000000000000000e+02 0.000000000000000000e+00 8.250000000000000000e+02
5.570000000000000000e+02 1.038000000000000000e+03 5.250000000000000000e+02 0.000000000000000000e+00 8.250000000000000000e+02
6.090000000000000000e+02 1.051000000000000000e+03 6.000000000000000000e+02 0.000000000000000000e+00 8.250000000000000000e+02
6.620000000000000000e+02 1.064000000000000000e+03 6.750000000000000000e+02 0.000000000000000000e+00 8.250000000000000000e+02
7.150000000000000000e+02 1.077000000000000000e+03 7.500000000000000000e+02 0.000000000000000000e+00 8.250000000000000000e+02
7.690000000000000000e+02 1.090000000000000000e+03 8.250000000000000000e+02 0.000000000000000000e+00 8.250000000000000000e+02
8.240000000000000000e+02 1.103000000000000000e+03 9.000000000000000000e+02 0.000000000000000000e+00 8.250000000000000000e+02
8.790000000000000000e+02 1.116000000000000000e+03 9.750000000000000000e+02 0.000000000000000000e+00 8.250000000000000000e+02
9.340000000000000000e+02 1.129000000000000000e+03 1.050000000000000000e+03 0.000000000000000000e+00 8.250000000000000000e+02
9.900000000000000000e+02 1.143000000000000000e+03 1.125000000000000000e+03 0.000000000000000000e+00 8.250000000000000000e+02
1.047000000000000000e+03 1.157000000000000000e+03 1.200000000000000000e+03 0.000000000000000000e+00 8.250000000000000000e+02
1.104000000000000000e+03 1.170000000000000000e+03 1.275000000000000000e+03 0.000000000000000000e+00 8.250000000000000000e+02
1.162000000000000000e+03 1.184000000000000000e+03 1.350000000000000000e+03 0.000000000000000000e+00 8.250000000000000000e+02
1.220000000000000000e+03 1.198000000000000000e+03 1.425000000000000000e+03 0.000000000000000000e+00 8.250000000000000000e+02
1.279000000000000000e+03 1.212000000000000000e+03 1.500000000000000000e+03 0.000000000000000000e+00 8.250000000000000000e+02
1.338000000000000000e+03 1.226000000000000000e+03 1.575000000000000000e+03 0.000000000000000000e+00 8.250000000000000000e+02
1.398000000000000000e+03 1.241000000000000000e+03 1.650000000000000000e+03 0.000000000000000000e+00 8.250000000000000000e+02
1.458000000000000000e+03 1.255000000000000000e+03 1.725000000000000000e+03 0.000000000000000000e+00 8.250000000000000000e+02
1.520000000000000000e+03 1.270000000000000000e+03 1.800000000000000000e+03 0.000000000000000000e+00 8.250000000000000000e+02
2.000000000000000000e+02 8.990000000000000000e+02 0.000000000000000000e+00 0.000000000000000000e+00 9.000000000000000000e+02
2.490000000000000000e+02 9.110000000000000000e+02 7.500000000000000000e+01 0.000000000000000000e+00 9.000000000000000000e+02
2.980000000000000000e+02 9.230000000000000000e+02 1.500000000000000000e+02 0.000000000000000000e+00 9.000000000000000000e+02
3.480000000000000000e+02 9.350000000000000000e+02 2.250000000000000000e+02 0.000000000000000000e+00 9.000000000000000000e+02
3.990000000000000000e+02 9.470000000000000000e+02 3.000000000000000000e+02 0.000000000000000000e+00 9.000000000000000000e+02
4.490000000000000000e+02 9.590000000000000000e+02 3.750000000000000000e+02 0.000000000000000000e+00 9.000000000000000000e+02
5.010000000000000000e+02 9.710000000000000000e+02 4.500000000000000000e+02 0.000000000000000000e+00 9.000000000000000000e+02
5.530000000000000000e+02 9.840000000000000000e+02 5.250000000000000000e+02 0.000000000000000000e+00 9.000000000000000000e+02
6.050000000000000000e+02 9.970000000000000000e+02 6.000000000000000000e+02 0.000000000000000000e+00 9.000000000000000000e+02
6.580000000000000000e+02 1.009000000000000000e+03 6.750000000000000000e+02 0.000000000000000000e+00 9.000000000000000000e+02
7.120000000000000000e+02 1.022000000000000000e+03 7.500000000000000000e+02 0.000000000000000000e+00 9.000000000000000000e+02
7.660000000000000000e+02 1.035000000000000000e+03 8.250000000000000000e+02 0.000000000000000000e+00 9.000000000000000000e+02
8.210000000000000000e+02 1.048000000000000000e+03 9.000000000000000000e+02 0.000000000000000000e+00 9.000000000000000000e+02
8.760000000000000000e+02 1.061000000000000000e+03 9.750000000000000000e+02 0.000000000000000000e+00 9.000000000000000000e+02
9.320000000000000000e+02 1.074000000000000000e+03 1.050000000000000000e+03 0.000000000000000000e+00 9.000000000000000000e+02
9.890000000000000000e+02 1.087000000000000000e+03 1.125000000000000000e+03 0.000000000000000000e+00 9.000000000000000000e+02
1.046000000000000000e+03 1.101000000000000000e+03 1.200000000000000000e+03 0.000000000000000000e+00 9.000000000000000000e+02
1.103000000000000000e+03 1.115000000000000000e+03 1.275000000000000000e+03 0.000000000000000000e+00 9.000000000000000000e+02
1.161000000000000000e+03 1.128000000000000000e+03 1.350000000000000000e+03 0.000000000000000000e+00 9.000000000000000000e+02
1.219000000000000000e+03 1.142000000000000000e+03 1.425000000000000000e+03 0.000000000000000000e+00 9.000000000000000000e+02
1.279000000000000000e+03 1.156000000000000000e+03 1.500000000000000000e+03 0.000000000000000000e+00 9.000000000000000000e+02
1.338000000000000000e+03 1.170000000000000000e+03 1.575000000000000000e+03 0.000000000000000000e+00 9.000000000000000000e+02
1.399000000000000000e+03 1.184000000000000000e+03 1.650000000000000000e+03 0.000000000000000000e+00 9.000000000000000000e+02
1.460000000000000000e+03 1.198000000000000000e+03 1.725000000000000000e+03 0.000000000000000000e+00 9.000000000000000000e+02
1.521000000000000000e+03 1.212000000000000000e+03 1.800000000000000000e+03 0.000000000000000000e+00 9.000000000000000000e+02
1.940000000000000000e+02 8.460000000000000000e+02 0.000000000000000000e+00 0.000000000000000000e+00 9.750000000000000000e+02
2.430000000000000000e+02 8.570000000000000000e+02 7.500000000000000000e+01 0.000000000000000000e+00 9.750000000000000000e+02
2.920000000000000000e+02 8.690000000000000000e+02 1.500000000000000000e+02 0.000000000000000000e+00 9.750000000000000000e+02
3.430000000000000000e+02 8.810000000000000000e+02 2.250000000000000000e+02 0.000000000000000000e+00 9.750000000000000000e+02
3.940000000000000000e+02 8.930000000000000000e+02 3.000000000000000000e+02 0.000000000000000000e+00 9.750000000000000000e+02
4.450000000000000000e+02 9.050000000000000000e+02 3.750000000000000000e+02 0.000000000000000000e+00 9.750000000000000000e+02
4.960000000000000000e+02 9.170000000000000000e+02 4.500000000000000000e+02 0.000000000000000000e+00 9.750000000000000000e+02
5.490000000000000000e+02 9.290000000000000000e+02 5.250000000000000000e+02 0.000000000000000000e+00 9.750000000000000000e+02
6.010000000000000000e+02 9.420000000000000000e+02 6.000000000000000000e+02 0.000000000000000000e+00 9.750000000000000000e+02
6.550000000000000000e+02 9.540000000000000000e+02 6.750000000000000000e+02 0.000000000000000000e+00 9.750000000000000000e+02
7.090000000000000000e+02 9.670000000000000000e+02 7.500000000000000000e+02 0.000000000000000000e+00 9.750000000000000000e+02
7.630000000000000000e+02 9.790000000000000000e+02 8.250000000000000000e+02 0.000000000000000000e+00 9.750000000000000000e+02
8.180000000000000000e+02 9.920000000000000000e+02 9.000000000000000000e+02 0.000000000000000000e+00 9.750000000000000000e+02
8.740000000000000000e+02 1.005000000000000000e+03 9.750000000000000000e+02 0.000000000000000000e+00 9.750000000000000000e+02
9.300000000000000000e+02 1.018000000000000000e+03 1.050000000000000000e+03 0.000000000000000000e+00 9.750000000000000000e+02
9.870000000000000000e+02 1.031000000000000000e+03 1.125000000000000000e+03 0.000000000000000000e+00 9.750000000000000000e+02
1.044000000000000000e+03 1.045000000000000000e+03 1.200000000000000000e+03 0.000000000000000000e+00 9.750000000000000000e+02
1.102000000000000000e+03 1.058000000000000000e+03 1.275000000000000000e+03 0.000000000000000000e+00 9.750000000000000000e+02
1.160000000000000000e+03 1.071000000000000000e+03 1.350000000000000000e+03 0.000000000000000000e+00 9.750000000000000000e+02
1.219000000000000000e+03 1.085000000000000000e+03 1.425000000000000000e+03 0.000000000000000000e+00 9.750000000000000000e+02
1.279000000000000000e+03 1.099000000000000000e+03 1.500000000000000000e+03 0.000000000000000000e+00 9.750000000000000000e+02
1.339000000000000000e+03 1.112000000000000000e+03 1.575000000000000000e+03 0.000000000000000000e+00 9.750000000000000000e+02
1.399000000000000000e+03 1.126000000000000000e+03 1.650000000000000000e+03 0.000000000000000000e+00 9.750000000000000000e+02
1.461000000000000000e+03 1.140000000000000000e+03 1.725000000000000000e+03 0.000000000000000000e+00 9.750000000000000000e+02
1.523000000000000000e+03 1.154000000000000000e+03 1.800000000000000000e+03 0.000000000000000000e+00 9.750000000000000000e+02
1.880000000000000000e+02 7.920000000000000000e+02 0.000000000000000000e+00 0.000000000000000000e+00 1.050000000000000000e+03
2.370000000000000000e+02 8.030000000000000000e+02 7.500000000000000000e+01 0.000000000000000000e+00 1.050000000000000000e+03
2.870000000000000000e+02 8.150000000000000000e+02 1.500000000000000000e+02 0.000000000000000000e+00 1.050000000000000000e+03
3.370000000000000000e+02 8.260000000000000000e+02 2.250000000000000000e+02 0.000000000000000000e+00 1.050000000000000000e+03
3.880000000000000000e+02 8.380000000000000000e+02 3.000000000000000000e+02 0.000000000000000000e+00 1.050000000000000000e+03
4.400000000000000000e+02 8.500000000000000000e+02 3.750000000000000000e+02 0.000000000000000000e+00 1.050000000000000000e+03
4.920000000000000000e+02 8.620000000000000000e+02 4.500000000000000000e+02 0.000000000000000000e+00 1.050000000000000000e+03
5.450000000000000000e+02 8.740000000000000000e+02 5.250000000000000000e+02 0.000000000000000000e+00 1.050000000000000000e+03
5.980000000000000000e+02 8.860000000000000000e+02 6.000000000000000000e+02 0.000000000000000000e+00 1.050000000000000000e+03
6.510000000000000000e+02 8.980000000000000000e+02 6.750000000000000000e+02 0.000000000000000000e+00 1.050000000000000000e+03
7.060000000000000000e+02 9.110000000000000000e+02 7.500000000000000000e+02 0.000000000000000000e+00 1.050000000000000000e+03
7.600000000000000000e+02 9.230000000000000000e+02 8.250000000000000000e+02 0.000000000000000000e+00 1.050000000000000000e+03
8.160000000000000000e+02 9.360000000000000000e+02 9.000000000000000000e+02 0.000000000000000000e+00 1.050000000000000000e+03
8.720000000000000000e+02 9.490000000000000000e+02 9.750000000000000000e+02 0.000000000000000000e+00 1.050000000000000000e+03
9.280000000000000000e+02 9.620000000000000000e+02 1.050000000000000000e+03 0.000000000000000000e+00 1.050000000000000000e+03
9.850000000000000000e+02 9.740000000000000000e+02 1.125000000000000000e+03 0.000000000000000000e+00 1.050000000000000000e+03
1.043000000000000000e+03 9.870000000000000000e+02 1.200000000000000000e+03 0.000000000000000000e+00 1.050000000000000000e+03
1.101000000000000000e+03 1.001000000000000000e+03 1.275000000000000000e+03 0.000000000000000000e+00 1.050000000000000000e+03
1.160000000000000000e+03 1.014000000000000000e+03 1.350000000000000000e+03 0.000000000000000000e+00 1.050000000000000000e+03
1.219000000000000000e+03 1.027000000000000000e+03 1.425000000000000000e+03 0.000000000000000000e+00 1.050000000000000000e+03
1.279000000000000000e+03 1.041000000000000000e+03 1.500000000000000000e+03 0.000000000000000000e+00 1.050000000000000000e+03
1.339000000000000000e+03 1.054000000000000000e+03 1.575000000000000000e+03 0.000000000000000000e+00 1.050000000000000000e+03
1.400000000000000000e+03 1.068000000000000000e+03 1.650000000000000000e+03 0.000000000000000000e+00 1.050000000000000000e+03
1.462000000000000000e+03 1.082000000000000000e+03 1.725000000000000000e+03 0.000000000000000000e+00 1.050000000000000000e+03
1.525000000000000000e+03 1.096000000000000000e+03 1.800000000000000000e+03 0.000000000000000000e+00 1.050000000000000000e+03
1.810000000000000000e+02 7.370000000000000000e+02 0.000000000000000000e+00 0.000000000000000000e+00 1.125000000000000000e+03
2.310000000000000000e+02 7.490000000000000000e+02 7.500000000000000000e+01 0.000000000000000000e+00 1.125000000000000000e+03
2.810000000000000000e+02 7.600000000000000000e+02 1.500000000000000000e+02 0.000000000000000000e+00 1.125000000000000000e+03
3.320000000000000000e+02 7.710000000000000000e+02 2.250000000000000000e+02 0.000000000000000000e+00 1.125000000000000000e+03
3.830000000000000000e+02 7.830000000000000000e+02 3.000000000000000000e+02 0.000000000000000000e+00 1.125000000000000000e+03
4.350000000000000000e+02 7.940000000000000000e+02 3.750000000000000000e+02 0.000000000000000000e+00 1.125000000000000000e+03
4.870000000000000000e+02 8.060000000000000000e+02 4.500000000000000000e+02 0.000000000000000000e+00 1.125000000000000000e+03
5.400000000000000000e+02 8.180000000000000000e+02 5.250000000000000000e+02 0.000000000000000000e+00 1.125000000000000000e+03
5.940000000000000000e+02 8.300000000000000000e+02 6.000000000000000000e+02 0.000000000000000000e+00 1.125000000000000000e+03
6.480000000000000000e+02 8.420000000000000000e+02 6.750000000000000000e+02 0.000000000000000000e+00 1.125000000000000000e+03
7.020000000000000000e+02 8.540000000000000000e+02 7.500000000000000000e+02 0.000000000000000000e+00 1.125000000000000000e+03
7.570000000000000000e+02 8.670000000000000000e+02 8.250000000000000000e+02 0.000000000000000000e+00 1.125000000000000000e+03
8.130000000000000000e+02 8.790000000000000000e+02 9.000000000000000000e+02 0.000000000000000000e+00 1.125000000000000000e+03
8.690000000000000000e+02 8.920000000000000000e+02 9.750000000000000000e+02 0.000000000000000000e+00 1.125000000000000000e+03
9.260000000000000000e+02 9.040000000000000000e+02 1.050000000000000000e+03 0.000000000000000000e+00 1.125000000000000000e+03
9.830000000000000000e+02 9.170000000000000000e+02 1.125000000000000000e+03 0.000000000000000000e+00 1.125000000000000000e+03
1.041000000000000000e+03 9.300000000000000000e+02 1.200000000000000000e+03 0.000000000000000000e+00 1.125000000000000000e+03
1.100000000000000000e+03 9.430000000000000000e+02 1.275000000000000000e+03 0.000000000000000000e+00 1.125000000000000000e+03
1.159000000000000000e+03 9.560000000000000000e+02 1.350000000000000000e+03 0.000000000000000000e+00 1.125000000000000000e+03
1.218000000000000000e+03 9.690000000000000000e+02 1.425000000000000000e+03 0.000000000000000000e+00 1.125000000000000000e+03
1.279000000000000000e+03 9.820000000000000000e+02 1.500000000000000000e+03 0.000000000000000000e+00 1.125000000000000000e+03
1.339000000000000000e+03 9.960000000000000000e+02 1.575000000000000000e+03 0.000000000000000000e+00 1.125000000000000000e+03
1.401000000000000000e+03 1.009000000000000000e+03 1.650000000000000000e+03 0.000000000000000000e+00 1.125000000000000000e+03
1.463000000000000000e+03 1.023000000000000000e+03 1.725000000000000000e+03 0.000000000000000000e+00 1.125000000000000000e+03
1.526000000000000000e+03 1.036000000000000000e+03 1.800000000000000000e+03 0.000000000000000000e+00 1.125000000000000000e+03
1.750000000000000000e+02 6.820000000000000000e+02 0.000000000000000000e+00 0.000000000000000000e+00 1.200000000000000000e+03
2.250000000000000000e+02 6.930000000000000000e+02 7.500000000000000000e+01 0.000000000000000000e+00 1.200000000000000000e+03
2.760000000000000000e+02 7.040000000000000000e+02 1.500000000000000000e+02 0.000000000000000000e+00 1.200000000000000000e+03
3.270000000000000000e+02 7.160000000000000000e+02 2.250000000000000000e+02 0.000000000000000000e+00 1.200000000000000000e+03
3.780000000000000000e+02 7.270000000000000000e+02 3.000000000000000000e+02 0.000000000000000000e+00 1.200000000000000000e+03
4.300000000000000000e+02 7.380000000000000000e+02 3.750000000000000000e+02 0.000000000000000000e+00 1.200000000000000000e+03
4.830000000000000000e+02 7.500000000000000000e+02 4.500000000000000000e+02 0.000000000000000000e+00 1.200000000000000000e+03
5.360000000000000000e+02 7.610000000000000000e+02 5.250000000000000000e+02 0.000000000000000000e+00 1.200000000000000000e+03
5.900000000000000000e+02 7.730000000000000000e+02 6.000000000000000000e+02 0.000000000000000000e+00 1.200000000000000000e+03
6.440000000000000000e+02 7.850000000000000000e+02 6.750000000000000000e+02 0.000000000000000000e+00 1.200000000000000000e+03
6.990000000000000000e+02 7.970000000000000000e+02 7.500000000000000000e+02 0.000000000000000000e+00 1.200000000000000000e+03
7.540000000000000000e+02 8.090000000000000000e+02 8.250000000000000000e+02 0.000000000000000000e+00 1.200000000000000000e+03
8.100000000000000000e+02 8.210000000000000000e+02 9.000000000000000000e+02 0.000000000000000000e+00 1.200000000000000000e+03
8.670000000000000000e+02 8.340000000000000000e+02 9.750000000000000000e+02 0.000000000000000000e+00 1.200000000000000000e+03
9.240000000000000000e+02 8.460000000000000000e+02 1.050000000000000000e+03 0.000000000000000000e+00 1.200000000000000000e+03
9.820000000000000000e+02 8.590000000000000000e+02 1.125000000000000000e+03 0.000000000000000000e+00 1.200000000000000000e+03
1.040000000000000000e+03 8.710000000000000000e+02 1.200000000000000000e+03 0.000000000000000000e+00 1.200000000000000000e+03
1.099000000000000000e+03 8.840000000000000000e+02 1.275000000000000000e+03 0.000000000000000000e+00 1.200000000000000000e+03
1.158000000000000000e+03 8.970000000000000000e+02 1.350000000000000000e+03 0.000000000000000000e+00 1.200000000000000000e+03
1.218000000000000000e+03 9.100000000000000000e+02 1.425000000000000000e+03 0.000000000000000000e+00 1.200000000000000000e+03
1.279000000000000000e+03 9.230000000000000000e+02 1.500000000000000000e+03 0.000000000000000000e+00 1.200000000000000000e+03
1.340000000000000000e+03 9.360000000000000000e+02 1.575000000000000000e+03 0.000000000000000000e+00 1.200000000000000000e+03
1.402000000000000000e+03 9.490000000000000000e+02 1.650000000000000000e+03 0.000000000000000000e+00 1.200000000000000000e+03
1.464000000000000000e+03 9.630000000000000000e+02 1.725000000000000000e+03 0.000000000000000000e+00 1.200000000000000000e+03
1.528000000000000000e+03 9.760000000000000000e+02 1.800000000000000000e+03 0.000000000000000000e+00 1.200000000000000000e+03
1.690000000000000000e+02 6.270000000000000000e+02 0.000000000000000000e+00 0.000000000000000000e+00 1.275000000000000000e+03
2.190000000000000000e+02 6.370000000000000000e+02 7.500000000000000000e+01 0.000000000000000000e+00 1.275000000000000000e+03
2.700000000000000000e+02 6.480000000000000000e+02 1.500000000000000000e+02 0.000000000000000000e+00 1.275000000000000000e+03
3.210000000000000000e+02 6.590000000000000000e+02 2.250000000000000000e+02 0.000000000000000000e+00 1.275000000000000000e+03
3.730000000000000000e+02 6.700000000000000000e+02 3.000000000000000000e+02 0.000000000000000000e+00 1.275000000000000000e+03
4.250000000000000000e+02 6.820000000000000000e+02 3.750000000000000000e+02 0.000000000000000000e+00 1.275000000000000000e+03
4.780000000000000000e+02 6.930000000000000000e+02 4.500000000000000000e+02 0.000000000000000000e+00 1.275000000000000000e+03
5.310000000000000000e+02 7.040000000000000000e+02 5.250000000000000000e+02 0.000000000000000000e+00 1.275000000000000000e+03
5.850000000000000000e+02 7.160000000000000000e+02 6.000000000000000000e+02 0.000000000000000000e+00 1.275000000000000000e+03
6.400000000000000000e+02 7.280000000000000000e+02 6.750000000000000000e+02 0.000000000000000000e+00 1.275000000000000000e+03
6.950000000000000000e+02 7.390000000000000000e+02 7.500000000000000000e+02 0.000000000000000000e+00 1.275000000000000000e+03
7.510000000000000000e+02 7.510000000000000000e+02 8.250000000000000000e+02 0.000000000000000000e+00 1.275000000000000000e+03
8.070000000000000000e+02 7.630000000000000000e+02 9.000000000000000000e+02 0.000000000000000000e+00 1.275000000000000000e+03
8.640000000000000000e+02 7.750000000000000000e+02 9.750000000000000000e+02 0.000000000000000000e+00 1.275000000000000000e+03
9.220000000000000000e+02 7.870000000000000000e+02 1.050000000000000000e+03 0.000000000000000000e+00 1.275000000000000000e+03
9.800000000000000000e+02 8.000000000000000000e+02 1.125000000000000000e+03 0.000000000000000000e+00 1.275000000000000000e+03
1.038000000000000000e+03 8.120000000000000000e+02 1.200000000000000000e+03 0.000000000000000000e+00 1.275000000000000000e+03
1.097000000000000000e+03 8.240000000000000000e+02 1.275000000000000000e+03 0.000000000000000000e+00 1.275000000000000000e+03
1.157000000000000000e+03 8.370000000000000000e+02 1.350000000000000000e+03 0.000000000000000000e+00 1.275000000000000000e+03
1.217000000000000000e+03 8.500000000000000000e+02 1.425000000000000000e+03 0.000000000000000000e+00 1.275000000000000000e+03
1.278000000000000000e+03 8.630000000000000000e+02 1.500000000000000000e+03 0.000000000000000000e+00 1.275000000000000000e+03
1.340000000000000000e+03 8.760000000000000000e+02 1.575000000000000000e+03 0.000000000000000000e+00 1.275000000000000000e+03
1.402000000000000000e+03 8.890000000000000000e+02 1.650000000000000000e+03 0.000000000000000000e+00 1.275000000000000000e+03
1.465000000000000000e+03 9.020000000000000000e+02 1.725000000000000000e+03 0.000000000000000000e+00 1.275000000000000000e+03
1.529000000000000000e+03 9.150000000000000000e+02 1.800000000000000000e+03 0.000000000000000000e+00 1.275000000000000000e+03
