# x,y,X,Y,Z
1.139000000000000000e+03 6.580000000000000000e+02 0.000000000000000000e+00 1.400000000000000000e+03 1.500000000000000000e+02
1.177000000000000000e+03 6.660000000000000000e+02 7.500000000000000000e+01 1.400000000000000000e+03 1.500000000000000000e+02
1.216000000000000000e+03 6.740000000000000000e+02 1.500000000000000000e+02 1.400000000000000000e+03 1.500000000000000000e+02
1.255000000000000000e+03 6.820000000000000000e+02 2.250000000000000000e+02 1.400000000000000000e+03 1.500000000000000000e+02
1.295000000000000000e+03 6.900000000000000000e+02 3.000000000000000000e+02 1.400000000000000000e+03 1.500000000000000000e+02
1.334000000000000000e+03 6.980000000000000000e+02 3.750000000000000000e+02 1.400000000000000000e+03 1.500000000000000000e+02
1.374000000000000000e+03 7.060000000000000000e+02 4.500000000000000000e+02 1.400000000000000000e+03 1.500000000000000000e+02
1.414000000000000000e+03 7.140000000000000000e+02 5.250000000000000000e+02 1.400000000000000000e+03 1.500000000000000000e+02
1.455000000000000000e+03 7.220000000000000000e+02 6.000000000000000000e+02 1.400000000000000000e+03 1.500000000000000000e+02
1.496000000000000000e+03 7.300000000000000000e+02 6.750000000000000000e+02 1.400000000000000000e+03 1.500000000000000000e+02
1.537000000000000000e+03 7.380000000000000000e+02 7.500000000000000000e+02 1.400000000000000000e+03 1.500000000000000000e+02
1.578000000000000000e+03 7.470000000000000000e+02 8.250000000000000000e+02 1.400000000000000000e+03 1.500000000000000000e+02
1.620000000000000000e+03 7.550000000000000000e+02 9.000000000000000000e+02 1.400000000000000000e+03 1.500000000000000000e+02
1.661000000000000000e+03 7.630000000000000000e+02 9.750000000000000000e+02 1.400000000000000000e+03 1.500000000000000000e+02
1.703000000000000000e+03 7.720000000000000000e+02 1.050000000000000000e+03 1.400000000000000000e+03 1.500000000000000000e+02
1.746000000000000000e+03 7.800000000000000000e+02 1.125000000000000000e+03 1.400000000000000000e+03 1.500000000000000000e+02
1.788000000000000000e+03 7.890000000000000000e+02 1.200000000000000000e+03 1.400000000000000000e+03 1.500000000000000000e+02
1.831000000000000000e+03 7.970000000000000000e+02 1.275000000000000000e+03 1.400000000000000000e+03 1.500000000000000000e+02
1.874000000000000000e+03 8.060000000000000000e+02 1.350000000000000000e+03 1.400000000000000000e+03 1.500000000000000000e+02
1.918000000000000000e+03 8.140000000000000000e+02 1.425000000000000000e+03 1.400000000000000000e+03 1.500000000000000000e+02
1.962000000000000000e+03 8.230000000000000000e+02 1.500000000000000000e+03 1.400000000000000000e+03 1.500000000000000000e+02
2.005000000000000000e+03 8.320000000000000000e+02 1.575000000000000000e+03 1.400000000000000000e+03 1.500000000000000000e+02
2.050000000000000000e+03 8.400000000000000000e+02 1.650000000000000000e+03 1.400000000000000000e+03 1.500000000000000000e+02
2.094000000000000000e+03 8.490000000000000000e+02 1.725000000000000000e+03 1.400000000000000000e+03 1.500000000000000000e+02
2.139000000000000000e+03 8.580000000000000000e+02 1.800000000000000000e+03 1.400000000000000000e+03 1.500000000000000000e+02
1.138000000000000000e+03 6.190000000000000000e+02 0.000000000000000000e+00 1.400000000000000000e+03 2.250000000000000000e+02
1.177000000000000000e+03 6.260000000000000000e+02 7.500000000000000000e+01 1.400000000000000000e+03 2.250000000000000000e+02
1.216000000000000000e+03 6.340000000000000000e+02 1.500000000000000000e+02 1.400000000000000000e+03 2.250000000000000000e+02
1.255000000000000000e+03 6.420000000000000000e+02 2.250000000000000000e+02 1.400000000000000000e+03 2.250000000000000000e+02
1.295000000000000000e+03 6.500000000000000000e+02 3.000000000000000000e+02 1.400000000000000000e+03 2.250000000000000000e+02
1.335000000000000000e+03 6.580000000000000000e+02 3.750000000000000000e+02 1.400000000000000000e+03 2.250000000000000000e+02
1.375000000000000000e+03 6.660000000000000000e+02 4.500000000000000000e+02 1.400000000000000000e+03 2.250000000000000000e+02
1.415000000000000000e+03 6.740000000000000000e+02 5.250000000000000000e+02 1.400000000000000000e+03 2.250000000000000000e+02
1.456000000000000000e+03 6.820000000000000000e+02 6.000000000000000000e+02 1.400000000000000000e+03 2.250000000000000000e+02
1.497000000000000000e+03 6.900000000000000000e+02 6.750000000000000000e+02 1.400000000000000000e+03 2.250000000000000000e+02
1.538000000000000000e+03 6.980000000000000000e+02 7.500000000000000000e+02 1.400000000000000000e+03 2.250000000000000000e+02
1.579000000000000000e+03 7.060000000000000000e+02 8.250000000000000000e+02 1.400000000000000000e+03 2.250000000000000000e+02
1.621000000000000000e+03 7.140000000000000000e+02 9.000000000000000000e+02 1.400000000000000000e+03 2.250000000000000000e+02
1.663000000000000000e+03 7.230000000000000000e+02 9.750000000000000000e+02 1.400000000000000000e+03 2.250000000000000000e+02
1.705000000000000000e+03 7.310000000000000000e+02 1.050000000000000000e+03 1.400000000000000000e+03 2.250000000000000000e+02
1.748000000000000000e+03 7.390000000000000000e+02 1.125000000000000000e+03 1.400000000000000000e+03 2.250000000000000000e+02
1.791000000000000000e+03 7.480000000000000000e+02 1.200000000000000000e+03 1.400000000000000000e+03 2.250000000000000000e+02
1.834000000000000000e+03 7.560000000000000000e+02 1.275000000000000000e+03 1.400000000000000000e+03 2.250000000000000000e+02
1.877000000000000000e+03 7.650000000000000000e+02 1.350000000000000000e+03 1.400000000000000000e+03 2.250000000000000000e+02
1.921000000000000000e+03 7.730000000000000000e+02 1.425000000000000000e+03 1.400000000000000000e+03 2.250000000000000000e+02
1.964000000000000000e+03 7.820000000000000000e+02 1.500000000000000000e+03 1.400000000000000000e+03 2.250000000000000000e+02
2.009000000000000000e+03 7.900000000000000000e+02 1.575000000000000000e+03 1.400000000000000000e+03 2.250000000000000000e+02
2.053000000000000000e+03 7.990000000000000000e+02 1.650000000000000000e+03 1.400000000000000000e+03 2.250000000000000000e+02
2.098000000000000000e+03 8.080000000000000000e+02 1.725000000000000000e+03 1.400000000000000000e+03 2.250000000000000000e+02
2.143000000000000000e+03 8.160000000000000000e+02 1.800000000000000000e+03 1.400000000000000000e+03 2.250000000000000000e+02
1.138000000000000000e+03 5.790000000000000000e+02 0.000000000000000000e+00 1.400000000000000000e+03 3.000000000000000000e+02
1.177000000000000000e+03 5.860000000000000000e+02 7.500000000000000000e+01 1.400000000000000000e+03 3.000000000000000000e+02
1.216000000000000000e+03 5.940000000000000000e+02 1.500000000000000000e+02 1.400000000000000000e+03 3.000000000000000000e+02
1.255000000000000000e+03 6.020000000000000000e+02 2.250000000000000000e+02 1.400000000000000000e+03 3.000000000000000000e+02
1.295000000000000000e+03 6.100000000000000000e+02 3.000000000000000000e+02 1.400000000000000000e+03 3.000000000000000000e+02
1.335000000000000000e+03 6.180000000000000000e+02 3.750000000000000000e+02 1.400000000000000000e+03 3.000000000000000000e+02
1.375000000000000000e+03 6.250000000000000000e+02 4.500000000000000000e+02 1.400000000000000000e+03 3.000000000000000000e+02
1.416000000000000000e+03 6.330000000000000000e+02 5.250000000000000000e+02 1.400000000000000000e+03 3.000000000000000000e+02
1.457000000000000000e+03 6.410000000000000000e+02 6.000000000000000000e+02 1.400000000000000000e+03 3.000000000000000000e+02
1.498000000000000000e+03 6.490000000000000000e+02 6.750000000000000000e+02 1.400000000000000000e+03 3.000000000000000000e+02
1.539000000000000000e+03 6.570000000000000000e+02 7.500000000000000000e+02 1.400000000000000000e+03 3.000000000000000000e+02
1.581000000000000000e+03 6.650000000000000000e+02 8.250000000000000000e+02 1.400000000000000000e+03 3.000000000000000000e+02
1.623000000000000000e+03 6.730000000000000000e+02 9.000000000000000000e+02 1.400000000000000000e+03 3.000000000000000000e+02
1.665000000000000000e+03 6.810000000000000000e+02 9.750000000000000000e+02 1.400000000000000000e+03 3.000000000000000000e+02
1.707000000000000000e+03 6.900000000000000000e+02 1.050000000000000000e+03 1.400000000000000000e+03 3.000000000000000000e+02
1.750000000000000000e+03 6.980000000000000000e+02 1.125000000000000000e+03 1.400000000000000000e+03 3.000000000000000000e+02
1.793000000000000000e+03 7.060000000000000000e+02 1.200000000000000000e+03 1.400000000000000000e+03 3.000000000000000000e+02
1.836000000000000000e+03 7.150000000000000000e+02 1.275000000000000000e+03 1.400000000000000000e+03 3.000000000000000000e+02
1.880000000000000000e+03 7.230000000000000000e+02 1.350000000000000000e+03 1.400000000000000000e+03 3.000000000000000000e+02
1.923000000000000000e+03 7.310000000000000000e+02 1.425000000000000000e+03 1.400000000000000000e+03 3.000000000000000000e+02
1.968000000000000000e+03 7.400000000000000000e+02 1.500000000000000000e+03 1.400000000000000000e+03 3.000000000000000000e+02
2.012000000000000000e+03 7.480000000000000000e+02 1.575000000000000000e+03 1.400000000000000000e+03 3.000000000000000000e+02
2.057000000000000000e+03 7.570000000000000000e+02 1.650000000000000000e+03 1.400000000000000000e+03 3.000000000000000000e+02
2.101000000000000000e+03 7.660000000000000000e+02 1.725000000000000000e+03 1.400000000000000000e+03 3.000000000000000000e+02
2.147000000000000000e+03 7.740000000000000000e+02 1.800000000000000000e+03 1.400000000000000000e+03 3.000000000000000000e+02
1.137000000000000000e+03 5.390000000000000000e+02 0.000000000000000000e+00 1.400000000000000000e+03 3.750000000000000000e+02
1.176000000000000000e+03 5.460000000000000000e+02 7.500000000000000000e+01 1.400000000000000000e+03 3.750000000000000000e+02
1.216000000000000000e+03 5.540000000000000000e+02 1.500000000000000000e+02 1.400000000000000000e+03 3.750000000000000000e+02
1.255000000000000000e+03 5.620000000000000000e+02 2.250000000000000000e+02 1.400000000000000000e+03 3.750000000000000000e+02
1.295000000000000000e+03 5.690000000000000000e+02 3.000000000000000000e+02 1.400000000000000000e+03 3.750000000000000000e+02
1.335000000000000000e+03 5.770000000000000000e+02 3.750000000000000000e+02 1.400000000000000000e+03 3.750000000000000000e+02
1.376000000000000000e+03 5.850000000000000000e+02 4.500000000000000000e+02 1.400000000000000000e+03 3.750000000000000000e+02
1.416000000000000000e+03 5.920000000000000000e+02 5.250000000000000000e+02 1.400000000000000000e+03 3.750000000000000000e+02
1.457000000000000000e+03 6.000000000000000000e+02 6.000000000000000000e+02 1.400000000000000000e+03 3.750000000000000000e+02
1.499000000000000000e+03 6.080000000000000000e+02 6.750000000000000000e+02 1.400000000000000000e+03 3.750000000000000000e+02
1.540000000000000000e+03 6.160000000000000000e+02 7.500000000000000000e+02 1.400000000000000000e+03 3.750000000000000000e+02
1.582000000000000000e+03 6.240000000000000000e+02 8.250000000000000000e+02 1.400000000000000000e+03 3.750000000000000000e+02
1.624000000000000000e+03 6.320000000000000000e+02 9.000000000000000000e+02 1.400000000000000000e+03 3.750000000000000000e+02
1.666000000000000000e+03 6.400000000000000000e+02 9.750000000000000000e+02 1.400000000000000000e+03 3.750000000000000000e+02
1.709000000000000000e+03 6.480000000000000000e+02 1.050000000000000000e+03 1.400000000000000000e+03 3.750000000000000000e+02
1.752000000000000000e+03 6.560000000000000000e+02 1.125000000000000000e+03 1.400000000000000000e+03 3.750000000000000000e+02
1.795000000000000000e+03 6.650000000000000000e+02 1.200000000000000000e+03 1.400000000000000000e+03 3.750000000000000000e+02
1.838000000000000000e+03 6.730000000000000000e+02 1.275000000000000000e+03 1.400000000000000000e+03 3.750000000000000000e+02
1.882000000000000000e+03 6.810000000000000000e+02 1.350000000000000000e+03 1.400000000000000000e+03 3.750000000000000000e+02
1.926000000000000000e+03 6.890000000000000000e+02 1.425000000000000000e+03 1.400000000000000000e+03 3.750000000000000000e+02
1.971000000000000000e+03 6.980000000000000000e+02 1.500000000000000000e+03 1.400000000000000000e+03 3.750000000000000000e+02
2.015000000000000000e+03 7.060000000000000000e+02 1.575000000000000000e+03 1.400000000000000000e+03 3.750000000000000000e+02
2.060000000000000000e+03 7.150000000000000000e+02 1.650000000000000000e+03 1.400000000000000000e+03 3.750000000000000000e+02
2.105000000000000000e+03 7.230000000000000000e+02 1.725000000000000000e+03 1.400000000000000000e+03 3.750000000000000000e+02
2.151000000000000000e+03 7.320000000000000000e+02 1.800000000000000000e+03 1.400000000000000000e+03 3.750000000000000000e+02
1.137000000000000000e+03 4.990000000000000000e+02 0.000000000000000000e+00 1.400000000000000000e+03 4.500000000000000000e+02
1.176000000000000000e+03 5.060000000000000000e+02 7.500000000000000000e+01 1.400000000000000000e+03 4.500000000000000000e+02
1.215000000000000000e+03 5.130000000000000000e+02 1.500000000000000000e+02 1.400000000000000000e+03 4.500000000000000000e+02
1.255000000000000000e+03 5.210000000000000000e+02 2.250000000000000000e+02 1.400000000000000000e+03 4.500000000000000000e+02
1.295000000000000000e+03 5.280000000000000000e+02 3.000000000000000000e+02 1.400000000000000000e+03 4.500000000000000000e+02
1.335000000000000000e+03 5.360000000000000000e+02 3.750000000000000000e+02 1.400000000000000000e+03 4.500000000000000000e+02
1.376000000000000000e+03 5.440000000000000000e+02 4.500000000000000000e+02 1.400000000000000000e+03 4.500000000000000000e+02
1.417000000000000000e+03 5.510000000000000000e+02 5.250000000000000000e+02 1.400000000000000000e+03 4.500000000000000000e+02
1.458000000000000000e+03 5.590000000000000000e+02 6.000000000000000000e+02 1.400000000000000000e+03 4.500000000000000000e+02
1.500000000000000000e+03 5.670000000000000000e+02 6.750000000000000000e+02 1.400000000000000000e+03 4.500000000000000000e+02
1.541000000000000000e+03 5.750000000000000000e+02 7.500000000000000000e+02 1.400000000000000000e+03 4.500000000000000000e+02
1.583000000000000000e+03 5.830000000000000000e+02 8.250000000000000000e+02 1.400000000000000000e+03 4.500000000000000000e+02
1.626000000000000000e+03 5.900000000000000000e+02 9.000000000000000000e+02 1.400000000000000000e+03 4.500000000000000000e+02
1.668000000000000000e+03 5.980000000000000000e+02 9.750000000000000000e+02 1.400000000000000000e+03 4.500000000000000000e+02
1.711000000000000000e+03 6.060000000000000000e+02 1.050000000000000000e+03 1.400000000000000000e+03 4.500000000000000000e+02
1.754000000000000000e+03 6.140000000000000000e+02 1.125000000000000000e+03 1.400000000000000000e+03 4.500000000000000000e+02
1.797000000000000000e+03 6.230000000000000000e+02 1.200000000000000000e+03 1.400000000000000000e+03 4.500000000000000000e+02
1.841000000000000000e+03 6.310000000000000000e+02 1.275000000000000000e+03 1.400000000000000000e+03 4.500000000000000000e+02
1.885000000000000000e+03 6.390000000000000000e+02 1.350000000000000000e+03 1.400000000000000000e+03 4.500000000000000000e+02
1.929000000000000000e+03 6.470000000000000000e+02 1.425000000000000000e+03 1.400000000000000000e+03 4.500000000000000000e+02
1.974000000000000000e+03 6.550000000000000000e+02 1.500000000000000000e+03 1.400000000000000000e+03 4.500000000000000000e+02
2.018000000000000000e+03 6.640000000000000000e+02 1.575000000000000000e+03 1.400000000000000000e+03 4.500000000000000000e+02
2.063000000000000000e+03 6.720000000000000000e+02 1.650000000000000000e+03 1.400000000000000000e+03 4.500000000000000000e+02
2.109000000000000000e+03 6.810000000000000000e+02 1.725000000000000000e+03 1.400000000000000000e+03 4.500000000000000000e+02
2.154000000000000000e+03 6.890000000000000000e+02 1.800000000000000000e+03 1.400000000000000000e+03 4.500000000000000000e+02
1.136000000000000000e+03 4.580000000000000000e+02 0.000000000000000000e+00 1.400000000000000000e+03 5.250000000000000000e+02
1.176000000000000000e+03 4.650000000000000000e+02 7.500000000000000000e+01 1.400000000000000000e+03 5.250000000000000000e+02
1.215000000000000000e+03 4.730000000000000000e+02 1.500000000000000000e+02 1.400000000000000000e+03 5.250000000000000000e+02
1.255000000000000000e+03 4.800000000000000000e+02 2.250000000000000000e+02 1.400000000000000000e+03 5.250000000000000000e+02
1.295000000000000000e+03 4.870000000000000000e+02 3.000000000000000000e+02 1.400000000000000000e+03 5.250000000000000000e+02
1.336000000000000000e+03 4.950000000000000000e+02 3.750000000000000000e+02 1.400000000000000000e+03 5.250000000000000000e+02
1.377000000000000000e+03 5.020000000000000000e+02 4.500000000000000000e+02 1.400000000000000000e+03 5.250000000000000000e+02
1.418000000000000000e+03 5.100000000000000000e+02 5.250000000000000000e+02 1.400000000000000000e+03 5.250000000000000000e+02
1.459000000000000000e+03 5.180000000000000000e+02 6.000000000000000000e+02 1.400000000000000000e+03 5.250000000000000000e+02
1.501000000000000000e+03 5.250000000000000000e+02 6.750000000000000000e+02 1.400000000000000000e+03 5.250000000000000000e+02
1.542000000000000000e+03 5.330000000000000000e+02 7.500000000000000000e+02 1.400000000000000000e+03 5.250000000000000000e+02
1.585000000000000000e+03 5.410000000000000000e+02 8.250000000000000000e+02 1.400000000000000000e+03 5.250000000000000000e+02
1.627000000000000000e+03 5.490000000000000000e+02 9.000000000000000000e+02 1.400000000000000000e+03 5.250000000000000000e+02
1.670000000000000000e+03 5.560000000000000000e+02 9.750000000000000000e+02 1.400000000000000000e+03 5.250000000000000000e+02
1.713000000000000000e+03 5.640000000000000000e+02 1.050000000000000000e+03 1.400000000000000000e+03 5.250000000000000000e+02
1.756000000000000000e+03 5.720000000000000000e+02 1.125000000000000000e+03 1.400000000000000000e+03 5.250000000000000000e+02
1.800000000000000000e+03 5.800000000000000000e+02 1.200000000000000000e+03 1.400000000000000000e+03 5.250000000000000000e+02
1.844000000000000000e+03 5.880000000000000000e+02 1.275000000000000000e+03 1.400000000000000000e+03 5.250000000000000000e+02
1.888000000000000000e+03 5.960000000000000000e+02 1.350000000000000000e+03 1.400000000000000000e+03 5.250000000000000000e+02
1.932000000000000000e+03 6.040000000000000000e+02 1.425000000000000000e+03 1.400000000000000000e+03 5.250000000000000000e+02
1.977000000000000000e+03 6.130000000000000000e+02 1.500000000000000000e+03 1.400000000000000000e+03 5.250000000000000000e+02
2.021000000000000000e+03 6.210000000000000000e+02 1.575000000000000000e+03 1.400000000000000000e+03 5.250000000000000000e+02
2.067000000000000000e+03 6.290000000000000000e+02 1.650000000000000000e+03 1.400000000000000000e+03 5.250000000000000000e+02
2.112000000000000000e+03 6.370000000000000000e+02 1.725000000000000000e+03 1.400000000000000000e+03 5.250000000000000000e+02
2.158000000000000000e+03 6.460000000000000000e+02 1.800000000000000000e+03 1.400000000000000000e+03 5.250000000000000000e+02
1.136000000000000000e+03 4.170000000000000000e+02 0.000000000000000000e+00 1.400000000000000000e+03 6.000000000000000000e+02
1.175000000000000000e+03 4.240000000000000000e+02 7.500000000000000000e+01 1.400000000000000000e+03 6.000000000000000000e+02
1.215000000000000000e+03 4.310000000000000000e+02 1.500000000000000000e+02 1.400000000000000000e+03 6.000000000000000000e+02
1.255000000000000000e+03 4.390000000000000000e+02 2.250000000000000000e+02 1.400000000000000000e+03 6.000000000000000000e+02
1.296000000000000000e+03 4.460000000000000000e+02 3.000000000000000000e+02 1.400000000000000000e+03 6.000000000000000000e+02
1.336000000000000000e+03 4.530000000000000000e+02 3.750000000000000000e+02 1.400000000000000000e+03 6.000000000000000000e+02
1.377000000000000000e+03 4.610000000000000000e+02 4.500000000000000000e+02 1.400000000000000000e+03 6.000000000000000000e+02
1.418000000000000000e+03 4.680000000000000000e+02 5.250000000000000000e+02 1.400000000000000000e+03 6.000000000000000000e+02
1.460000000000000000e+03 4.760000000000000000e+02 6.000000000000000000e+02 1.400000000000000000e+03 6.000000000000000000e+02
1.502000000000000000e+03 4.830000000000000000e+02 6.750000000000000000e+02 1.400000000000000000e+03 6.000000000000000000e+02
1.544000000000000000e+03 4.910000000000000000e+02 7.500000000000000000e+02 1.400000000000000000e+03 6.000000000000000000e+02
1.586000000000000000e+03 4.990000000000000000e+02 8.250000000000000000e+02 1.400000000000000000e+03 6.000000000000000000e+02
1.629000000000000000e+03 5.060000000000000000e+02 9.000000000000000000e+02 1.400000000000000000e+03 6.000000000000000000e+02
1.672000000000000000e+03 5.140000000000000000e+02 9.750000000000000000e+02 1.400000000000000000e+03 6.000000000000000000e+02
1.715000000000000000e+03 5.220000000000000000e+02 1.050000000000000000e+03 1.400000000000000000e+03 6.000000000000000000e+02
1.758000000000000000e+03 5.300000000000000000e+02 1.125000000000000000e+03 1.400000000000000000e+03 6.000000000000000000e+02
1.802000000000000000e+03 5.370000000000000000e+02 1.200000000000000000e+03 1.400000000000000000e+03 6.000000000000000000e+02
1.846000000000000000e+03 5.450000000000000000e+02 1.275000000000000000e+03 1.400000000000000000e+03 6.000000000000000000e+02
1.890000000000000000e+03 5.530000000000000000e+02 1.350000000000000000e+03 1.400000000000000000e+03 6.000000000000000000e+02
1.935000000000000000e+03 5.610000000000000000e+02 1.425000000000000000e+03 1.400000000000000000e+03 6.000000000000000000e+02
1.980000000000000000e+03 5.690000000000000000e+02 1.500000000000000000e+03 1.400000000000000000e+03 6.000000000000000000e+02
2.025000000000000000e+03 5.780000000000000000e+02 1.575000000000000000e+03 1.400000000000000000e+03 6.000000000000000000e+02
2.070000000000000000e+03 5.860000000000000000e+02 1.650000000000000000e+03 1.400000000000000000e+03 6.000000000000000000e+02
2.116000000000000000e+03 5.940000000000000000e+02 1.725000000000000000e+03 1.400000000000000000e+03 6.000000000000000000e+02
2.162000000000000000e+03 6.020000000000000000e+02 1.800000000000000000e+03 1.400000000000000000e+03 6.000000000000000000e+02
1.135000000000000000e+03 3.760000000000000000e+02 0.000000000000000000e+00 1.400000000000000000e+03 6.750000000000000000e+02
1.175000000000000000e+03 3.830000000000000000e+02 7.500000000000000000e+01 1.400000000000000000e+03 6.750000000000000000e+02
1.215000000000000000e+03 3.900000000000000000e+02 1.500000000000000000e+02 1.400000000000000000e+03 6.750000000000000000e+02
1.255000000000000000e+03 3.970000000000000000e+02 2.250000000000000000e+02 1.400000000000000000e+03 6.750000000000000000e+02
1.296000000000000000e+03 4.040000000000000000e+02 3.000000000000000000e+02 1.400000000000000000e+03 6.750000000000000000e+02
1.336000000000000000e+03 4.120000000000000000e+02 3.750000000000000000e+02 1.400000000000000000e+03 6.750000000000000000e+02
1.378000000000000000e+03 4.190000000000000000e+02 4.500000000000000000e+02 1.400000000000000000e+03 6.750000000000000000e+02
1.419000000000000000e+03 4.260000000000000000e+02 5.250000000000000000e+02 1.400000000000000000e+03 6.750000000000000000e+02
1.461000000000000000e+03 4.340000000000000000e+02 6.000000000000000000e+02 1.400000000000000000e+03 6.750000000000000000e+02
1.503000000000000000e+03 4.410000000000000000e+02 6.750000000000000000e+02 1.400000000000000000e+03 6.750000000000000000e+02
1.545000000000000000e+03 4.490000000000000000e+02 7.500000000000000000e+02 1.400000000000000000e+03 6.750000000000000000e+02
1.587000000000000000e+03 4.560000000000000000e+02 8.250000000000000000e+02 1.400000000000000000e+03 6.750000000000000000e+02
1.630000000000000000e+03 4.640000000000000000e+02 9.000000000000000000e+02 1.400000000000000000e+03 6.750000000000000000e+02
1.673000000000000000e+03 4.710000000000000000e+02 9.750000000000000000e+02 1.400000000000000000e+03 6.750000000000000000e+02
1.717000000000000000e+03 4.790000000000000000e+02 1.050000000000000000e+03 1.400000000000000000e+03 6.750000000000000000e+02
1.760000000000000000e+03 4.870000000000000000e+02 1.125000000000000000e+03 1.400000000000000000e+03 6.750000000000000000e+02
1.804000000000000000e+03 4.940000000000000000e+02 1.200000000000000000e+03 1.400000000000000000e+03 6.750000000000000000e+02
1.848000000000000000e+03 5.020000000000000000e+02 1.275000000000000000e+03 1.400000000000000000e+03 6.750000000000000000e+02
1.893000000000000000e+03 5.100000000000000000e+02 1.350000000000000000e+03 1.400000000000000000e+03 6.750000000000000000e+02
1.938000000000000000e+03 5.180000000000000000e+02 1.425000000000000000e+03 1.400000000000000000e+03 6.750000000000000000e+02
1.983000000000000000e+03 5.260000000000000000e+02 1.500000000000000000e+03 1.400000000000000000e+03 6.750000000000000000e+02
2.028000000000000000e+03 5.340000000000000000e+02 1.575000000000000000e+03 1.400000000000000000e+03 6.750000000000000000e+02
2.074000000000000000e+03 5.420000000000000000e+02 1.650000000000000000e+03 1.400000000000000000e+03 6.750000000000000000e+02
2.120000000000000000e+03 5.500000000000000000e+02 1.725000000000000000e+03 1.400000000000000000e+03 6.750000000000000000e+02
2.166000000000000000e+03 5.580000000000000000e+02 1.800000000000000000e+03 1.400000000000000000e+03 6.750000000000000000e+02
1.135000000000000000e+03 3.340000000000000000e+02 0.000000000000000000e+00 1.400000000000000000e+03 7.500000000000000000e+02
1.174000000000000000e+03 3.410000000000000000e+02 7.500000000000000000e+01 1.400000000000000000e+03 7.500000000000000000e+02
1.215000000000000000e+03 3.480000000000000000e+02 1.500000000000000000e+02 1.400000000000000000e+03 7.500000000000000000e+02
1.255000000000000000e+03 3.550000000000000000e+02 2.250000000000000000e+02 1.400000000000000000e+03 7.500000000000000000e+02
1.296000000000000000e+03 3.620000000000000000e+02 3.000000000000000000e+02 1.400000000000000000e+03 7.500000000000000000e+02
1.337000000000000000e+03 3.690000000000000000e+02 3.750000000000000000e+02 1.400000000000000000e+03 7.500000000000000000e+02
1.378000000000000000e+03 3.760000000000000000e+02 4.500000000000000000e+02 1.400000000000000000e+03 7.500000000000000000e+02
1.420000000000000000e+03 3.840000000000000000e+02 5.250000000000000000e+02 1.400000000000000000e+03 7.500000000000000000e+02
1.461000000000000000e+03 3.910000000000000000e+02 6.000000000000000000e+02 1.400000000000000000e+03 7.500000000000000000e+02
1.503000000000000000e+03 3.980000000000000000e+02 6.750000000000000000e+02 1.400000000000000000e+03 7.500000000000000000e+02
1.546000000000000000e+03 4.060000000000000000e+02 7.500000000000000000e+02 1.400000000000000000e+03 7.500000000000000000e+02
1.589000000000000000e+03 4.130000000000000000e+02 8.250000000000000000e+02 1.400000000000000000e+03 7.500000000000000000e+02
1.632000000000000000e+03 4.210000000000000000e+02 9.000000000000000000e+02 1.400000000000000000e+03 7.500000000000000000e+02
1.675000000000000000e+03 4.280000000000000000e+02 9.750000000000000000e+02 1.400000000000000000e+03 7.500000000000000000e+02
1.718000000000000000e+03 4.360000000000000000e+02 1.050000000000000000e+03 1.400000000000000000e+03 7.500000000000000000e+02
1.762000000000000000e+03 4.430000000000000000e+02 1.125000000000000000e+03 1.400000000000000000e+03 7.500000000000000000e+02
1.806000000000000000e+03 4.510000000000000000e+02 1.200000000000000000e+03 1.400000000000000000e+03 7.500000000000000000e+02
1.851000000000000000e+03 4.590000000000000000e+02 1.275000000000000000e+03 1.400000000000000000e+03 7.500000000000000000e+02
1.895000000000000000e+03 4.660000000000000000e+02 1.350000000000000000e+03 1.400000000000000000e+03 7.500000000000000000e+02
1.940000000000000000e+03 4.740000000000000000e+02 1.425000000000000000e+03 1.400000000000000000e+03 7.500000000000000000e+02
1.986000000000000000e+03 4.820000000000000000e+02 1.500000000000000000e+03 1.400000000000000000e+03 7.500000000000000000e+02
2.031000000000000000e+03 4.900000000000000000e+02 1.575000000000000000e+03 1.400000000000000000e+03 7.500000000000000000e+02
2.077000000000000000e+03 4.980000000000000000e+02 1.650000000000000000e+03 1.400000000000000000e+03 7.500000000000000000e+02
2.123000000000000000e+03 5.060000000000000000e+02 1.725000000000000000e+03 1.400000000000000000e+03 7.500000000000000000e+02
2.170000000000000000e+03 5.140000000000000000e+02 1.800000000000000000e+03 1.400000000000000000e+03 7.500000000000000000e+02
1.134000000000000000e+03 2.920000000000000000e+02 0.000000000000000000e+00 1.400000000000000000e+03 8.250000000000000000e+02
1.174000000000000000e+03 2.990000000000000000e+02 7.500000000000000000e+01 1.400000000000000000e+03 8.250000000000000000e+02
1.214000000000000000e+03 3.060000000000000000e+02 1.500000000000000000e+02 1.400000000000000000e+03 8.250000000000000000e+02
1.255000000000000000e+03 3.130000000000000000e+02 2.250000000000000000e+02 1.400000000000000000e+03 8.250000000000000000e+02
1.296000000000000000e+03 3.200000000000000000e+02 3.000000000000000000e+02 1.400000000000000000e+03 8.250000000000000000e+02
1.337000000000000000e+03 3.270000000000000000e+02 3.750000000000000000e+02 1.400000000000000000e+03 8.250000000000000000e+02
1.378000000000000000e+03 3.340000000000000000e+02 4.500000000000000000e+02 1.400000000000000000e+03 8.250000000000000000e+02
1.420000000000000000e+03 3.410000000000000000e+02 5.250000000000000000e+02 1.400000000000000000e+03 8.250000000000000000e+02
1.462000000000000000e+03 3.480000000000000000e+02 6.000000000000000000e+02 1.400000000000000000e+03 8.250000000000000000e+02
1.504000000000000000e+03 3.550000000000000000e+02 6.750000000000000000e+02 1.400000000000000000e+03 8.250000000000000000e+02
1.547000000000000000e+03 3.630000000000000000e+02 7.500000000000000000e+02 1.400000000000000000e+03 8.250000000000000000e+02
1.590000000000000000e+03 3.700000000000000000e+02 8.250000000000000000e+02 1.400000000000000000e+03 8.250000000000000000e+02
1.633000000000000000e+03 3.770000000000000000e+02 9.000000000000000000e+02 1.400000000000000000e+03 8.250000000000000000e+02
1.677000000000000000e+03 3.850000000000000000e+02 9.750000000000000000e+02 1.400000000000000000e+03 8.250000000000000000e+02
1.720000000000000000e+03 3.920000000000000000e+02 1.050000000000000000e+03 1.400000000000000000e+03 8.250000000000000000e+02
1.764000000000000000e+03 3.990000000000000000e+02 1.125000000000000000e+03 1.400000000000000000e+03 8.250000000000000000e+02
1.809000000000000000e+03 4.070000000000000000e+02 1.200000000000000000e+03 1.400000000000000000e+03 8.250000000000000000e+02
1.853000000000000000e+03 4.150000000000000000e+02 1.275000000000000000e+03 1.400000000000000000e+03 8.250000000000000000e+02
1.898000000000000000e+03 4.220000000000000000e+02 1.350000000000000000e+03 1.400000000000000000e+03 8.250000000000000000e+02
1.943000000000000000e+03 4.300000000000000000e+02 1.425000000000000000e+03 1.400000000000000000e+03 8.250000000000000000e+02
1.989000000000000000e+03 4.380000000000000000e+02 1.500000000000000000e+03 1.400000000000000000e+03 8.250000000000000000e+02
2.035000000000000000e+03 4.450000000000000000e+02 1.575000000000000000e+03 1.400000000000000000e+03 8.250000000000000000e+02
2.081000000000000000e+03 4.530000000000000000e+02 1.650000000000000000e+03 1.400000000000000000e+03 8.250000000000000000e+02
2.127000000000000000e+03 4.610000000000000000e+02 1.725000000000000000e+03 1.400000000000000000e+03 8.250000000000000000e+02
2.174000000000000000e+03 4.690000000000000000e+02 1.800000000000000000e+03 1.400000000000000000e+03 8.250000000000000000e+02
1.133000000000000000e+03 2.500000000000000000e+02 0.000000000000000000e+00 1.400000000000000000e+03 9.000000000000000000e+02
1.174000000000000000e+03 2.570000000000000000e+02 7.500000000000000000e+01 1.400000000000000000e+03 9.000000000000000000e+02
1.214000000000000000e+03 2.630000000000000000e+02 1.500000000000000000e+02 1.400000000000000000e+03 9.000000000000000000e+02
1.255000000000000000e+03 2.700000000000000000e+02 2.250000000000000000e+02 1.400000000000000000e+03 9.000000000000000000e+02
1.296000000000000000e+03 2.770000000000000000e+02 3.000000000000000000e+02 1.400000000000000000e+03 9.000000000000000000e+02
1.337000000000000000e+03 2.840000000000000000e+02 3.750000000000000000e+02 1.400000000000000000e+03 9.000000000000000000e+02
1.379000000000000000e+03 2.910000000000000000e+02 4.500000000000000000e+02 1.400000000000000000e+03 9.000000000000000000e+02
1.421000000000000000e+03 2.980000000000000000e+02 5.250000000000000000e+02 1.400000000000000000e+03 9.000000000000000000e+02
1.463000000000000000e+03 3.050000000000000000e+02 6.000000000000000000e+02 1.400000000000000000e+03 9.000000000000000000e+02
1.505000000000000000e+03 3.120000000000000000e+02 6.750000000000000000e+02 1.400000000000000000e+03 9.000000000000000000e+02
1.548000000000000000e+03 3.190000000000000000e+02 7.500000000000000000e+02 1.400000000000000000e+03 9.000000000000000000e+02
1.591000000000000000e+03 3.260000000000000000e+02 8.250000000000000000e+02 1.400000000000000000e+03 9.000000000000000000e+02
1.635000000000000000e+03 3.330000000000000000e+02 9.000000000000000000e+02 1.400000000000000000e+03 9.000000000000000000e+02
1.678000000000000000e+03 3.410000000000000000e+02 9.750000000000000000e+02 1.400000000000000000e+03 9.000000000000000000e+02
1.722000000000000000e+03 3.480000000000000000e+02 1.050000000000000000e+03 1.400000000000000000e+03 9.000000000000000000e+02
1.767000000000000000e+03 3.560000000000000000e+02 1.125000000000000000e+03 1.400000000000000000e+03 9.000000000000000000e+02
1.811000000000000000e+03 3.630000000000000000e+02 1.200000000000000000e+03 1.400000000000000000e+03 9.000000000000000000e+02
1.856000000000000000e+03 3.700000000000000000e+02 1.275000000000000000e+03 1.400000000000000000e+03 9.000000000000000000e+02
1.901000000000000000e+03 3.780000000000000000e+02 1.350000000000000000e+03 1.400000000000000000e+03 9.000000000000000000e+02
1.946000000000000000e+03 3.850000000000000000e+02 1.425000000000000000e+03 1.400000000000000000e+03 9.000000000000000000e+02
1.992000000000000000e+03 3.930000000000000000e+02 1.500000000000000000e+03 1.400000000000000000e+03 9.000000000000000000e+02
2.038000000000000000e+03 4.010000000000000000e+02 1.575000000000000000e+03 1.400000000000000000e+03 9.000000000000000000e+02
2.084000000000000000e+03 4.080000000000000000e+02 1.650000000000000000e+03 1.400000000000000000e+03 9.000000000000000000e+02
2.131000000000000000e+03 4.160000000000000000e+02 1.725000000000000000e+03 1.400000000000000000e+03 9.000000000000000000e+02
2.178000000000000000e+03 4.240000000000000000e+02 1.800000000000000000e+03 1.400000000000000000e+03 9.000000000000000000e+02
1.133000000000000000e+03 2.070000000000000000e+02 0.000000000000000000e+00 1.400000000000000000e+03 9.750000000000000000e+02
1.173000000000000000e+03 2.140000000000000000e+02 7.500000000000000000e+01 1.400000000000000000e+03 9.750000000000000000e+02
1.214000000000000000e+03 2.210000000000000000e+02 1.500000000000000000e+02 1.400000000000000000e+03 9.750000000000000000e+02
1.255000000000000000e+03 2.270000000000000000e+02 2.250000000000000000e+02 1.400000000000000000e+03 9.750000000000000000e+02
1.296000000000000000e+03 2.340000000000000000e+02 3.000000000000000000e+02 1.400000000000000000e+03 9.750000000000000000e+02
1.337000000000000000e+03 2.410000000000000000e+02 3.750000000000000000e+02 1.400000000000000000e+03 9.750000000000000000e+02
1.379000000000000000e+03 2.480000000000000000e+02 4.500000000000000000e+02 1.400000000000000000e+03 9.750000000000000000e+02
1.421000000000000000e+03 2.540000000000000000e+02 5.250000000000000000e+02 1.400000000000000000e+03 9.750000000000000000e+02
1.464000000000000000e+03 2.610000000000000000e+02 6.000000000000000000e+02 1.400000000000000000e+03 9.750000000000000000e+02
1.506000000000000000e+03 2.680000000000000000e+02 6.750000000000000000e+02 1.400000000000000000e+03 9.750000000000000000e+02
1.549000000000000000e+03 2.750000000000000000e+02 7.500000000000000000e+02 1.400000000000000000e+03 9.750000000000000000e+02
1.593000000000000000e+03 2.820000000000000000e+02 8.250000000000000000e+02 1.400000000000000000e+03 9.750000000000000000e+02
1.636000000000000000e+03 2.890000000000000000e+02 9.000000000000000000e+02 1.400000000000000000e+03 9.750000000000000000e+02
1.680000000000000000e+03 2.970000000000000000e+02 9.750000000000000000e+02 1.400000000000000000e+03 9.750000000000000000e+02
1.724000000000000000e+03 3.040000000000000000e+02 1.050000000000000000e+03 1.400000000000000000e+03 9.750000000000000000e+02
1.769000000000000000e+03 3.110000000000000000e+02 1.125000000000000000e+03 1.400000000000000000e+03 9.750000000000000000e+02
1.813000000000000000e+03 3.180000000000000000e+02 1.200000000000000000e+03 1.400000000000000000e+03 9.750000000000000000e+02
1.858000000000000000e+03 3.260000000000000000e+02 1.275000000000000000e+03 1.400000000000000000e+03 9.750000000000000000e+02
1.904000000000000000e+03 3.330000000000000000e+02 1.350000000000000000e+03 1.400000000000000000e+03 9.750000000000000000e+02
1.949000000000000000e+03 3.400000000000000000e+02 1.425000000000000000e+03 1.400000000000000000e+03 9.750000000000000000e+02
1.995000000000000000e+03 3.480000000000000000e+02 1.500000000000000000e+03 1.400000000000000000e+03 9.750000000000000000e+02
2.041000000000000000e+03 3.550000000000000000e+02 1.575000000000000000e+03 1.400000000000000000e+03 9.750000000000000000e+02
2.088000000000000000e+03 3.630000000000000000e+02 1.650000000000000000e+03 1.400000000000000000e+03 9.750000000000000000e+02
2.134000000000000000e+03 3.710000000000000000e+02 1.725000000000000000e+03 1.400000000000000000e+03 9.750000000000000000e+02
2.182000000000000000e+03 3.780000000000000000e+02 1.800000000000000000e+03 1.400000000000000000e+03 9.750000000000000000e+02
1.132000000000000000e+03 1.640000000000000000e+02 0.000000000000000000e+00 1.400000000000000000e+03 1.050000000000000000e+03
1.173000000000000000e+03 1.710000000000000000e+02 7.500000000000000000e+01 1.400000000000000000e+03 1.050000000000000000e+03
1.214000000000000000e+03 1.770000000000000000e+02 1.500000000000000000e+02 1.400000000000000000e+03 1.050000000000000000e+03
1.255000000000000000e+03 1.840000000000000000e+02 2.250000000000000000e+02 1.400000000000000000e+03 1.050000000000000000e+03
1.296000000000000000e+03 1.900000000000000000e+02 3.000000000000000000e+02 1.400000000000000000e+03 1.050000000000000000e+03
1.338000000000000000e+03 1.970000000000000000e+02 3.750000000000000000e+02 1.400000000000000000e+03 1.050000000000000000e+03
1.380000000000000000e+03 2.040000000000000000e+02 4.500000000000000000e+02 1.400000000000000000e+03 1.050000000000000000e+03
1.422000000000000000e+03 2.110000000000000000e+02 5.250000000000000000e+02 1.400000000000000000e+03 1.050000000000000000e+03
1.465000000000000000e+03 2.170000000000000000e+02 6.000000000000000000e+02 1.400000000000000000e+03 1.050000000000000000e+03
1.507000000000000000e+03 2.240000000000000000e+02 6.750000000000000000e+02 1.400000000000000000e+03 1.050000000000000000e+03
1.550000000000000000e+03 2.310000000000000000e+02 7.500000000000000000e+02 1.400000000000000000e+03 1.050000000000000000e+03
1.594000000000000000e+03 2.380000000000000000e+02 8.250000000000000000e+02 1.400000000000000000e+03 1.050000000000000000e+03
1.638000000000000000e+03 2.450000000000000000e+02 9.000000000000000000e+02 1.400000000000000000e+03 1.050000000000000000e+03
1.682000000000000000e+03 2.520000000000000000e+02 9.750000000000000000e+02 1.400000000000000000e+03 1.050000000000000000e+03
1.726000000000000000e+03 2.590000000000000000e+02 1.050000000000000000e+03 1.400000000000000000e+03 1.050000000000000000e+03
1.771000000000000000e+03 2.660000000000000000e+02 1.125000000000000000e+03 1.400000000000000000e+03 1.050000000000000000e+03
1.816000000000000000e+03 2.730000000000000000e+02 1.200000000000000000e+03 1.400000000000000000e+03 1.050000000000000000e+03
1.861000000000000000e+03 2.810000000000000000e+02 1.275000000000000000e+03 1.400000000000000000e+03 1.050000000000000000e+03
1.906000000000000000e+03 2.880000000000000000e+02 1.350000000000000000e+03 1.400000000000000000e+03 1.050000000000000000e+03
1.952000000000000000e+03 2.950000000000000000e+02 1.425000000000000000e+03 1.400000000000000000e+03 1.050000000000000000e+03
1.998000000000000000e+03 3.030000000000000000e+02 1.500000000000000000e+03 1.400000000000000000e+03 1.050000000000000000e+03
2.044000000000000000e+03 3.100000000000000000e+02 1.575000000000000000e+03 1.400000000000000000e+03 1.050000000000000000e+03
2.091000000000000000e+03 3.170000000000000000e+02 1.650000000000000000e+03 1.400000000000000000e+03 1.050000000000000000e+03
2.138000000000000000e+03 3.250000000000000000e+02 1.725000000000000000e+03 1.400000000000000000e+03 1.050000000000000000e+03
2.186000000000000000e+03 3.330000000000000000e+02 1.800000000000000000e+03 1.400000000000000000e+03 1.050000000000000000e+03
1.132000000000000000e+03 1.210000000000000000e+02 0.000000000000000000e+00 1.400000000000000000e+03 1.125000000000000000e+03
1.172000000000000000e+03 1.270000000000000000e+02 7.500000000000000000e+01 1.400000000000000000e+03 1.125000000000000000e+03
1.213000000000000000e+03 1.340000000000000000e+02 1.500000000000000000e+02 1.400000000000000000e+03 1.125000000000000000e+03
1.255000000000000000e+03 1.400000000000000000e+02 2.250000000000000000e+02 1.400000000000000000e+03 1.125000000000000000e+03
1.296000000000000000e+03 1.470000000000000000e+02 3.000000000000000000e+02 1.400000000000000000e+03 1.125000000000000000e+03
1.338000000000000000e+03 1.530000000000000000e+02 3.750000000000000000e+02 1.400000000000000000e+03 1.125000000000000000e+03
1.380000000000000000e+03 1.600000000000000000e+02 4.500000000000000000e+02 1.400000000000000000e+03 1.125000000000000000e+03
1.423000000000000000e+03 1.660000000000000000e+02 5.250000000000000000e+02 1.400000000000000000e+03 1.125000000000000000e+03
1.465000000000000000e+03 1.730000000000000000e+02 6.000000000000000000e+02 1.400000000000000000e+03 1.125000000000000000e+03
1.508000000000000000e+03 1.800000000000000000e+02 6.750000000000000000e+02 1.400000000000000000e+03 1.125000000000000000e+03
1.552000000000000000e+03 1.870000000000000000e+02 7.500000000000000000e+02 1.400000000000000000e+03 1.125000000000000000e+03
1.595000000000000000e+03 1.930000000000000000e+02 8.250000000000000000e+02 1.400000000000000000e+03 1.125000000000000000e+03
1.639000000000000000e+03 2.000000000000000000e+02 9.000000000000000000e+02 1.400000000000000000e+03 1.125000000000000000e+03
1.683000000000000000e+03 2.070000000000000000e+02 9.750000000000000000e+02 1.400000000000000000e+03 1.125000000000000000e+03
1.728000000000000000e+03 2.140000000000000000e+02 1.050000000000000000e+03 1.400000000000000000e+03 1.125000000000000000e+03
1.773000000000000000e+03 2.210000000000000000e+02 1.125000000000000000e+03 1.400000000000000000e+03 1.125000000000000000e+03
1.818000000000000000e+03 2.280000000000000000e+02 1.200000000000000000e+03 1.400000000000000000e+03 1.125000000000000000e+03
1.863000000000000000e+03 2.350000000000000000e+02 1.275000000000000000e+03 1.400000000000000000e+03 1.125000000000000000e+03
1.909000000000000000e+03 2.420000000000000000e+02 1.350000000000000000e+03 1.400000000000000000e+03 1.125000000000000000e+03
1.955000000000000000e+03 2.500000000000000000e+02 1.425000000000000000e+03 1.400000000000000000e+03 1.125000000000000000e+03
2.001000000000000000e+03 2.570000000000000000e+02 1.500000000000000000e+03 1.400000000000000000e+03 1.125000000000000000e+03
2.048000000000000000e+03 2.640000000000000000e+02 1.575000000000000000e+03 1.400000000000000000e+03 1.125000000000000000e+03
2.095000000000000000e+03 2.710000000000000000e+02 1.650000000000000000e+03 1.400000000000000000e+03 1.125000000000000000e+03
2.142000000000000000e+03 2.790000000000000000e+02 1.725000000000000000e+03 1.400000000000000000e+03 1.125000000000000000e+03
2.190000000000000000e+03 2.860000000000000000e+02 1.800000000000000000e+03 1.400000000000000000e+03 1.125000000000000000e+03
1.131000000000000000e+03 7.700000000000000000e+01 0.000000000000000000e+00 1.400000000000000000e+03 1.200000000000000000e+03
1.172000000000000000e+03 8.400000000000000000e+01 7.500000000000000000e+01 1.400000000000000000e+03 1.200000000000000000e+03
1.213000000000000000e+03 9.000000000000000000e+01 1.500000000000000000e+02 1.400000000000000000e+03 1.200000000000000000e+03
1.254000000000000000e+03 9.600000000000000000e+01 2.250000000000000000e+02 1.400000000000000000e+03 1.200000000000000000e+03
1.296000000000000000e+03 1.020000000000000000e+02 3.000000000000000000e+02 1.400000000000000000e+03 1.200000000000000000e+03
1.338000000000000000e+03 1.090000000000000000e+02 3.750000000000000000e+02 1.400000000000000000e+03 1.200000000000000000e+03
1.381000000000000000e+03 1.150000000000000000e+02 4.500000000000000000e+02 1.400000000000000000e+03 1.200000000000000000e+03
1.423000000000000000e+03 1.220000000000000000e+02 5.250000000000000000e+02 1.400000000000000000e+03 1.200000000000000000e+03
1.466000000000000000e+03 1.280000000000000000e+02 6.000000000000000000e+02 1.400000000000000000e+03 1.200000000000000000e+03
1.509000000000000000e+03 1.350000000000000000e+02 6.750000000000000000e+02 1.400000000000000000e+03 1.200000000000000000e+03
1.553000000000000000e+03 1.420000000000000000e+02 7.500000000000000000e+02 1.400000000000000000e+03 1.200000000000000000e+03
1.597000000000000000e+03 1.480000000000000000e+02 8.250000000000000000e+02 1.400000000000000000e+03 1.200000000000000000e+03
1.641000000000000000e+03 1.550000000000000000e+02 9.000000000000000000e+02 1.400000000000000000e+03 1.200000000000000000e+03
1.685000000000000000e+03 1.620000000000000000e+02 9.750000000000000000e+02 1.400000000000000000e+03 1.200000000000000000e+03
1.730000000000000000e+03 1.690000000000000000e+02 1.050000000000000000e+03 1.400000000000000000e+03 1.200000000000000000e+03
1.775000000000000000e+03 1.750000000000000000e+02 1.125000000000000000e+03 1.400000000000000000e+03 1.200000000000000000e+03
1.820000000000000000e+03 1.820000000000000000e+02 1.200000000000000000e+03 1.400000000000000000e+03 1.200000000000000000e+03
1.866000000000000000e+03 1.890000000000000000e+02 1.275000000000000000e+03 1.400000000000000000e+03 1.200000000000000000e+03
1.912000000000000000e+03 1.960000000000000000e+02 1.350000000000000000e+03 1.400000000000000000e+03 1.200000000000000000e+03
1.958000000000000000e+03 2.030000000000000000e+02 1.425000000000000000e+03 1.400000000000000000e+03 1.200000000000000000e+03
2.004000000000000000e+03 2.110000000000000000e+02 1.500000000000000000e+03 1.400000000000000000e+03 1.200000000000000000e+03
2.051000000000000000e+03 2.180000000000000000e+02 1.575000000000000000e+03 1.400000000000000000e+03 1.200000000000000000e+03
2.098000000000000000e+03 2.250000000000000000e+02 1.650000000000000000e+03 1.400000000000000000e+03 1.200000000000000000e+03
2.146000000000000000e+03 2.320000000000000000e+02 1.725000000000000000e+03 1.400000000000000000e+03 1.200000000000000000e+03
2.194000000000000000e+03 2.400000000000000000e+02 1.800000000000000000e+03 1.400000000000000000e+03 1.200000000000000000e+03
1.130000000000000000e+03 3.400000000000000000e+01 0.000000000000000000e+00 1.400000000000000000e+03 1.275000000000000000e+03
1.171000000000000000e+03 4.000000000000000000e+01 7.500000000000000000e+01 1.400000000000000000e+03 1.275000000000000000e+03
1.213000000000000000e+03 4.600000000000000000e+01 1.500000000000000000e+02 1.400000000000000000e+03 1.275000000000000000e+03
1.254000000000000000e+03 5.200000000000000000e+01 2.250000000000000000e+02 1.400000000000000000e+03 1.275000000000000000e+03
1.296000000000000000e+03 5.800000000000000000e+01 3.000000000000000000e+02 1.400000000000000000e+03 1.275000000000000000e+03
1.338000000000000000e+03 6.400000000000000000e+01 3.750000000000000000e+02 1.400000000000000000e+03 1.275000000000000000e+03
1.381000000000000000e+03 7.100000000000000000e+01 4.500000000000000000e+02 1.400000000000000000e+03 1.275000000000000000e+03
1.424000000000000000e+03 7.700000000000000000e+01 5.250000000000000000e+02 1.400000000000000000e+03 1.275000000000000000e+03
1.467000000000000000e+03 8.300000000000000000e+01 6.000000000000000000e+02 1.400000000000000000e+03 1.275000000000000000e+03
1.510000000000000000e+03 9.000000000000000000e+01 6.750000000000000000e+02 1.400000000000000000e+03 1.275000000000000000e+03
1.554000000000000000e+03 9.600000000000000000e+01 7.500000000000000000e+02 1.400000000000000000e+03 1.275000000000000000e+03
1.598000000000000000e+03 1.030000000000000000e+02 8.250000000000000000e+02 1.400000000000000000e+03 1.275000000000000000e+03
1.642000000000000000e+03 1.090000000000000000e+02 9.000000000000000000e+02 1.400000000000000000e+03 1.275000000000000000e+03
1.687000000000000000e+03 1.160000000000000000e+02 9.750000000000000000e+02 1.400000000000000000e+03 1.275000000000000000e+03
1.732000000000000000e+03 1.230000000000000000e+02 1.050000000000000000e+03 1.400000000000000000e+03 1.275000000000000000e+03
1.777000000000000000e+03 1.300000000000000000e+02 1.125000000000000000e+03 1.400000000000000000e+03 1.275000000000000000e+03
1.823000000000000000e+03 1.360000000000000000e+02 1.200000000000000000e+03 1.400000000000000000e+03 1.275000000000000000e+03
1.868000000000000000e+03 1.430000000000000000e+02 1.275000000000000000e+03 1.400000000000000000e+03 1.275000000000000000e+03
1.914000000000000000e+03 1.500000000000000000e+02 1.350000000000000000e+03 1.400000000000000000e+03 1.275000000000000000e+03
1.961000000000000000e+03 1.570000000000000000e+02 1.425000000000000000e+03 1.400000000000000000e+03 1.275000000000000000e+03
2.007000000000000000e+03 1.640000000000000000e+02 1.500000000000000000e+03 1.400000000000000000e+03 1.275000000000000000e+03
2.054000000000000000e+03 1.710000000000000000e+02 1.575000000000000000e+03 1.400000000000000000e+03 1.275000000000000000e+03
2.102000000000000000e+03 1.780000000000000000e+02 1.650000000000000000e+03 1.400000000000000000e+03 1.275000000000000000e+03
2.149000000000000000e+03 1.850000000000000000e+02 1.725000000000000000e+03 1.400000000000000000e+03 1.275000000000000000e+03
2.198000000000000000e+03 1.920000000000000000e+02 1.800000000000000000e+03 1.400000000000000000e+03 1.275000000000000000e+03
